商品编码,商品名称,贸易伙伴编码,贸易伙伴名称,第一数量,第一计量单位,第二数量,第二计量单位,美元
1012900,其他马，改良种用除外,309,荷兰,10500,千克,21,头,554573
1022900,其他家牛，改良种用除...,444,乌拉圭,2938287,千克,10923,头,20535120
1061990,"未列名哺乳动物,改良...",301,比利时,1,千克,4,只,2184
1061990,"未列名哺乳动物,改良...",305,法国,135,千克,675,只,47712
1064990,"其他昆虫,改良种用除...",305,法国,0,千克,720,只,668
1064990,"其他昆虫,改良种用除...",315,奥地利,0,千克,661,只,990
2013000,鲜或冷的去骨牛肉,309,荷兰,603,千克,0,—,13025
2013000,鲜或冷的去骨牛肉,444,乌拉圭,344528,千克,0,—,1927591
2022000,冻带骨牛肉,244,南非,409127,千克,0,—,859804
2022000,冻带骨牛肉,321,匈牙利,4306,千克,0,—,11650
2022000,冻带骨牛肉,336,立陶宛,25194,千克,0,—,67014
2022000,冻带骨牛肉,340,白俄罗斯,987618,千克,0,—,2585017
2022000,冻带骨牛肉,415,哥斯达黎加,629631,千克,0,—,1603123
2022000,冻带骨牛肉,444,乌拉圭,10967670,千克,0,—,28498939
2023000,冻去骨牛肉,244,南非,493938,千克,0,—,2263526
2023000,冻去骨牛肉,305,法国,96488,千克,0,—,453440
2023000,冻去骨牛肉,309,荷兰,25074,千克,0,—,160727
2023000,冻去骨牛肉,321,匈牙利,68847,千克,0,—,312429
2023000,冻去骨牛肉,336,立陶宛,75674,千克,0,—,359646
2023000,冻去骨牛肉,340,白俄罗斯,582613,千克,0,—,2718769
2023000,冻去骨牛肉,408,玻利维亚,1191844,千克,0,—,6137019
2023000,冻去骨牛肉,410,巴西,57043329,千克,0,—,291376520
2023000,冻去骨牛肉,415,哥斯达黎加,648107,千克,0,—,3588771
2023000,冻去骨牛肉,444,乌拉圭,10669532,千克,0,—,55952726
2023000,冻去骨牛肉,501,加拿大,1728347,千克,0,—,13729757
2031200,鲜或冷的带骨猪前腿、...,501,加拿大,12974,千克,0,—,46197
2031900,其他鲜或冷的猪肉,501,加拿大,167930,千克,0,—,586146
2032190,其他冻整头及半头猪肉,305,法国,48070,千克,0,—,121941
2032190,其他冻整头及半头猪肉,312,西班牙,124897,千克,0,—,279697
2032200,冻带骨猪前腿、猪后腿...,305,法国,2961097,千克,0,—,8189221
2032200,冻带骨猪前腿、猪后腿...,306,爱尔兰,1746104,千克,0,—,4972410
2032200,冻带骨猪前腿、猪后腿...,309,荷兰,11322869,千克,0,—,32475438
2032200,冻带骨猪前腿、猪后腿...,312,西班牙,24717867,千克,0,—,71689832
2032200,冻带骨猪前腿、猪后腿...,315,奥地利,2143587,千克,0,—,6204293
2032200,冻带骨猪前腿、猪后腿...,318,芬兰,906295,千克,0,—,2297196
2032200,冻带骨猪前腿、猪后腿...,410,巴西,869123,千克,0,—,2251781
2032200,冻带骨猪前腿、猪后腿...,429,墨西哥,2480028,千克,0,—,7013571
2032200,冻带骨猪前腿、猪后腿...,501,加拿大,9425480,千克,0,—,26531602
2032900,其他冻猪肉,305,法国,11126348,千克,0,—,38481476
2032900,其他冻猪肉,306,爱尔兰,3815494,千克,0,—,11063422
2032900,其他冻猪肉,307,意大利,1754540,千克,0,—,7155567
2032900,其他冻猪肉,309,荷兰,17297556,千克,0,—,57053631
2032900,其他冻猪肉,312,西班牙,62648309,千克,0,—,204220173
2032900,其他冻猪肉,315,奥地利,3750517,千克,0,—,11148282
2032900,其他冻猪肉,318,芬兰,1211543,千克,0,—,3225673
2032900,其他冻猪肉,410,巴西,42523918,千克,0,—,144569662
2032900,其他冻猪肉,429,墨西哥,3259441,千克,0,—,9086793
2032900,其他冻猪肉,501,加拿大,9922606,千克,0,—,28222200
2043000,冻整头及半头羔羊肉,444,乌拉圭,1086240,千克,0,—,5936035
2044100,冻整头及半头绵羊肉,444,乌拉圭,159860,千克,0,—,809266
2044200,冻带骨绵羊肉,444,乌拉圭,436262,千克,0,—,2242391
2044300,冻去骨绵羊肉,444,乌拉圭,11997,千克,0,—,40390
2050000,鲜、冷、冻的马、驴、...,124,蒙古,1550000,千克,0,—,3162546
2050000,鲜、冷、冻的马、驴、...,410,巴西,27771,千克,0,—,72204
2062900,其他冻牛杂碎,415,哥斯达黎加,69977,千克,0,—,343531
2062900,其他冻牛杂碎,444,乌拉圭,767639,千克,0,—,3616896
2064100,冻猪肝,305,法国,98990,千克,0,—,117225
2064100,冻猪肝,306,爱尔兰,7540,千克,0,—,7540
2064100,冻猪肝,309,荷兰,295150,千克,0,—,320120
2064100,冻猪肝,312,西班牙,1163300,千克,0,—,1280625
2064900,其他冻猪杂碎,305,法国,7622012,千克,0,—,20950295
2064900,其他冻猪杂碎,306,爱尔兰,2305028,千克,0,—,5514371
2064900,其他冻猪杂碎,307,意大利,972673,千克,0,—,2787654
2064900,其他冻猪杂碎,309,荷兰,10194414,千克,0,—,26980954
2064900,其他冻猪杂碎,312,西班牙,21996819,千克,0,—,58385017
2064900,其他冻猪杂碎,318,芬兰,629816,千克,0,—,1468814
2064900,其他冻猪杂碎,410,巴西,1107150,千克,0,—,3175771
2064900,其他冻猪杂碎,429,墨西哥,391378,千克,0,—,1390808
2064900,其他冻猪杂碎,501,加拿大,3314862,千克,0,—,8461585
2069000,其他冻杂碎（牛、猪杂...,444,乌拉圭,4366,千克,0,—,16500
2071411,带骨的冻鸡块,410,巴西,14117574,千克,0,—,16971647
2071419,其他冻鸡块,410,巴西,751164,千克,0,—,1369572
2071421,冻鸡翼（不包括翼尖）,340,白俄罗斯,769073,千克,0,—,2694606
2071421,冻鸡翼（不包括翼尖）,410,巴西,9698209,千克,0,—,33809632
2071422,冻鸡爪,137,土耳其,609504,千克,0,—,1015845
2071422,冻鸡爪,340,白俄罗斯,1623078,千克,0,—,3764543
2071422,冻鸡爪,410,巴西,9824715,千克,0,—,21837839
2071429,其他冻鸡杂碎,137,土耳其,52000,千克,0,—,43700
2071429,其他冻鸡杂碎,340,白俄罗斯,26895,千克,0,—,15645
2071429,其他冻鸡杂碎,410,巴西,4145568,千克,0,—,4622158
2091000,未炼制或用其他方法提...,305,法国,1128051,千克,0,—,2525494
2091000,未炼制或用其他方法提...,306,爱尔兰,470575,千克,0,—,827212
2091000,未炼制或用其他方法提...,307,意大利,1140757,千克,0,—,2559264
2091000,未炼制或用其他方法提...,309,荷兰,1526354,千克,0,—,3129493
2091000,未炼制或用其他方法提...,312,西班牙,7015494,千克,0,—,15502782
2091000,未炼制或用其他方法提...,315,奥地利,311356,千克,0,—,632088
2091000,未炼制或用其他方法提...,318,芬兰,77954,千克,0,—,161281
2091000,未炼制或用其他方法提...,410,巴西,276400,千克,0,—,630913
2091000,未炼制或用其他方法提...,429,墨西哥,803159,千克,0,—,1595589
2091000,未炼制或用其他方法提...,501,加拿大,1274896,千克,0,—,2868577
2101110,干、熏、盐腌或盐渍带...,312,西班牙,16717,千克,0,—,744308
2101190,干、熏、盐腌或盐渍其...,312,西班牙,788,千克,0,—,19370
2101900,其他干、熏、盐腌或盐...,307,意大利,42818,千克,0,—,666445
2101900,其他干、熏、盐腌或盐...,312,西班牙,58872,千克,0,—,1498127
3011100,淡水观赏鱼,410,巴西,207,千克,0,—,37429
3011900,其他观赏鱼,123,马尔代夫,19,千克,0,—,3753
3011900,其他观赏鱼,129,菲律宾,21,千克,0,—,9016
3019999,其他活鱼,129,菲律宾,696326,千克,0,—,4275780
3021100,鲜或冷的鳟鱼,326,挪威,132,千克,0,—,1295
3021410,鲜或冷的大西洋鲑鱼,326,挪威,2792169,千克,0,—,28341039
3021410,鲜或冷的大西洋鲑鱼,357,法罗群岛,684640,千克,0,—,7092726
3023510,鲜或冷的大西洋蓝鳍金...,312,西班牙,798,千克,0,—,19314
3028990,其他鲜或冷的鱼,129,菲律宾,130788,千克,0,—,1235730
3031400,冻鳟鱼,326,挪威,34752,千克,0,—,236708
3031900,其他冻鲑科鱼,501,加拿大,19584,千克,0,—,78336
3033110,冻马舌鲽(格陵兰庸鲽...,312,西班牙,232870,千克,0,—,1147858
3033110,冻马舌鲽(格陵兰庸鲽...,326,挪威,138947,千克,0,—,577221
3033110,冻马舌鲽(格陵兰庸鲽...,357,法罗群岛,99572,千克,0,—,420187
3033110,冻马舌鲽(格陵兰庸鲽...,501,加拿大,314467,千克,0,—,1687964
3033110,冻马舌鲽(格陵兰庸鲽...,503,格陵兰,802925,千克,0,—,4139280
3033300,冻鳎鱼,127,巴基斯坦,18500,千克,0,—,38044
3033900,其他冻比目鱼,127,巴基斯坦,643096,千克,0,—,1158437
3033900,其他冻比目鱼,501,加拿大,48105,千克,0,—,80759
3035100,冻鲱鱼,309,荷兰,735563,千克,0,—,736659
3035100,冻鲱鱼,326,挪威,80,千克,0,—,109
3035100,冻鲱鱼,501,加拿大,200773,千克,0,—,411803
3035300,冻的沙丁鱼、小沙丁鱼...,127,巴基斯坦,204620,千克,0,—,96804
3035400,冻鲭鱼,306,爱尔兰,1478000,千克,0,—,2804449
3035400,冻鲭鱼,326,挪威,1320780,千克,0,—,2617295
3035400,冻鲭鱼,503,格陵兰,25000,千克,0,—,35254
3035500,冻的对称竹荚鱼、新西...,306,爱尔兰,100000,千克,0,—,180540
3035500,冻的对称竹荚鱼、新西...,309,荷兰,210000,千克,0,—,245120
3035500,冻的对称竹荚鱼、新西...,326,挪威,13420,千克,0,—,23485
3035990,冻鳀鱼(鳀属）、冻印...,127,巴基斯坦,22268,千克,0,—,49162
3035990,冻鳀鱼(鳀属）、冻印...,326,挪威,3985850,千克,0,—,9880675
3035990,冻鳀鱼(鳀属）、冻印...,357,法罗群岛,549000,千克,0,—,1675262
3036300,冻鳕鱼,326,挪威,2157921,千克,0,—,8065897
3036300,冻鳕鱼,503,格陵兰,765893,千克,0,—,2856975
3036400,冻黑线鳕鱼,326,挪威,3160875,千克,0,—,9399261
3036400,冻黑线鳕鱼,357,法罗群岛,57519,千克,0,—,157895
3036500,冻绿青鳕鱼,326,挪威,674704,千克,0,—,2889277
3036600,冻狗鳕鱼,501,加拿大,420841,千克,0,—,561051
3036800,冻蓝鳕鱼,305,法国,309342,千克,0,—,220291
3036800,冻蓝鳕鱼,306,爱尔兰,500000,千克,0,—,391170
3036800,冻蓝鳕鱼,309,荷兰,51646,千克,0,—,36778
3036800,冻蓝鳕鱼,357,法罗群岛,389330,千克,0,—,277898
3038300,冻南极犬牙鱼,305,法国,327434,千克,0,—,6035230
3038300,冻南极犬牙鱼,312,西班牙,2972,千克,0,—,46208
3038910,冻带鱼,127,巴基斯坦,53000,千克,0,—,84028
3038910,冻带鱼,129,菲律宾,17220,千克,0,—,69087
3038910,冻带鱼,410,巴西,52000,千克,0,—,130311
3038990,未列名冻鱼,127,巴基斯坦,1350485,千克,0,—,2087892
3038990,未列名冻鱼,129,菲律宾,11475,千克,0,—,19414
3038990,未列名冻鱼,326,挪威,1695133,千克,0,—,2958411
3038990,未列名冻鱼,410,巴西,101640,千克,0,—,222190
3038990,未列名冻鱼,429,墨西哥,115695,千克,0,—,107269
3038990,未列名冻鱼,444,乌拉圭,164420,千克,0,—,193709
3038990,未列名冻鱼,501,加拿大,78278,千克,0,—,105361
3038990,未列名冻鱼,503,格陵兰,74615,千克,0,—,235287
3039200,冻鲨鱼翅,312,西班牙,68664,千克,0,—,838759
3039900,其他冻的可食用鱼杂碎,312,西班牙,127502,千克,0,—,480871
3039900,其他冻的可食用鱼杂碎,326,挪威,712354,千克,0,—,1352422
3039900,其他冻的可食用鱼杂碎,357,法罗群岛,16470,千克,0,—,52971
3039900,其他冻的可食用鱼杂碎,501,加拿大,118955,千克,0,—,460530
3039900,其他冻的可食用鱼杂碎,503,格陵兰,136914,千克,0,—,499108
3044100,鲜或冷的大麻哈鱼、大...,326,挪威,4014,千克,0,—,59368
3044900,其他鲜或冷的鱼片,326,挪威,1271,千克,0,—,18749
3045900,其他鲜或冷的鱼肉,312,西班牙,23,千克,0,—,1394
3048300,冻比目鱼鱼片,501,加拿大,6555,千克,0,—,19724
3048300,冻比目鱼鱼片,503,格陵兰,27360,千克,0,—,244117
3048600,冻鲱鱼鱼片,305,法国,1189,千克,0,—,20076
3048700,冻的金枪鱼、鲣鱼或狐...,312,西班牙,16362,千克,0,—,524402
3048900,其他冻鱼片,305,法国,610,千克,0,—,11919
3049900,其他冻鱼肉,127,巴基斯坦,26500,千克,0,—,69106
3049900,其他冻鱼肉,137,土耳其,7349,千克,0,—,238646
3049900,其他冻鱼肉,312,西班牙,2454,千克,0,—,80049
3049900,其他冻鱼肉,503,格陵兰,7600,千克,0,—,38114
3051000,适合供人食用的鱼的细...,326,挪威,1000,千克,0,—,38427
3052000,干、熏、盐腌或盐渍的...,501,加拿大,13651,千克,0,—,81906
3056200,盐腌及盐渍的鳕鱼,326,挪威,24732,千克,0,—,28527
3057100,鲨鱼翅,127,巴基斯坦,7612,千克,0,—,61933
3057100,鲨鱼翅,312,西班牙,4152,千克,0,—,83036
3057200,鱼头、鱼尾、鱼鳔,410,巴西,2025,千克,0,—,410190
3057900,其他鱼鳍及其他可食用...,326,挪威,138948,千克,0,—,167236
3061100,冻的岩礁虾和其他龙虾,233,莫桑比克,20838,千克,0,—,436231
3061100,冻的岩礁虾和其他龙虾,244,南非,12360,千克,0,—,218913
3061410,冻梭子蟹,127,巴基斯坦,202048,千克,0,—,327130
3061490,其他冻蟹,306,爱尔兰,15,千克,0,—,291
3061490,其他冻蟹,326,挪威,100343,千克,0,—,1525751
3061490,其他冻蟹,501,加拿大,171629,千克,0,—,2108452
3061490,其他冻蟹,503,格陵兰,3080,千克,0,—,60638
3061500,冻挪威海鳌虾,306,爱尔兰,22956,千克,0,—,264187
3061611,冻冷水小虾仁,326,挪威,20160,千克,0,—,229824
3061611,冻冷水小虾仁,501,加拿大,910,千克,0,—,12183
3061612,其他冻北方长额小虾,326,挪威,21045,千克,0,—,92598
3061612,其他冻北方长额小虾,501,加拿大,1097878,千克,0,—,4919708
3061612,其他冻北方长额小虾,503,格陵兰,601575,千克,0,—,2618484
3061711,其他冻小虾仁,127,巴基斯坦,230368,千克,0,—,1160709
3061721,其他冻对虾仁,127,巴基斯坦,82208,千克,0,—,402191
3061729,其他冻对虾,501,加拿大,21144,千克,0,—,500946
3063190,活、鲜或冷的岩礁虾和...,127,巴基斯坦,2486,千克,0,—,78858
3063190,活、鲜或冷的岩礁虾和...,129,菲律宾,7878,千克,0,—,329748
3063190,活、鲜或冷的岩礁虾和...,220,加纳,7871,千克,0,—,157886
3063190,活、鲜或冷的岩礁虾和...,227,马达加斯加,2893,千克,0,—,92785
3063190,活、鲜或冷的岩礁虾和...,233,莫桑比克,5221,千克,0,—,197121
3063190,活、鲜或冷的岩礁虾和...,244,南非,90258,千克,0,—,4007942
3063190,活、鲜或冷的岩礁虾和...,305,法国,2500,千克,0,—,147048
3063190,活、鲜或冷的岩礁虾和...,410,巴西,9413,千克,0,—,526141
3063190,活、鲜或冷的岩礁虾和...,429,墨西哥,14072,千克,0,—,1185193
3063290,活、鲜或冷的鳌龙虾，...,306,爱尔兰,391,千克,0,—,12641
3063290,活、鲜或冷的鳌龙虾，...,309,荷兰,338,千克,0,—,12208
3063290,活、鲜或冷的鳌龙虾，...,326,挪威,251,千克,0,—,11158
3063290,活、鲜或冷的鳌龙虾，...,501,加拿大,1853610,千克,0,—,43988379
3063392,活、鲜或冷的梭子蟹，...,310,希腊,6285,千克,0,—,88877
3063399,其他活、鲜或冷的蟹，...,127,巴基斯坦,363947,千克,0,—,2554453
3063399,其他活、鲜或冷的蟹，...,129,菲律宾,90675,千克,0,—,920186
3063399,其他活、鲜或冷的蟹，...,224,肯尼亚,255,千克,0,—,1818
3063399,其他活、鲜或冷的蟹，...,227,马达加斯加,167568,千克,0,—,1141716
3063399,其他活、鲜或冷的蟹，...,233,莫桑比克,157828,千克,0,—,1139550
3063399,其他活、鲜或冷的蟹，...,309,荷兰,211644,千克,0,—,2842702
3063399,其他活、鲜或冷的蟹，...,310,希腊,448,千克,0,—,3594
3063399,其他活、鲜或冷的蟹，...,326,挪威,11091,千克,0,—,538842
3063399,其他活、鲜或冷的蟹，...,501,加拿大,330054,千克,0,—,6840429
3063490,其他活、鲜或冷的挪威...,326,挪威,207,千克,0,—,8799
3063590,活的冷水对虾及活、鲜...,501,加拿大,4198,千克,0,—,141992
3063690,其他活的对虾及活、鲜...,129,菲律宾,1,千克,0,—,421
3063690,其他活的对虾及活、鲜...,501,加拿大,93,千克,0,—,4827
3063990,未列名活、鲜或冷的甲...,220,加纳,40,千克,0,—,722
3069900,本品目所列其他方法加...,326,挪威,200,千克,0,—,6620
3071190,活、鲜或冷的牡蛎，种...,305,法国,134523,千克,0,—,1906807
3071190,活、鲜或冷的牡蛎，种...,306,爱尔兰,21925,千克,0,—,243162
3071190,活、鲜或冷的牡蛎，种...,501,加拿大,1165,千克,0,—,8762
3072190,活、鲜或冷的扇贝，种...,326,挪威,100,千克,0,—,1463
3072200,冻扇贝,501,加拿大,9083,千克,0,—,259955
3073190,活、鲜或冷的贻贝，种...,305,法国,376,千克,0,—,3216
3073190,活、鲜或冷的贻贝，种...,326,挪威,256,千克,0,—,2318
3074310,冻的墨鱼（乌贼属、巨...,127,巴基斯坦,941010,千克,0,—,1832951
3074310,冻的墨鱼（乌贼属、巨...,129,菲律宾,11490,千克,0,—,35632
3074390,其他冻的墨鱼及鱿鱼,127,巴基斯坦,234580,千克,0,—,304060
3074390,其他冻的墨鱼及鱿鱼,312,西班牙,77592,千克,0,—,177302
3074910,干、盐腌、盐渍或熏制...,127,巴基斯坦,64605,千克,0,—,116636
3075200,冻章鱼,127,巴基斯坦,238800,千克,0,—,421210
3075200,冻章鱼,312,西班牙,185,千克,0,—,2099
3077191,活、鲜或冷的蛤，种苗...,129,菲律宾,3202,千克,0,—,6460
3077199,活、鲜或冷的鸟蛤及舟...,127,巴基斯坦,20865,千克,0,—,62974
3077199,活、鲜或冷的鸟蛤及舟...,129,菲律宾,24,千克,0,—,48
3077199,活、鲜或冷的鸟蛤及舟...,501,加拿大,476,千克,0,—,5260
3077200,冻的蛤、鸟蛤及舟贝,127,巴基斯坦,48210,千克,0,—,46318
3077200,冻的蛤、鸟蛤及舟贝,501,加拿大,435107,千克,0,—,4570582
3078190,活、鲜或冷的鲍鱼，种...,244,南非,3291,千克,0,—,97874
3078300,冻鲍鱼,244,南非,1754,千克,0,—,178672
3078700,干、盐腌、盐渍或熏制...,244,南非,356,千克,0,—,132439
3079190,未列名活、鲜、冷的软...,429,墨西哥,245898,千克,0,—,3075226
3079190,未列名活、鲜、冷的软...,501,加拿大,57505,千克,0,—,1997953
3079200,未列名冻的软体动物,306,爱尔兰,22824,千克,0,—,86280
3079200,未列名冻的软体动物,429,墨西哥,19080,千克,0,—,68789
3079900,未列名干、盐腌、盐渍...,306,爱尔兰,9450,千克,0,—,37803
3081200,冻海参,501,加拿大,580232,千克,0,—,1814164
3081900,干、盐腌、盐渍或熏制...,137,土耳其,32520,千克,0,—,471540
3081900,干、盐腌、盐渍或熏制...,501,加拿大,769,千克,0,—,21877
3083090,冻、干、盐腌、盐渍或...,127,巴基斯坦,536310,千克,0,—,689458
3083090,冻、干、盐腌、盐渍或...,429,墨西哥,14950,千克,0,—,19493
4011000,未浓缩及未加糖或其他...,301,比利时,46175,千克,0,—,28440
4011000,未浓缩及未加糖或其他...,305,法国,306291,千克,0,—,605274
4011000,未浓缩及未加糖或其他...,306,爱尔兰,52543,千克,0,—,46001
4011000,未浓缩及未加糖或其他...,309,荷兰,115264,千克,0,—,97655
4011000,未浓缩及未加糖或其他...,312,西班牙,57541,千克,0,—,35891
4011000,未浓缩及未加糖或其他...,315,奥地利,1231181,千克,0,—,869827
4011000,未浓缩及未加糖或其他...,327,波兰,131371,千克,0,—,110556
4012000,未浓缩及未加糖或其他...,301,比利时,528798,千克,0,—,586721
4012000,未浓缩及未加糖或其他...,305,法国,688314,千克,0,—,1074932
4012000,未浓缩及未加糖或其他...,306,爱尔兰,354564,千克,0,—,317700
4012000,未浓缩及未加糖或其他...,307,意大利,89135,千克,0,—,80792
4012000,未浓缩及未加糖或其他...,309,荷兰,268859,千克,0,—,360902
4012000,未浓缩及未加糖或其他...,312,西班牙,81554,千克,0,—,57483
4012000,未浓缩及未加糖或其他...,315,奥地利,1980862,千克,0,—,1638206
4012000,未浓缩及未加糖或其他...,327,波兰,11404674,千克,0,—,7859917
4012000,未浓缩及未加糖或其他...,340,白俄罗斯,397975,千克,0,—,227680
4012000,未浓缩及未加糖或其他...,350,斯洛文尼亚,114255,千克,0,—,106807
4012000,未浓缩及未加糖或其他...,444,乌拉圭,96579,千克,0,—,63315
4015000,未浓缩及未加糖或其他...,301,比利时,1056257,千克,0,—,3249752
4015000,未浓缩及未加糖或其他...,305,法国,4906925,千克,0,—,17193927
4015000,未浓缩及未加糖或其他...,306,爱尔兰,983693,千克,0,—,3051342
4015000,未浓缩及未加糖或其他...,307,意大利,464482,千克,0,—,1377150
4015000,未浓缩及未加糖或其他...,309,荷兰,385345,千克,0,—,1502808
4015000,未浓缩及未加糖或其他...,310,希腊,1718,千克,0,—,10568
4015000,未浓缩及未加糖或其他...,312,西班牙,1701052,千克,0,—,5589450
4021000,粉状、粒状或其他固状...,137,土耳其,1525000,千克,0,—,4131488
4021000,粉状、粒状或其他固状...,305,法国,2102972,千克,0,—,6420603
4021000,粉状、粒状或其他固状...,306,爱尔兰,302430,千克,0,—,952243
4021000,粉状、粒状或其他固状...,309,荷兰,1140286,千克,0,—,4883869
4021000,粉状、粒状或其他固状...,310,希腊,2,千克,0,—,189
4021000,粉状、粒状或其他固状...,312,西班牙,65000,千克,0,—,466802
4021000,粉状、粒状或其他固状...,315,奥地利,71412,千克,0,—,463138
4021000,粉状、粒状或其他固状...,318,芬兰,2413000,千克,0,—,6519718
4021000,粉状、粒状或其他固状...,327,波兰,22,千克,0,—,602
4021000,粉状、粒状或其他固状...,340,白俄罗斯,3014953,千克,0,—,7865797
4021000,粉状、粒状或其他固状...,444,乌拉圭,100000,千克,0,—,240000
4022100,粉状、粒状或其他固状...,137,土耳其,200000,千克,0,—,730000
4022100,粉状、粒状或其他固状...,305,法国,201275,千克,0,—,802629
4022100,粉状、粒状或其他固状...,306,爱尔兰,529430,千克,0,—,1960627
4022100,粉状、粒状或其他固状...,309,荷兰,757102,千克,0,—,5772128
4022100,粉状、粒状或其他固状...,315,奥地利,72,千克,0,—,1130
4022100,粉状、粒状或其他固状...,340,白俄罗斯,1150000,千克,0,—,3468436
4022100,粉状、粒状或其他固状...,444,乌拉圭,1850000,千克,0,—,5911700
4022900,粉状、粒状或其他固状...,309,荷兰,40533,千克,0,—,328987
4022900,粉状、粒状或其他固状...,501,加拿大,112,千克,0,—,1517
4029100,非固状乳及稀奶油，未...,301,比利时,21420,千克,0,—,63589
4029100,非固状乳及稀奶油，未...,305,法国,47,千克,0,—,436
4029100,非固状乳及稀奶油，未...,307,意大利,280200,千克,0,—,826910
4029100,非固状乳及稀奶油，未...,309,荷兰,878592,千克,0,—,1615586
4029100,非固状乳及稀奶油，未...,315,奥地利,3,千克,0,—,21
4029100,非固状乳及稀奶油，未...,327,波兰,20,千克,0,—,134
4029100,非固状乳及稀奶油，未...,336,立陶宛,18106,千克,0,—,30360
4029100,非固状乳及稀奶油，未...,501,加拿大,11,千克,0,—,33
4029900,非固状乳及稀奶油，加...,137,土耳其,5,千克,0,—,35
4029900,非固状乳及稀奶油，加...,301,比利时,314739,千克,0,—,2316949
4029900,非固状乳及稀奶油，加...,305,法国,22836,千克,0,—,42578
4029900,非固状乳及稀奶油，加...,309,荷兰,227013,千克,0,—,464287
4029900,非固状乳及稀奶油，加...,310,希腊,2304,千克,0,—,12787
4029900,非固状乳及稀奶油，加...,312,西班牙,159,千克,0,—,388
4031000,酸乳,305,法国,5099,千克,0,—,28285
4031000,酸乳,307,意大利,500,千克,0,—,3240
4031000,酸乳,310,希腊,9253,千克,0,—,44451
4031000,酸乳,312,西班牙,11406,千克,0,—,19698
4031000,酸乳,315,奥地利,371990,千克,0,—,468102
4039000,稀'其他酪乳、结块的...,327,波兰,27000,千克,0,—,93031
4041000,乳清及改性乳清，不论...,137,土耳其,2652500,千克,0,—,3385462
4041000,乳清及改性乳清，不论...,305,法国,5858270,千克,0,—,9941065
4041000,乳清及改性乳清，不论...,306,爱尔兰,1074000,千克,0,—,1585864
4041000,乳清及改性乳清，不论...,307,意大利,293540,千克,0,—,1617600
4041000,乳清及改性乳清，不论...,309,荷兰,6976945,千克,0,—,10084537
4041000,乳清及改性乳清，不论...,310,希腊,45000,千克,0,—,315365
4041000,乳清及改性乳清，不论...,312,西班牙,586000,千克,0,—,1915094
4041000,乳清及改性乳清，不论...,315,奥地利,190800,千克,0,—,1530925
4041000,乳清及改性乳清，不论...,318,芬兰,960650,千克,0,—,1557258
4041000,乳清及改性乳清，不论...,321,匈牙利,300000,千克,0,—,405000
4041000,乳清及改性乳清，不论...,327,波兰,3384003,千克,0,—,3828543
4041000,乳清及改性乳清，不论...,336,立陶宛,629200,千克,0,—,503955
4041000,乳清及改性乳清，不论...,340,白俄罗斯,5545200,千克,0,—,6248443
4041000,乳清及改性乳清，不论...,444,乌拉圭,225000,千克,0,—,258937
4049000,未列名含天然乳产品，...,305,法国,43784,千克,0,—,167442
4049000,未列名含天然乳产品，...,307,意大利,54916,千克,0,—,182388
4049000,未列名含天然乳产品，...,318,芬兰,7000,千克,0,—,40827
4051000,黄油,301,比利时,344191,千克,0,—,2038186
4051000,黄油,305,法国,616835,千克,0,—,4541767
4051000,黄油,306,爱尔兰,281004,千克,0,—,1304758
4051000,黄油,307,意大利,9604,千克,0,—,60449
4051000,黄油,309,荷兰,264224,千克,0,—,1182473
4051000,黄油,327,波兰,5200,千克,0,—,35174
4051000,黄油,340,白俄罗斯,50000,千克,0,—,222403
4051000,黄油,444,乌拉圭,125000,千克,0,—,516200
4052000,乳酱,305,法国,170,千克,0,—,3973
4059000,其他从乳中提取的脂和...,301,比利时,70476,千克,0,—,481460
4059000,其他从乳中提取的脂和...,309,荷兰,108850,千克,0,—,621402
4061000,鲜乳酪包括乳清乳酪；...,137,土耳其,2035,千克,0,—,7756
4061000,鲜乳酪包括乳清乳酪；...,305,法国,48746,千克,0,—,216601
4061000,鲜乳酪包括乳清乳酪；...,306,爱尔兰,11098,千克,0,—,41196
4061000,鲜乳酪包括乳清乳酪；...,307,意大利,486215,千克,0,—,2811588
4061000,鲜乳酪包括乳清乳酪；...,309,荷兰,80,千克,0,—,1659
4061000,鲜乳酪包括乳清乳酪；...,312,西班牙,23942,千克,0,—,143832
4061000,鲜乳酪包括乳清乳酪；...,315,奥地利,3240,千克,0,—,16663
4062000,各种磨碎或粉化的乳酪,305,法国,38400,千克,0,—,155383
4062000,各种磨碎或粉化的乳酪,307,意大利,18733,千克,0,—,139050
4062000,各种磨碎或粉化的乳酪,309,荷兰,29075,千克,0,—,287438
4062000,各种磨碎或粉化的乳酪,336,立陶宛,56136,千克,0,—,211895
4063000,经过加工的乳酪（但磨...,137,土耳其,2323,千克,0,—,14120
4063000,经过加工的乳酪（但磨...,301,比利时,3728,千克,0,—,33482
4063000,经过加工的乳酪（但磨...,305,法国,121350,千克,0,—,1111606
4063000,经过加工的乳酪（但磨...,306,爱尔兰,35732,千克,0,—,143935
4063000,经过加工的乳酪（但磨...,307,意大利,23514,千克,0,—,176152
4063000,经过加工的乳酪（但磨...,309,荷兰,2157,千克,0,—,12950
4063000,经过加工的乳酪（但磨...,310,希腊,3803,千克,0,—,34351
4063000,经过加工的乳酪（但磨...,312,西班牙,10136,千克,0,—,62602
4063000,经过加工的乳酪（但磨...,315,奥地利,89779,千克,0,—,430117
4063000,经过加工的乳酪（但磨...,327,波兰,12114,千克,0,—,142095
4063000,经过加工的乳酪（但磨...,336,立陶宛,251,千克,0,—,3590
4064000,蓝纹乳酪和娄地青霉生...,305,法国,882,千克,0,—,15235
4064000,蓝纹乳酪和娄地青霉生...,307,意大利,901,千克,0,—,7784
4064000,蓝纹乳酪和娄地青霉生...,309,荷兰,296,千克,0,—,3949
4064000,蓝纹乳酪和娄地青霉生...,312,西班牙,84,千克,0,—,599
4069000,未列名的乳酪,305,法国,13928,千克,0,—,212043
4069000,未列名的乳酪,306,爱尔兰,470640,千克,0,—,1960532
4069000,未列名的乳酪,307,意大利,90177,千克,0,—,750043
4069000,未列名的乳酪,309,荷兰,148134,千克,0,—,1400204
4069000,未列名的乳酪,310,希腊,1178,千克,0,—,7726
4069000,未列名的乳酪,312,西班牙,5045,千克,0,—,63939
4069000,未列名的乳酪,315,奥地利,25267,千克,0,—,251029
4069000,未列名的乳酪,336,立陶宛,96000,千克,0,—,304154
4069000,未列名的乳酪,444,乌拉圭,75000,千克,0,—,285000
4090000,天然蜂蜜,137,土耳其,2728,千克,0,—,38976
4090000,天然蜂蜜,301,比利时,8,千克,0,—,70
4090000,天然蜂蜜,305,法国,5947,千克,0,—,115758
4090000,天然蜂蜜,307,意大利,700,千克,0,—,7239
4090000,天然蜂蜜,310,希腊,7,千克,0,—,189
4090000,天然蜂蜜,312,西班牙,6508,千克,0,—,57308
4090000,天然蜂蜜,410,巴西,33701,千克,0,—,139996
4090000,天然蜂蜜,429,墨西哥,6,千克,0,—,184
4090000,天然蜂蜜,501,加拿大,780,千克,0,—,4472
4100049,其他蜂产品,312,西班牙,161,千克,0,—,6320
4100049,其他蜂产品,410,巴西,3312,千克,0,—,621799
4100049,其他蜂产品,429,墨西哥,0,千克,0,—,20
4100049,其他蜂产品,501,加拿大,30,千克,0,—,1468
5040011,盐渍猪肠衣（猪大肠头...,305,法国,270968,千克,0,—,600568
5040011,盐渍猪肠衣（猪大肠头...,306,爱尔兰,33228,千克,0,—,14466
5040011,盐渍猪肠衣（猪大肠头...,309,荷兰,930671,千克,0,—,2526434
5040011,盐渍猪肠衣（猪大肠头...,312,西班牙,1351402,千克,0,—,4677360
5040012,盐渍绵羊肠衣,305,法国,17500,千克,0,—,18079
5040012,盐渍绵羊肠衣,309,荷兰,43904,千克,0,—,65891
5040029,其他动物的胃,501,加拿大,92950,千克,0,—,362181
5051000,填充用羽毛；羽绒,127,巴基斯坦,240910,千克,0,—,603764
5051000,填充用羽毛；羽绒,137,土耳其,3485,千克,0,—,9409
5051000,填充用羽毛；羽绒,305,法国,37565,千克,0,—,279855
5051000,填充用羽毛；羽绒,307,意大利,6575,千克,0,—,268866
5051000,填充用羽毛；羽绒,312,西班牙,794,千克,0,—,52925
5051000,填充用羽毛；羽绒,316,保加利亚,5498,千克,0,—,219653
5051000,填充用羽毛；羽绒,321,匈牙利,49925,千克,0,—,1296355
5051000,填充用羽毛；羽绒,327,波兰,424149,千克,0,—,2194051
5051000,填充用羽毛；羽绒,501,加拿大,668,千克,0,—,40234
5059090,其他羽毛；带有羽毛或...,244,南非,8395,千克,0,—,274987
5069090,其他未经加工或经脱脂...,127,巴基斯坦,2298555,千克,0,—,1069156
5069090,其他未经加工或经脱脂...,244,南非,7,千克,0,—,667
5069090,其他未经加工或经脱脂...,309,荷兰,1260580,千克,0,—,714686
5069090,其他未经加工或经脱脂...,312,西班牙,20061,千克,0,—,29339
5071000,兽牙；兽牙粉末及废料,244,南非,0,千克,0,—,5
5071000,兽牙；兽牙粉末及废料,340,白俄罗斯,2328,千克,0,—,97082
5071000,兽牙；兽牙粉末及废料,501,加拿大,277,千克,0,—,215083
5079090,龟壳、鲸须、其他兽角...,250,乌干达,28800,千克,0,—,30397
5079090,龟壳、鲸须、其他兽角...,312,西班牙,10003,千克,0,—,217252
5080090,珊瑚及类似品；软体、...,129,菲律宾,35505,千克,0,—,22003
5080090,珊瑚及类似品；软体、...,227,马达加斯加,40000,千克,0,—,19566
5080090,珊瑚及类似品；软体、...,307,意大利,55,千克,0,—,18525
5080090,珊瑚及类似品；软体、...,312,西班牙,5,千克,0,—,1300
5080090,珊瑚及类似品；软体、...,404,巴哈马,24024,千克,0,—,16867
5111000,牛的精液,305,法国,11,千克,0,—,437244
5111000,牛的精液,307,意大利,23,千克,0,—,143043
5119111,受精鱼卵,327,波兰,104,千克,0,—,31557
5119119,其他鱼产品,410,巴西,372530,千克,0,—,348065
5119119,其他鱼产品,429,墨西哥,30000,千克,0,—,37612
5119910,动物精液（牛的精液除...,315,奥地利,2,千克,0,—,400
5119940,马毛及废马毛，不论是...,124,蒙古,88618,千克,0,—,76534
5119990,其他品目未列名动物产...,309,荷兰,0,千克,0,—,197
5119990,其他品目未列名动物产...,310,希腊,61,千克,0,—,23685
6011021,种用百合球茎,305,法国,1538500,个,163610,千克,447094
6011021,种用百合球茎,309,荷兰,36804165,个,2986210,千克,7227075
6011091,种用休眠的鳞茎、块茎...,309,荷兰,6773933,个,28080,千克,314625
6021000,无根插枝及接穗植物,224,肯尼亚,82970,株,155,千克,21813
6021000,无根插枝及接穗植物,244,南非,90,株,4,千克,905
6021000,无根插枝及接穗植物,250,乌干达,480790,株,744,千克,64617
6021000,无根插枝及接穗植物,301,比利时,50,株,0,千克,10
6021000,无根插枝及接穗植物,307,意大利,12390,株,36,千克,17580
6021000,无根插枝及接穗植物,309,荷兰,53200,株,89,千克,6319
6021000,无根插枝及接穗植物,312,西班牙,10142,株,21,千克,7486
6021000,无根插枝及接穗植物,410,巴西,1050,株,0,千克,481
6021000,无根插枝及接穗植物,415,哥斯达黎加,119323,株,343320,千克,152707
6024010,种用玫瑰,309,荷兰,327,株,48,千克,257
6029010,蘑菇菌丝,305,法国,4995,千克,0,—,14915
6029091,其他种用苗木,224,肯尼亚,27240,株,633,千克,20345
6029091,其他种用苗木,301,比利时,21396,株,179,千克,20589
6029091,其他种用苗木,307,意大利,265,株,18,千克,704
6029091,其他种用苗木,309,荷兰,1348414,株,9993,千克,229802
6029099,未列名活植物,244,南非,28,株,155180,千克,90710
6029099,未列名活植物,309,荷兰,9382,株,8039,千克,307280
6029099,未列名活植物,312,西班牙,65,株,181294,千克,188441
6029099,未列名活植物,415,哥斯达黎加,17230,株,10300,千克,10198
6029099,未列名活植物,444,乌拉圭,66,株,355830,千克,283731
6031100,鲜的制花束或装饰用的...,224,肯尼亚,5020,千克,83892,枝,50630
6031100,鲜的制花束或装饰用的...,309,荷兰,300,千克,6646,枝,14936
6031200,鲜的制花束或装饰用的...,309,荷兰,158,千克,4600,枝,3935
6031300,鲜的制花束或装饰用的...,309,荷兰,135,千克,282,枝,3189
6031400,鲜的制花束或装饰用的...,224,肯尼亚,24,千克,475,枝,144
6031400,鲜的制花束或装饰用的...,307,意大利,1,千克,10,枝,9
6031400,鲜的制花束或装饰用的...,309,荷兰,1632,千克,31160,枝,30040
6031500,鲜的制花束或装饰用的...,224,肯尼亚,172,千克,3300,枝,721
6031500,鲜的制花束或装饰用的...,309,荷兰,761,千克,11050,枝,15834
6031900,其他鲜的制花束或装饰...,137,土耳其,8,千克,140,枝,115
6031900,其他鲜的制花束或装饰...,224,肯尼亚,7450,千克,112506,枝,76092
6031900,其他鲜的制花束或装饰...,244,南非,31266,千克,356831,枝,435830
6031900,其他鲜的制花束或装饰...,254,津巴布韦,271,千克,6780,枝,2139
6031900,其他鲜的制花束或装饰...,301,比利时,4629,千克,126490,枝,48134
6031900,其他鲜的制花束或装饰...,305,法国,29,千克,490,枝,922
6031900,其他鲜的制花束或装饰...,307,意大利,133,千克,2505,枝,2363
6031900,其他鲜的制花束或装饰...,309,荷兰,52129,千克,1381106,枝,856462
6031900,其他鲜的制花束或装饰...,312,西班牙,146,千克,2510,枝,4313
6031900,其他鲜的制花束或装饰...,415,哥斯达黎加,9,千克,86,枝,452
6039000,制花束或装饰用的插花...,305,法国,7202,千克,400050,枝,55430
6039000,制花束或装饰用的插花...,307,意大利,1,千克,1,枝,779
6039000,制花束或装饰用的插花...,310,希腊,10,千克,2000,枝,219
6039000,制花束或装饰用的插花...,312,西班牙,7,千克,78,枝,862
6039000,制花束或装饰用的插花...,410,巴西,3443,千克,3576000,枝,31509
6042010,鲜的苔藓及地衣,309,荷兰,18,千克,0,—,220
6042010,鲜的苔藓及地衣,327,波兰,1103,千克,0,—,8165
6042090,鲜的制花束或装饰用的...,129,菲律宾,0,千克,0,—,38
6042090,鲜的制花束或装饰用的...,224,肯尼亚,11,千克,0,—,227
6042090,鲜的制花束或装饰用的...,244,南非,802,千克,0,—,8612
6042090,鲜的制花束或装饰用的...,307,意大利,639,千克,0,—,18119
6042090,鲜的制花束或装饰用的...,309,荷兰,763,千克,0,—,13005
6042090,鲜的制花束或装饰用的...,312,西班牙,320,千克,0,—,3743
6049090,未列名制花束或装饰用...,137,土耳其,6580,千克,0,—,5496
6049090,未列名制花束或装饰用...,307,意大利,4408,千克,0,—,51693
6049090,未列名制花束或装饰用...,309,荷兰,28,千克,0,—,3601
6049090,未列名制花束或装饰用...,312,西班牙,275,千克,0,—,8132
6049090,未列名制花束或装饰用...,410,巴西,3012,千克,0,—,15146
6049090,未列名制花束或装饰用...,429,墨西哥,1,千克,0,—,49
7109000,冷冻什锦蔬菜,312,西班牙,37800,千克,0,—,63154
7129050,干大蒜,307,意大利,206,千克,0,—,4729
7129099,未列名干蔬菜及什锦蔬...,305,法国,25,千克,0,—,612
7129099,未列名干蔬菜及什锦蔬...,307,意大利,400,千克,0,—,3346
7129099,未列名干蔬菜及什锦蔬...,327,波兰,500,千克,0,—,4400
7129099,未列名干蔬菜及什锦蔬...,429,墨西哥,411,千克,0,—,38289
7131090,其他干豌豆,305,法国,4684840,千克,0,—,2248722
7131090,其他干豌豆,501,加拿大,161476131,千克,0,—,59999239
7132090,其他干鹰嘴豆,137,土耳其,450825,千克,0,—,350150
7132090,其他干鹰嘴豆,305,法国,40,千克,0,—,70
7133390,其他干芸豆,501,加拿大,632064,千克,0,—,343645
7134090,其他干扁豆,137,土耳其,21128,千克,0,—,25642
7134090,其他干扁豆,305,法国,560,千克,0,—,1576
7139090,其他脱荚干豆，种用除...,127,巴基斯坦,440000,千克,0,—,416460
8011100,干椰子,129,菲律宾,656672,千克,0,—,1569883
8011200,未去内壳（内果皮）的...,129,菲律宾,1763717,千克,0,—,636425
8011990,其他椰子,129,菲律宾,34980,千克,0,—,19135
8012100,未去壳巴西果,408,玻利维亚,4,千克,0,—,265
8012200,去壳巴西果,408,玻利维亚,1,千克,0,—,100
8013100,未去壳腰果,203,贝宁,1725091,千克,0,—,1381189
8013200,去壳腰果,203,贝宁,15650,千克,0,—,32600
8022200,榛子仁,137,土耳其,83531,千克,0,—,882064
8026190,其他未去壳马卡达姆坚...,244,南非,1127000,千克,0,—,5619476
8026190,其他未去壳马卡达姆坚...,254,津巴布韦,234425,千克,0,—,973226
8026190,其他未去壳马卡达姆坚...,410,巴西,207520,千克,0,—,813001
8026200,去壳马卡达姆坚果(夏...,224,肯尼亚,15877,千克,0,—,144254
8029030,松子仁,124,蒙古,1653000,千克,0,—,24091410
8029090,未列名鲜或干坚果,127,巴基斯坦,4305,千克,0,—,43179
8029090,未列名鲜或干坚果,137,土耳其,0,千克,0,—,7
8029090,未列名鲜或干坚果,244,南非,25000,千克,0,—,107500
8029090,未列名鲜或干坚果,429,墨西哥,805308,千克,0,—,2574785
8039000,鲜或干的香蕉，芭蕉除...,129,菲律宾,68685249,千克,0,—,39795718
8041000,鲜或干的椰枣,138,阿联酋,18668,千克,0,—,43484
8042000,鲜或干的无花果,137,土耳其,26819,千克,0,—,44924
8043000,鲜或干的菠萝,129,菲律宾,13432512,千克,0,—,9459482
8044000,鲜或干的鳄梨,129,菲律宾,14725,千克,0,—,38195
8044000,鲜或干的鳄梨,429,墨西哥,79600,千克,0,—,190729
8045020,鲜或干的芒果,127,巴基斯坦,23560,千克,0,—,86550
8051000,鲜或干的橙,244,南非,651571,千克,0,—,753058
8051000,鲜或干的橙,312,西班牙,342760,千克,0,—,596485
8052190,其他柑橘（包括小蜜橘...,244,南非,924178,千克,0,—,1327594
8054000,葡萄柚，包括柚,244,南非,19394399,千克,0,—,17060683
8055000,柠檬及酸橙,244,南非,216549,千克,0,—,240555
8061000,鲜葡萄,244,南非,465301,千克,0,—,1338832
8062000,葡萄干,137,土耳其,122259,千克,0,—,268395
8072000,鲜番木瓜,129,菲律宾,149332,千克,0,—,179192
8081000,鲜苹果,244,南非,3178223,千克,0,—,3506743
8083090,其他鲜梨,301,比利时,189324,千克,0,—,362413
8092900,其他鲜樱桃,501,加拿大,4955,千克,0,—,55318
8111000,冷冻草莓,305,法国,160,千克,0,—,841
8111000,冷冻草莓,327,波兰,2240,千克,0,—,13774
8112000,冷冻木莓、黑莓、桑椹...,305,法国,162,千克,0,—,3102
8119090,未列名冷冻水果及坚果,129,菲律宾,50400,千克,0,—,101030
8119090,未列名冷冻水果及坚果,224,肯尼亚,100,千克,0,—,2293
8119090,未列名冷冻水果及坚果,327,波兰,70000,千克,0,—,121664
8119090,未列名冷冻水果及坚果,501,加拿大,1087619,千克,0,—,1996665
8131000,杏干,137,土耳其,150055,千克,0,—,132181
8132000,梅干及李干,305,法国,272000,千克,0,—,431212
8133000,苹果干,501,加拿大,2,千克,0,—,52
8134090,未列名干果,137,土耳其,144,千克,0,—,1775
8134090,未列名干果,305,法国,340,千克,0,—,7959
8134090,未列名干果,501,加拿大,3,千克,0,—,53
8140000,柑桔属水果或甜瓜（包...,312,西班牙,17600,千克,0,—,138377
9011100,未焙炒未浸除咖啡碱的...,224,肯尼亚,69126,千克,0,—,547720
9011100,未焙炒未浸除咖啡碱的...,250,乌干达,251281,千克,0,—,481933
9011100,未焙炒未浸除咖啡碱的...,305,法国,5,千克,0,—,172
9011100,未焙炒未浸除咖啡碱的...,307,意大利,1,千克,0,—,54
9011100,未焙炒未浸除咖啡碱的...,410,巴西,1764297,千克,0,—,4646005
9011100,未焙炒未浸除咖啡碱的...,415,哥斯达黎加,11709,千克,0,—,164254
9011100,未焙炒未浸除咖啡碱的...,427,牙买加,75,千克,0,—,3307
9011100,未焙炒未浸除咖啡碱的...,429,墨西哥,5719,千克,0,—,38778
9011100,未焙炒未浸除咖啡碱的...,431,尼加拉瓜,4871,千克,0,—,29044
9011200,未焙炒已浸除咖啡碱的...,250,乌干达,0,千克,0,—,99
9012100,已焙炒未浸除咖啡碱的...,301,比利时,3357,千克,0,—,90514
9012100,已焙炒未浸除咖啡碱的...,305,法国,3925,千克,0,—,99405
9012100,已焙炒未浸除咖啡碱的...,307,意大利,194881,千克,0,—,2319618
9012100,已焙炒未浸除咖啡碱的...,309,荷兰,1700,千克,0,—,17299
9012100,已焙炒未浸除咖啡碱的...,312,西班牙,32,千克,0,—,657
9012100,已焙炒未浸除咖啡碱的...,315,奥地利,154,千克,0,—,2698
9012100,已焙炒未浸除咖啡碱的...,427,牙买加,454,千克,0,—,29654
9012100,已焙炒未浸除咖啡碱的...,501,加拿大,608,千克,0,—,5185
9012200,已焙炒已浸除咖啡碱的...,138,阿联酋,2,千克,0,—,46
9012200,已焙炒已浸除咖啡碱的...,301,比利时,713,千克,0,—,18714
9012200,已焙炒已浸除咖啡碱的...,305,法国,0,千克,0,—,41
9012200,已焙炒已浸除咖啡碱的...,307,意大利,29355,千克,0,—,236118
9012200,已焙炒已浸除咖啡碱的...,309,荷兰,0,千克,0,—,19
9012200,已焙炒已浸除咖啡碱的...,312,西班牙,273,千克,0,—,1710
9012200,已焙炒已浸除咖啡碱的...,315,奥地利,2090,千克,0,—,25220
9012200,已焙炒已浸除咖啡碱的...,427,牙买加,124,千克,0,—,10629
9012200,已焙炒已浸除咖啡碱的...,501,加拿大,12,千克,0,—,389
9019010,咖啡豆荚及咖啡豆皮,307,意大利,0,千克,0,—,10
9019020,含咖啡的咖啡代用品,307,意大利,7,千克,0,—,243
9019020,含咖啡的咖啡代用品,309,荷兰,14,千克,0,—,269
9021010,花茶，内包装每件净重...,137,土耳其,6,千克,0,—,73
9021010,花茶，内包装每件净重...,138,阿联酋,131,千克,0,—,1026
9021010,花茶，内包装每件净重...,244,南非,3,千克,0,—,61
9021010,花茶，内包装每件净重...,305,法国,2,千克,0,—,290
9021010,花茶，内包装每件净重...,307,意大利,4,千克,0,—,552
9021010,花茶，内包装每件净重...,315,奥地利,20,千克,0,—,920
9021010,花茶，内包装每件净重...,316,保加利亚,25,千克,0,—,1632
9021010,花茶，内包装每件净重...,318,芬兰,1,千克,0,—,76
9021010,花茶，内包装每件净重...,327,波兰,1619,千克,0,—,22201
9021010,花茶，内包装每件净重...,501,加拿大,0,千克,0,—,18
9021090,绿茶，内包装每件净重...,138,阿联酋,131,千克,0,—,1092
9021090,绿茶，内包装每件净重...,224,肯尼亚,60,千克,0,—,1125
9021090,绿茶，内包装每件净重...,244,南非,0,千克,0,—,14
9021090,绿茶，内包装每件净重...,307,意大利,18,千克,0,—,1864
9021090,绿茶，内包装每件净重...,327,波兰,754,千克,0,—,11744
9022010,花茶，内包装每件净重...,244,南非,0,千克,0,—,33
9022010,花茶，内包装每件净重...,306,爱尔兰,0,千克,0,—,14
9022010,花茶，内包装每件净重...,327,波兰,0,千克,0,—,11
9022090,绿茶，内包装每件净重...,129,菲律宾,18,千克,0,—,281
9022090,绿茶，内包装每件净重...,224,肯尼亚,100,千克,0,—,5090
9022090,绿茶，内包装每件净重...,244,南非,0,千克,0,—,24
9023010,乌龙茶，内包装每件净...,244,南非,48,千克,0,—,206
9023090,红茶及其他部分发酵茶...,138,阿联酋,3803,千克,0,—,23280
9023090,红茶及其他部分发酵茶...,224,肯尼亚,21,千克,0,—,1242
9023090,红茶及其他部分发酵茶...,244,南非,1,千克,0,—,102
9023090,红茶及其他部分发酵茶...,305,法国,3,千克,0,—,184
9023090,红茶及其他部分发酵茶...,306,爱尔兰,2,千克,0,—,14
9023090,红茶及其他部分发酵茶...,307,意大利,112,千克,0,—,10274
9023090,红茶及其他部分发酵茶...,327,波兰,31403,千克,0,—,468754
9023090,红茶及其他部分发酵茶...,501,加拿大,221,千克,0,—,1134
9024090,红茶及其他部分发酵茶...,224,肯尼亚,132257,千克,0,—,230337
9024090,红茶及其他部分发酵茶...,233,莫桑比克,69000,千克,0,—,117784
9024090,红茶及其他部分发酵茶...,250,乌干达,50960,千克,0,—,99266
9030000,马黛茶,410,巴西,1,千克,0,—,8
9041100,未磨胡椒,305,法国,12,千克,0,—,670
9041100,未磨胡椒,307,意大利,837,千克,0,—,21485
9041100,未磨胡椒,410,巴西,75320,千克,0,—,236641
9041200,已磨胡椒,137,土耳其,15,千克,0,—,236
9041200,已磨胡椒,138,阿联酋,1,千克,0,—,14
9041200,已磨胡椒,307,意大利,19,千克,0,—,167
9041200,已磨胡椒,410,巴西,11191,千克,0,—,13873
9041200,已磨胡椒,501,加拿大,1,千克,0,—,24
9042200,已磨的辣椒,312,西班牙,3185,千克,0,—,15439
9051000,未磨的香子兰豆,227,马达加斯加,913,千克,0,—,162319
9051000,未磨的香子兰豆,305,法国,100,千克,0,—,46993
9052000,已磨的香子兰豆,227,马达加斯加,100,千克,0,—,12827
9052000,已磨的香子兰豆,305,法国,20,千克,0,—,3014
9093200,已磨的枯茗子,312,西班牙,175,千克,0,—,350
9109900,未列名调味香料,137,土耳其,27317,千克,0,—,135573
9109900,未列名调味香料,307,意大利,0,千克,0,—,39
9109900,未列名调味香料,327,波兰,2042,千克,0,—,9673
10011900,其他硬粒小麦,501,加拿大,409109939,千克,0,—,129975522
10039000,其他大麦,305,法国,199819170,千克,0,—,59295712
10039000,其他大麦,444,乌拉圭,70042803,千克,0,—,20621034
10039000,其他大麦,501,加拿大,438611109,千克,0,—,131651623
10041000,种用燕麦,501,加拿大,1745230,千克,0,—,1051967
10051000,种用玉米,410,巴西,126,千克,0,—,1326
10063020,长粒米精米（粒长＞6...,127,巴基斯坦,2063000,千克,0,—,1066677
10064020,长粒米碎米（用粒长大...,127,巴基斯坦,9240000,千克,0,—,3457199
10064080,中短粒米碎米（用粒长...,127,巴基斯坦,2060000,千克,0,—,770946
10083000,加那利草子,501,加拿大,327880,千克,0,—,233080
10085090,其他昆诺阿藜,408,玻利维亚,125304,千克,0,—,275638
10089090,未列名谷物,321,匈牙利,2,千克,0,—,24
10089090,未列名谷物,408,玻利维亚,15,千克,0,—,881
11010000,小麦或混合麦的细粉,301,比利时,1400,千克,0,—,6049
11010000,小麦或混合麦的细粉,305,法国,267075,千克,0,—,223026
11022000,玉米细粉,307,意大利,23,千克,0,—,65
11022000,玉米细粉,309,荷兰,67500,千克,0,—,43190
11022000,玉米细粉,429,墨西哥,142861,千克,0,—,91565
11029090,未列名谷物细粉,305,法国,1,千克,0,—,32
11029090,未列名谷物细粉,408,玻利维亚,227,千克,0,—,1002
11041200,滚压或制片的燕麦,305,法国,10,千克,0,—,129
11041990,其他滚压或制片的谷物,408,玻利维亚,432,千克,0,—,2192
11042200,经其他加工的燕麦,501,加拿大,0,千克,0,—,11
11042990,经其他加工的未列名谷...,501,加拿大,71350,千克,0,—,383576
11051000,马铃薯细粉及粗粉、粉...,309,荷兰,88000,千克,0,—,117980
11052000,马铃薯粉片、颗粒及团...,301,比利时,469404,千克,0,—,570401
11052000,马铃薯粉片、颗粒及团...,305,法国,264000,千克,0,—,376122
11052000,马铃薯粉片、颗粒及团...,309,荷兰,862024,千克,0,—,1210112
11061000,品目0713干豆制细...,501,加拿大,42811,千克,0,—,14041
11063000,第8章产品制细粉及粗...,129,菲律宾,3,千克,0,—,25
11063000,第8章产品制细粉及粗...,137,土耳其,250,千克,0,—,2962
11063000,第8章产品制细粉及粗...,305,法国,1395,千克,0,—,24312
11063000,第8章产品制细粉及粗...,312,西班牙,24,千克,0,—,1747
11063000,第8章产品制细粉及粗...,410,巴西,543,千克,0,—,17479
11071000,未焙制的麦芽,301,比利时,14000,千克,0,—,11382
11072000,已焙制的麦芽,301,比利时,4000,千克,0,—,3831
11072000,已焙制的麦芽,309,荷兰,63000,千克,0,—,45942
11081100,小麦淀粉,301,比利时,39500,千克,0,—,17774
11081100,小麦淀粉,336,立陶宛,80000,千克,0,—,33600
11081200,玉米淀粉,244,南非,110,千克,0,—,41
11081200,玉米淀粉,305,法国,5000,千克,0,—,5451
11081200,玉米淀粉,307,意大利,102000,千克,0,—,84600
11081200,玉米淀粉,316,保加利亚,1,千克,0,—,52
11081300,马铃薯淀粉,309,荷兰,8428000,千克,0,—,5926761
11081300,马铃薯淀粉,327,波兰,220000,千克,0,—,162800
11081900,未列名淀粉,305,法国,8000,千克,0,—,4987
11082000,菊粉,301,比利时,294000,千克,0,—,866944
11082000,菊粉,309,荷兰,20000,千克,0,—,65328
11090000,面筋，不论是否干制,305,法国,49950,千克,0,—,86163
12019010,黄大豆，种用除外,203,贝宁,32610192,千克,0,—,21755066
12019010,黄大豆，种用除外,410,巴西,10475996451,千克,0,—,5878835788
12019010,黄大豆，种用除外,501,加拿大,35801968,千克,0,—,23843911
12040000,亚麻子，不论是否破碎,501,加拿大,25511558,千克,0,—,17138993
12051090,其他低芥子酸油菜子,301,比利时,22,千克,0,—,392
12051090,其他低芥子酸油菜子,501,加拿大,242117840,千克,0,—,120911062
12059010,其他种用油菜子,312,西班牙,1,千克,0,—,114
12059090,未列名油菜子,124,蒙古,65000,千克,0,—,26000
12060010,种用葵花子,305,法国,45,千克,0,—,316
12060090,其他葵花子,316,保加利亚,972750,千克,0,—,1029345
12073090,其他蓖麻子,127,巴基斯坦,636545,千克,0,—,343224
12074090,其他芝麻,127,巴基斯坦,468500,千克,0,—,552187
12074090,其他芝麻,219,冈比亚,669075,千克,0,—,857001
12074090,其他芝麻,220,加纳,18200,千克,0,—,16591
12074090,其他芝麻,224,肯尼亚,95000,千克,0,—,110761
12074090,其他芝麻,233,莫桑比克,716592,千克,0,—,880733
12074090,其他芝麻,235,尼日尔,34883006,千克,0,—,43919683
12074090,其他芝麻,250,乌干达,1196130,千克,0,—,1491265
12074090,其他芝麻,408,玻利维亚,397000,千克,0,—,758501
12075090,其他芥子,501,加拿大,208700,千克,0,—,142790
12077010,种用甜瓜子,305,法国,0,千克,0,—,12
12079999,未列名含油子仁及果实,307,意大利,237300,千克,0,—,202524
12079999,未列名含油子仁及果实,309,荷兰,31583,千克,0,—,126332
12079999,未列名含油子仁及果实,429,墨西哥,631603,千克,0,—,1812649
12089000,其他含油子仁或果实细...,429,墨西哥,2,千克,0,—,27
12092100,紫苜蓿子,307,意大利,320000,千克,0,—,995659
12092100,紫苜蓿子,501,加拿大,330512,千克,0,—,1591609
12092200,三叶草子,501,加拿大,30000,千克,0,—,98500
12092300,羊茅子,501,加拿大,64864,千克,0,—,151184
12092500,黑麦草种子,444,乌拉圭,52000,千克,0,—,44200
12092500,黑麦草种子,501,加拿大,374220,千克,0,—,913594
12092910,甜菜子（糖甜菜子除外...,307,意大利,400,千克,0,—,4725
12093000,草本花卉植物种子,137,土耳其,55,千克,0,—,435364
12093000,草本花卉植物种子,224,肯尼亚,0,千克,0,—,30
12093000,草本花卉植物种子,227,马达加斯加,900,千克,0,—,15900
12093000,草本花卉植物种子,244,南非,2300,千克,0,—,105222
12093000,草本花卉植物种子,301,比利时,0,千克,0,—,20864
12093000,草本花卉植物种子,305,法国,1,千克,0,—,1521
12093000,草本花卉植物种子,307,意大利,0,千克,0,—,5336
12093000,草本花卉植物种子,309,荷兰,69,千克,0,—,408157
12093000,草本花卉植物种子,327,波兰,4,千克,0,—,1404
12093000,草本花卉植物种子,415,哥斯达黎加,5,千克,0,—,237674
12093000,草本花卉植物种子,429,墨西哥,50,千克,0,—,6311
12099100,蔬菜种子,137,土耳其,0,千克,0,—,227
12099100,蔬菜种子,224,肯尼亚,26,千克,0,—,84006
12099100,蔬菜种子,244,南非,899,千克,0,—,153144
12099100,蔬菜种子,305,法国,251,千克,0,—,190898
12099100,蔬菜种子,307,意大利,173388,千克,0,—,1487831
12099100,蔬菜种子,309,荷兰,146,千克,0,—,525027
12099100,蔬菜种子,312,西班牙,410,千克,0,—,358248
12099100,蔬菜种子,410,巴西,0,千克,0,—,20
12099100,蔬菜种子,429,墨西哥,21,千克,0,—,164863
12099900,其他种植用种子、果实...,307,意大利,20000,千克,0,—,23000
12099900,其他种植用种子、果实...,501,加拿大,163475,千克,0,—,569650
12102000,啤酒花，经研磨或制成...,350,斯洛文尼亚,7485,千克,0,—,99076
12112010,西洋参,501,加拿大,1292,千克,0,—,138300
12119039,未列名主要用作药料的...,124,蒙古,44000,千克,0,—,440000
12119039,未列名主要用作药料的...,220,加纳,109043,千克,0,—,1032918
12119039,未列名主要用作药料的...,309,荷兰,60000,千克,0,—,128473
12119039,未列名主要用作药料的...,410,巴西,1080,千克,0,—,30996
12119050,主要用作香料的植物及...,127,巴基斯坦,13835,千克,0,—,6669
12119050,主要用作香料的植物及...,137,土耳其,3000,千克,0,—,12880
12119050,主要用作香料的植物及...,305,法国,1,千克,0,—,892
12119050,主要用作香料的植物及...,309,荷兰,1,千克,0,—,64
12119099,主要用作杀虫、杀菌等...,220,加纳,23290,千克,0,—,197965
12119099,主要用作杀虫、杀菌等...,224,肯尼亚,25300,千克,0,—,20240
12119099,主要用作杀虫、杀菌等...,227,马达加斯加,7000,千克,0,—,34300
12119099,主要用作杀虫、杀菌等...,244,南非,8964,千克,0,—,34511
12119099,主要用作杀虫、杀菌等...,312,西班牙,1,千克,0,—,36
12119099,主要用作杀虫、杀菌等...,313,阿尔巴尼亚,4125,千克,0,—,12032
12119099,主要用作杀虫、杀菌等...,327,波兰,58551,千克,0,—,244258
12119099,主要用作杀虫、杀菌等...,429,墨西哥,7581,千克,0,—,4580
12122161,干麒麟菜,129,菲律宾,325200,千克,0,—,378291
12122910,马尾藻,129,菲律宾,1007550,千克,0,—,266386
12122990,其他不适合供人食用的...,244,南非,197710,千克,0,—,233503
12122990,其他不适合供人食用的...,306,爱尔兰,25000,千克,0,—,32089
12122990,其他不适合供人食用的...,312,西班牙,34300,千克,0,—,60799
12129912,甜杏仁,137,土耳其,55000,千克,0,—,106000
12129912,甜杏仁,305,法国,60,千克,0,—,3337
12129996,甜叶菊叶,224,肯尼亚,116462,千克,0,—,232923
12129999,未列名食用植物产品,244,南非,18301,千克,0,—,46534
12130000,未经处理的谷类植物的...,336,立陶宛,299890,千克,0,—,93320
12141000,紫苜蓿粗粉及团粒,307,意大利,4,千克,0,—,136
12141000,紫苜蓿粗粉及团粒,312,西班牙,3043210,千克,0,—,812337
12149000,其他草饲料,244,南非,1257622,千克,0,—,417518
12149000,其他草饲料,312,西班牙,9622240,千克,0,—,3000170
12149000,其他草饲料,336,立陶宛,105600,千克,0,—,38893
12149000,其他草饲料,501,加拿大,3601670,千克,0,—,1172134
13012000,阿拉伯胶,235,尼日尔,220000,千克,0,—,154461
13012000,阿拉伯胶,305,法国,134717,千克,0,—,601005
13019020,乳香、没药及血竭,224,肯尼亚,357600,千克,0,—,1569432
13019040,松脂,227,马达加斯加,677664,千克,0,—,454443
13019040,松脂,244,南非,50035,千克,0,—,45653
13019040,松脂,250,乌干达,163030,千克,0,—,257586
13019040,松脂,410,巴西,54000,千克,0,—,71280
13019040,松脂,431,尼加拉瓜,25000,千克,0,—,30090
13019090,未列名树胶、树脂,305,法国,110,千克,0,—,1933
13021200,甘草液汁及浸膏,309,荷兰,120,千克,0,—,1196
13021990,其他植物液汁及浸膏,224,肯尼亚,77120,千克,0,—,138332
13021990,其他植物液汁及浸膏,301,比利时,0,千克,0,—,111
13021990,其他植物液汁及浸膏,305,法国,12875,千克,0,—,1451525
13021990,其他植物液汁及浸膏,307,意大利,1495,千克,0,—,310429
13021990,其他植物液汁及浸膏,309,荷兰,100,千克,0,—,3850
13021990,其他植物液汁及浸膏,312,西班牙,407,千克,0,—,106807
13021990,其他植物液汁及浸膏,350,斯洛文尼亚,0,千克,0,—,13
13021990,其他植物液汁及浸膏,501,加拿大,19950,千克,0,—,76232
13022000,果胶、果胶酸盐及果胶...,301,比利时,175,千克,0,—,4504
13022000,果胶、果胶酸盐及果胶...,305,法国,884,千克,0,—,26558
13022000,果胶、果胶酸盐及果胶...,307,意大利,73500,千克,0,—,586609
13022000,果胶、果胶酸盐及果胶...,312,西班牙,13117,千克,0,—,128845
13022000,果胶、果胶酸盐及果胶...,410,巴西,372275,千克,0,—,2536506
13022000,果胶、果胶酸盐及果胶...,429,墨西哥,76425,千克,0,—,825065
13023100,琼脂,301,比利时,50,千克,0,—,1919
13023100,琼脂,305,法国,48,千克,0,—,3293
13023100,琼脂,307,意大利,1660,千克,0,—,12741
13023100,琼脂,312,西班牙,6676,千克,0,—,272841
13023200,从刺槐豆、刺槐豆子或...,127,巴基斯坦,887000,千克,0,—,1060669
13023200,从刺槐豆、刺槐豆子或...,137,土耳其,38000,千克,0,—,970777
13023200,从刺槐豆、刺槐豆子或...,301,比利时,50,千克,0,—,1440
13023200,从刺槐豆、刺槐豆子或...,307,意大利,44500,千克,0,—,1055577
13023200,从刺槐豆、刺槐豆子或...,309,荷兰,1000,千克,0,—,5509
13023200,从刺槐豆、刺槐豆子或...,312,西班牙,11800,千克,0,—,349569
13023911,卡拉胶,129,菲律宾,48575,千克,0,—,381223
13023911,卡拉胶,301,比利时,50,千克,0,—,1079
13023911,卡拉胶,305,法国,1940,千克,0,—,24318
13023911,卡拉胶,312,西班牙,8601,千克,0,—,83223
13023912,褐藻胶,305,法国,199,千克,0,—,39956
13023919,未列名海草及藻类产品...,305,法国,515,千克,0,—,47099
13023919,未列名海草及藻类产品...,410,巴西,5000,千克,0,—,76882
13023990,其他植物产品制得的胶...,305,法国,96,千克,0,—,36050
13023990,其他植物产品制得的胶...,501,加拿大,195,千克,0,—,3322
14012000,藤,129,菲律宾,841104,千克,0,—,903638
14012000,藤,307,意大利,0,千克,0,—,543
14019090,未列名主要作编结用的...,129,菲律宾,1737,千克,0,—,1563
14042000,棉短绒,127,巴基斯坦,38671,千克,0,—,72701
14042000,棉短绒,137,土耳其,10464260,千克,0,—,3261553
14042000,棉短绒,410,巴西,1693974,千克,0,—,585594
14049010,主要供染料、鞣料用的...,127,巴基斯坦,11900,千克,0,—,27299
14049010,主要供染料、鞣料用的...,137,土耳其,1001,千克,0,—,3309
14049090,其他品目未列名的植物...,129,菲律宾,7269971,千克,0,—,466151
14049090,其他品目未列名的植物...,203,贝宁,250000,千克,0,—,20361
14049090,其他品目未列名的植物...,224,肯尼亚,13100,千克,0,—,10480
14049090,其他品目未列名的植物...,301,比利时,5104,千克,0,—,11511
14049090,其他品目未列名的植物...,305,法国,35,千克,0,—,1600
14049090,其他品目未列名的植物...,309,荷兰,550,千克,0,—,6368
14049090,其他品目未列名的植物...,321,匈牙利,18975,千克,0,—,62629
14049090,其他品目未列名的植物...,429,墨西哥,84000,千克,0,—,481899
15021000,牛、羊油脂,124,蒙古,447420,千克,0,—,154281
15021000,牛、羊油脂,444,乌拉圭,522698,千克,0,—,460638
15029000,其他牛、羊脂肪,244,南非,6978,千克,0,—,11164
15029000,其他牛、羊脂肪,410,巴西,317271,千克,0,—,620690
15029000,其他牛、羊脂肪,415,哥斯达黎加,855,千克,0,—,5407
15029000,其他牛、羊脂肪,444,乌拉圭,413161,千克,0,—,743386
15041000,鱼肝油及其分离品,305,法国,4,千克,0,—,1191
15041000,鱼肝油及其分离品,326,挪威,825,千克,0,—,21230
15041000,鱼肝油及其分离品,501,加拿大,96,千克,0,—,2762
15042000,除鱼肝油以外的鱼油、...,127,巴基斯坦,103580,千克,0,—,89524
15042000,除鱼肝油以外的鱼油、...,305,法国,445,千克,0,—,11858
15042000,除鱼肝油以外的鱼油、...,315,奥地利,15,千克,0,—,6540
15042000,除鱼肝油以外的鱼油、...,326,挪威,5015,千克,0,—,472692
15042000,除鱼肝油以外的鱼油、...,501,加拿大,15885,千克,0,—,710223
15060000,其他动物油、脂及其分...,309,荷兰,59,千克,0,—,9445
15060000,其他动物油、脂及其分...,336,立陶宛,4,千克,0,—,3106
15060000,其他动物油、脂及其分...,501,加拿大,77,千克,0,—,43035
15071000,初榨的豆油,137,土耳其,1084900,千克,0,—,1487114
15071000,初榨的豆油,340,白俄罗斯,3933419,千克,0,—,4576230
15071000,初榨的豆油,410,巴西,84950976,千克,0,—,72376862
15079000,其他豆油及其分离品,305,法国,6,千克,0,—,220
15079000,其他豆油及其分离品,309,荷兰,7600,千克,0,—,30255
15079000,其他豆油及其分离品,410,巴西,1,千克,0,—,53
15081000,初榨的花生油,203,贝宁,55640,千克,0,—,112976
15081000,初榨的花生油,410,巴西,3458030,千克,0,—,7113467
15081000,初榨的花生油,429,墨西哥,71920,千克,0,—,113274
15091000,初榨的油橄榄油,129,菲律宾,5,千克,0,—,88
15091000,初榨的油橄榄油,137,土耳其,5734,千克,0,—,28036
15091000,初榨的油橄榄油,305,法国,0,千克,0,—,7
15091000,初榨的油橄榄油,307,意大利,220598,千克,0,—,1130076
15091000,初榨的油橄榄油,309,荷兰,0,千克,0,—,3
15091000,初榨的油橄榄油,310,希腊,13230,千克,0,—,87979
15091000,初榨的油橄榄油,312,西班牙,2552448,千克,0,—,9870042
15099000,其他油橄榄油及其分离...,305,法国,5,千克,0,—,243
15099000,其他油橄榄油及其分离...,307,意大利,13181,千克,0,—,44693
15099000,其他油橄榄油及其分离...,310,希腊,9344,千克,0,—,44329
15099000,其他油橄榄油及其分离...,312,西班牙,210211,千克,0,—,720088
15100000,其他橄榄油及其分离品...,305,法国,1,千克,0,—,14
15100000,其他橄榄油及其分离品...,307,意大利,103956,千克,0,—,253176
15100000,其他橄榄油及其分离品...,310,希腊,4,千克,0,—,195
15100000,其他橄榄油及其分离品...,312,西班牙,352989,千克,0,—,707143
15119090,其他棕榈油及其分离品,309,荷兰,2100,千克,0,—,6293
15119090,其他棕榈油及其分离品,410,巴西,180,千克,0,—,1900
15121100,初榨的葵花油或红花油,137,土耳其,920000,千克,0,—,1198527
15121100,初榨的葵花油或红花油,307,意大利,12503,千克,0,—,20986
15121100,初榨的葵花油或红花油,312,西班牙,84556,千克,0,—,169113
15121100,初榨的葵花油或红花油,316,保加利亚,1008860,千克,0,—,1628512
15121900,其他葵花油或红花油及...,137,土耳其,6115,千克,0,—,13194
15121900,其他葵花油或红花油及...,301,比利时,2340,千克,0,—,8042
15121900,其他葵花油或红花油及...,305,法国,255,千克,0,—,13878
15121900,其他葵花油或红花油及...,307,意大利,16,千克,0,—,828
15121900,其他葵花油或红花油及...,312,西班牙,113627,千克,0,—,192809
15121900,其他葵花油或红花油及...,321,匈牙利,14800,千克,0,—,32519
15131100,初榨的椰子油,129,菲律宾,56221,千克,0,—,314389
15131100,初榨的椰子油,305,法国,2,千克,0,—,60
15131100,初榨的椰子油,501,加拿大,10,千克,0,—,258
15131900,其他椰子油及其分离品,129,菲律宾,1685673,千克,0,—,3093147
15131900,其他椰子油及其分离品,305,法国,180,千克,0,—,1886
15131900,其他椰子油及其分离品,501,加拿大,35,千克,0,—,392
15132900,其他棕榈仁油或巴巴苏...,305,法国,50,千克,0,—,1079
15132900,其他棕榈仁油或巴巴苏...,410,巴西,41,千克,0,—,2216
15141100,初榨的低芥子酸菜子油,138,阿联酋,31044370,千克,0,—,32840085
15141100,初榨的低芥子酸菜子油,305,法国,6651334,千克,0,—,9024908
15141100,初榨的低芥子酸菜子油,321,匈牙利,6993388,千克,0,—,7891687
15141100,初榨的低芥子酸菜子油,444,乌拉圭,1125960,千克,0,—,1386385
15141100,初榨的低芥子酸菜子油,501,加拿大,152328086,千克,0,—,182219022
15141900,其他低芥子酸菜子油及...,138,阿联酋,3825840,千克,0,—,4232211
15141900,其他低芥子酸菜子油及...,301,比利时,2747990,千克,0,—,3111948
15141900,其他低芥子酸菜子油及...,327,波兰,580280,千克,0,—,754746
15141900,其他低芥子酸菜子油及...,501,加拿大,71311,千克,0,—,123265
15149110,初榨的菜子油,127,巴基斯坦,1489700,千克,0,—,2796698
15149110,初榨的菜子油,315,奥地利,6,千克,0,—,77
15151100,初榨的亚麻子油,301,比利时,44180,千克,0,—,66711
15151100,初榨的亚麻子油,307,意大利,7181,千克,0,—,112671
15151100,初榨的亚麻子油,501,加拿大,20653,千克,0,—,41344
15151900,其他亚麻子油及其分离...,301,比利时,135060,千克,0,—,207767
15151900,其他亚麻子油及其分离...,305,法国,0,千克,0,—,5
15151900,其他亚麻子油及其分离...,501,加拿大,67,千克,0,—,1547
15155000,芝麻油及其分离品,203,贝宁,0,千克,0,—,40
15155000,芝麻油及其分离品,305,法国,235,千克,0,—,10344
15155000,芝麻油及其分离品,429,墨西哥,2,千克,0,—,61
15159010,希蒙得木油及其分离品,309,荷兰,25,千克,0,—,509
15159010,希蒙得木油及其分离品,312,西班牙,960,千克,0,—,15444
15159090,未列名固定植物油、脂...,129,菲律宾,0,千克,0,—,32
15159090,未列名固定植物油、脂...,203,贝宁,0,千克,0,—,120
15159090,未列名固定植物油、脂...,224,肯尼亚,90,千克,0,—,1548
15159090,未列名固定植物油、脂...,227,马达加斯加,2,千克,0,—,36
15159090,未列名固定植物油、脂...,244,南非,899,千克,0,—,6270
15159090,未列名固定植物油、脂...,254,津巴布韦,400,千克,0,—,4714
15159090,未列名固定植物油、脂...,305,法国,69171,千克,0,—,914352
15159090,未列名固定植物油、脂...,307,意大利,45005,千克,0,—,293699
15159090,未列名固定植物油、脂...,309,荷兰,184,千克,0,—,3087
15159090,未列名固定植物油、脂...,312,西班牙,76642,千克,0,—,545563
15159090,未列名固定植物油、脂...,315,奥地利,0,千克,0,—,62
15159090,未列名固定植物油、脂...,327,波兰,125,千克,0,—,6091
15159090,未列名固定植物油、脂...,410,巴西,1486,千克,0,—,62795
15159090,未列名固定植物油、脂...,429,墨西哥,7132,千克,0,—,112184
15159090,未列名固定植物油、脂...,501,加拿大,13563,千克,0,—,258772
15162000,氢化酯化或反油酸化的...,129,菲律宾,11,千克,0,—,180
15162000,氢化酯化或反油酸化的...,305,法国,2841,千克,0,—,25134
15162000,氢化酯化或反油酸化的...,307,意大利,500,千克,0,—,1827
15162000,氢化酯化或反油酸化的...,309,荷兰,7360,千克,0,—,50144
15162000,氢化酯化或反油酸化的...,312,西班牙,18000,千克,0,—,46070
15171000,人造黄油，液态的除外,301,比利时,24000,千克,0,—,93604
15171000,人造黄油，液态的除外,309,荷兰,48806,千克,0,—,128465
15179090,其他本章动植物油脂及...,129,菲律宾,121640,千克,0,—,368467
15179090,其他本章动植物油脂及...,138,阿联酋,14580,千克,0,—,39039
15179090,其他本章动植物油脂及...,301,比利时,1170,千克,0,—,4463
15179090,其他本章动植物油脂及...,305,法国,3731,千克,0,—,346392
15179090,其他本章动植物油脂及...,307,意大利,1101,千克,0,—,44293
15179090,其他本章动植物油脂及...,309,荷兰,153359,千克,0,—,620253
15179090,其他本章动植物油脂及...,312,西班牙,10772,千克,0,—,28522
15179090,其他本章动植物油脂及...,326,挪威,53,千克,0,—,2295
15179090,其他本章动植物油脂及...,501,加拿大,449,千克,0,—,12601
15180000,化学改性动植物油脂等...,305,法国,619,千克,0,—,8115
15180000,化学改性动植物油脂等...,307,意大利,2700,千克,0,—,6318
15180000,化学改性动植物油脂等...,309,荷兰,8540,千克,0,—,13627
15180000,化学改性动植物油脂等...,312,西班牙,25,千克,0,—,1177
15180000,化学改性动植物油脂等...,501,加拿大,952,千克,0,—,1920
15200000,粗甘油；甘油水及甘油...,129,菲律宾,1162740,千克,0,—,563186
15200000,粗甘油；甘油水及甘油...,305,法国,2480660,千克,0,—,859288
15200000,粗甘油；甘油水及甘油...,310,希腊,419930,千克,0,—,218783
15200000,粗甘油；甘油水及甘油...,312,西班牙,3176640,千克,0,—,1487627
15200000,粗甘油；甘油水及甘油...,410,巴西,22026227,千克,0,—,9589691
15211000,植物蜡,305,法国,2,千克,0,—,152
15211000,植物蜡,307,意大利,25,千克,0,—,498
15211000,植物蜡,410,巴西,504971,千克,0,—,2284079
15211000,植物蜡,429,墨西哥,20,千克,0,—,872
15219010,蜂蜡,309,荷兰,100,千克,0,—,939
15219010,蜂蜡,312,西班牙,15,千克,0,—,1221
16010010,用天然肠衣做外包装的...,305,法国,711,千克,0,—,13047
16010010,用天然肠衣做外包装的...,312,西班牙,24,千克,0,—,303
16010020,其他肉、食用杂碎或动...,305,法国,9833,千克,0,—,170679
16010020,其他肉、食用杂碎或动...,312,西班牙,3888,千克,0,—,135887
16023100,制作或保藏的火鸡,301,比利时,10,千克,0,—,127
16024990,未列名制作或保藏的猪...,305,法国,77,千克,0,—,973
16024990,未列名制作或保藏的猪...,307,意大利,2697,千克,0,—,34327
16025090,未列名制作或保藏的牛...,124,蒙古,175000,千克,0,—,522123
16029090,未列名制作或保藏的肉...,124,蒙古,550000,千克,0,—,1364030
16041300,制作或保藏的沙丁鱼、...,312,西班牙,432,千克,0,—,8917
16041400,制作或保藏的金枪鱼、...,129,菲律宾,99907,千克,0,—,448069
16041400,制作或保藏的金枪鱼、...,307,意大利,4300,千克,0,—,29399
16041400,制作或保藏的金枪鱼、...,312,西班牙,270,千克,0,—,8564
16042019,其他绞碎制作或保藏的...,305,法国,10,千克,0,—,280
16051000,制作或保藏的蟹,305,法国,19,千克,0,—,628
16053000,制作或保藏的龙虾,305,法国,1174,千克,0,—,141224
16055200,制作或保藏的扇贝，包...,305,法国,10,千克,0,—,375
16055400,制作或保藏的墨鱼及鱿...,312,西班牙,37,千克,0,—,441
16055500,制作或保藏的章鱼,312,西班牙,899,千克,0,—,25702
16055700,制作或保藏的鲍鱼,244,南非,1998,千克,0,—,117891
16055800,制作或保藏的蜗牛及螺...,305,法国,264,千克,0,—,10723
16055900,其他制作或保藏的软体...,127,巴基斯坦,156150,千克,0,—,185884
16055900,其他制作或保藏的软体...,137,土耳其,67000,千克,0,—,408309
16055900,其他制作或保藏的软体...,305,法国,24000,千克,0,—,81600
16055900,其他制作或保藏的软体...,306,爱尔兰,22000,千克,0,—,74542
16055900,其他制作或保藏的软体...,312,西班牙,28,千克,0,—,1321
16056100,制作或保藏的海参,129,菲律宾,40726,千克,0,—,739666
16056100,制作或保藏的海参,227,马达加斯加,3300,千克,0,—,66000
16056100,制作或保藏的海参,501,加拿大,4605,千克,0,—,249417
17011400,"其他甘蔗糖, 未加香...",410,巴西,352295890,千克,0,—,117370503
17019910,砂糖,138,阿联酋,4266000,千克,0,—,2072022
17019910,砂糖,312,西班牙,8400,千克,0,—,8400
17019910,砂糖,410,巴西,540000,千克,0,—,246240
17021100,无水乳糖，重量计干燥...,305,法国,249675,千克,0,—,332928
17021100,无水乳糖，重量计干燥...,307,意大利,346500,千克,0,—,410716
17021100,无水乳糖，重量计干燥...,309,荷兰,172500,千克,0,—,247095
17021100,无水乳糖，重量计干燥...,315,奥地利,174902,千克,0,—,1266538
17021100,无水乳糖，重量计干燥...,318,芬兰,0,千克,0,—,12
17021100,无水乳糖，重量计干燥...,327,波兰,762000,千克,0,—,1053460
17021100,无水乳糖，重量计干燥...,336,立陶宛,80000,千克,0,—,111340
17021100,无水乳糖，重量计干燥...,501,加拿大,100000,千克,0,—,120000
17021900,其他乳糖及乳糖浆,305,法国,100000,千克,0,—,168195
17021900,其他乳糖及乳糖浆,307,意大利,24000,千克,0,—,112001
17021900,其他乳糖及乳糖浆,309,荷兰,139130,千克,0,—,333361
17022000,槭糖及槭糖浆,501,加拿大,1718,千克,0,—,19210
17023000,葡萄糖及葡萄糖浆，果...,301,比利时,2800,千克,0,—,3025
17023000,葡萄糖及葡萄糖浆，果...,305,法国,103647,千克,0,—,186704
17023000,葡萄糖及葡萄糖浆，果...,309,荷兰,18900,千克,0,—,29544
17023000,葡萄糖及葡萄糖浆，果...,312,西班牙,259,千克,0,—,2510
17023000,葡萄糖及葡萄糖浆，果...,429,墨西哥,2984,千克,0,—,23304
17025000,化学纯果糖,137,土耳其,1615000,千克,0,—,1308250
17025000,化学纯果糖,318,芬兰,21002,千克,0,—,27903
17026000,果糖及果糖浆，果糖＞...,301,比利时,4000,千克,0,—,16088
17026000,果糖及果糖浆，果糖＞...,305,法国,4,千克,0,—,180
17026000,果糖及果糖浆，果糖＞...,309,荷兰,10081,千克,0,—,19370
17026000,果糖及果糖浆，果糖＞...,429,墨西哥,79,千克,0,—,695
17026000,果糖及果糖浆，果糖＞...,501,加拿大,460,千克,0,—,3280
17029011,甘蔗糖或甜菜糖水溶液,305,法国,356,千克,0,—,1359
17029090,其他固体糖及未加香料...,301,比利时,1360,千克,0,—,7419
17029090,其他固体糖及未加香料...,305,法国,9405,千克,0,—,25851
17029090,其他固体糖及未加香料...,307,意大利,320,千克,0,—,5419
17029090,其他固体糖及未加香料...,312,西班牙,50,千克,0,—,667
17029090,其他固体糖及未加香料...,327,波兰,1800,千克,0,—,7406
17029090,其他固体糖及未加香料...,501,加拿大,576,千克,0,—,3945
17041000,口香糖，不论是否裹糖,129,菲律宾,155329,千克,0,—,600189
17041000,口香糖，不论是否裹糖,137,土耳其,2,千克,0,—,35
17041000,口香糖，不论是否裹糖,307,意大利,0,千克,0,—,7
17041000,口香糖，不论是否裹糖,327,波兰,2,千克,0,—,67
17049000,不含可可的糖食（口香...,127,巴基斯坦,11055,千克,0,—,26447
17049000,不含可可的糖食（口香...,129,菲律宾,40524,千克,0,—,166266
17049000,不含可可的糖食（口香...,137,土耳其,13871,千克,0,—,62281
17049000,不含可可的糖食（口香...,244,南非,1929,千克,0,—,14293
17049000,不含可可的糖食（口香...,301,比利时,204329,千克,0,—,1039652
17049000,不含可可的糖食（口香...,305,法国,78445,千克,0,—,553625
17049000,不含可可的糖食（口香...,306,爱尔兰,2,千克,0,—,32
17049000,不含可可的糖食（口香...,307,意大利,41287,千克,0,—,221250
17049000,不含可可的糖食（口香...,309,荷兰,4003,千克,0,—,23843
17049000,不含可可的糖食（口香...,312,西班牙,71535,千克,0,—,267080
17049000,不含可可的糖食（口香...,318,芬兰,3256,千克,0,—,23687
17049000,不含可可的糖食（口香...,321,匈牙利,6968,千克,0,—,64766
17049000,不含可可的糖食（口香...,327,波兰,8266,千克,0,—,46429
17049000,不含可可的糖食（口香...,410,巴西,0,千克,0,—,11
17049000,不含可可的糖食（口香...,429,墨西哥,5361,千克,0,—,34170
17049000,不含可可的糖食（口香...,501,加拿大,87000,千克,0,—,707166
18010000,整颗或破碎的可可豆，...,220,加纳,300000,千克,0,—,861594
18010000,整颗或破碎的可可豆，...,250,乌干达,2,千克,0,—,3
18020000,可可荚、壳、皮及废料,220,加纳,661750,千克,0,—,54679
18031000,未脱脂可可膏,220,加纳,150250,千克,0,—,432030
18031000,未脱脂可可膏,305,法国,48,千克,0,—,761
18031000,未脱脂可可膏,309,荷兰,49189,千克,0,—,144850
18032000,全脱脂或部分脱脂可可...,220,加纳,42040,千克,0,—,14828
18032000,全脱脂或部分脱脂可可...,309,荷兰,128206,千克,0,—,138705
18032000,全脱脂或部分脱脂可可...,312,西班牙,10000,千克,0,—,32602
18040000,可可脂、可可油,203,贝宁,0,千克,0,—,40
18040000,可可脂、可可油,301,比利时,25479,千克,0,—,351649
18040000,可可脂、可可油,305,法国,72,千克,0,—,1341
18040000,可可脂、可可油,309,荷兰,100,千克,0,—,1344
18040000,可可脂、可可油,312,西班牙,725,千克,0,—,15586
18050000,未加糖或其他甜物质的...,220,加纳,172925,千克,0,—,290561
18050000,未加糖或其他甜物质的...,305,法国,15489,千克,0,—,144979
18050000,未加糖或其他甜物质的...,307,意大利,963,千克,0,—,6605
18050000,未加糖或其他甜物质的...,309,荷兰,224003,千克,0,—,566416
18050000,未加糖或其他甜物质的...,312,西班牙,15001,千克,0,—,28036
18061000,含糖或其他甜物质的可...,129,菲律宾,3,千克,0,—,70
18061000,含糖或其他甜物质的可...,305,法国,24774,千克,0,—,150404
18061000,含糖或其他甜物质的可...,307,意大利,622,千克,0,—,8597
18061000,含糖或其他甜物质的可...,312,西班牙,7,千克,0,—,27
18061000,含糖或其他甜物质的可...,501,加拿大,1,千克,0,—,32
18062000,其他重量＞2kg的块...,137,土耳其,9530,千克,0,—,90279
18062000,其他重量＞2kg的块...,301,比利时,1314424,千克,0,—,5828223
18062000,其他重量＞2kg的块...,305,法国,128862,千克,0,—,1187915
18062000,其他重量＞2kg的块...,307,意大利,43585,千克,0,—,203860
18062000,其他重量＞2kg的块...,309,荷兰,2100,千克,0,—,19159
18062000,其他重量＞2kg的块...,312,西班牙,11000,千克,0,—,24936
18062000,其他重量＞2kg的块...,315,奥地利,14434,千克,0,—,189851
18062000,其他重量＞2kg的块...,316,保加利亚,6813,千克,0,—,18009
18062000,其他重量＞2kg的块...,501,加拿大,2179,千克,0,—,28560
18063100,块状或条状含可可的夹...,137,土耳其,229,千克,0,—,3355
18063100,块状或条状含可可的夹...,138,阿联酋,98,千克,0,—,1686
18063100,块状或条状含可可的夹...,244,南非,446,千克,0,—,7170
18063100,块状或条状含可可的夹...,301,比利时,13325,千克,0,—,261367
18063100,块状或条状含可可的夹...,305,法国,10964,千克,0,—,69883
18063100,块状或条状含可可的夹...,307,意大利,17064,千克,0,—,349555
18063100,块状或条状含可可的夹...,309,荷兰,608,千克,0,—,8403
18063100,块状或条状含可可的夹...,312,西班牙,26,千克,0,—,1208
18063100,块状或条状含可可的夹...,321,匈牙利,5,千克,0,—,88
18063100,块状或条状含可可的夹...,327,波兰,12397,千克,0,—,100481
18063100,块状或条状含可可的夹...,336,立陶宛,517,千克,0,—,5975
18063100,块状或条状含可可的夹...,340,白俄罗斯,2128,千克,0,—,8738
18063100,块状或条状含可可的夹...,501,加拿大,10,千克,0,—,211
18063200,块状或条状含可可的非...,129,菲律宾,8604,千克,0,—,26747
18063200,块状或条状含可可的非...,137,土耳其,9459,千克,0,—,87107
18063200,块状或条状含可可的非...,138,阿联酋,1074,千克,0,—,13571
18063200,块状或条状含可可的非...,244,南非,72,千克,0,—,232
18063200,块状或条状含可可的非...,301,比利时,18003,千克,0,—,268825
18063200,块状或条状含可可的非...,305,法国,25009,千克,0,—,312794
18063200,块状或条状含可可的非...,307,意大利,23549,千克,0,—,378271
18063200,块状或条状含可可的非...,309,荷兰,111,千克,0,—,1217
18063200,块状或条状含可可的非...,312,西班牙,65027,千克,0,—,489088
18063200,块状或条状含可可的非...,321,匈牙利,7,千克,0,—,188
18063200,块状或条状含可可的非...,327,波兰,2242,千克,0,—,19328
18063200,块状或条状含可可的非...,340,白俄罗斯,221228,千克,0,—,856583
18063200,块状或条状含可可的非...,501,加拿大,1382,千克,0,—,15534
18069000,未列名含可可的食品,129,菲律宾,65964,千克,0,—,295193
18069000,未列名含可可的食品,137,土耳其,53989,千克,0,—,219744
18069000,未列名含可可的食品,138,阿联酋,3638,千克,0,—,107859
18069000,未列名含可可的食品,244,南非,168,千克,0,—,827
18069000,未列名含可可的食品,301,比利时,53249,千克,0,—,559163
18069000,未列名含可可的食品,305,法国,16390,千克,0,—,151017
18069000,未列名含可可的食品,307,意大利,357781,千克,0,—,2826111
18069000,未列名含可可的食品,309,荷兰,9925,千克,0,—,57011
18069000,未列名含可可的食品,310,希腊,6980,千克,0,—,20126
18069000,未列名含可可的食品,312,西班牙,22735,千克,0,—,81065
18069000,未列名含可可的食品,321,匈牙利,3780,千克,0,—,35887
18069000,未列名含可可的食品,326,挪威,1010,千克,0,—,17863
18069000,未列名含可可的食品,327,波兰,5533,千克,0,—,44456
18069000,未列名含可可的食品,429,墨西哥,432,千克,0,—,2418
18069000,未列名含可可的食品,501,加拿大,2486,千克,0,—,18061
19011010,供婴幼儿食用的零售包...,301,比利时,1086,千克,0,—,17803
19011010,供婴幼儿食用的零售包...,305,法国,2824292,千克,0,—,32599915
19011010,供婴幼儿食用的零售包...,306,爱尔兰,1331156,千克,0,—,21762162
19011010,供婴幼儿食用的零售包...,307,意大利,15519,千克,0,—,212919
19011010,供婴幼儿食用的零售包...,309,荷兰,8728857,千克,0,—,142821052
19011010,供婴幼儿食用的零售包...,312,西班牙,15332,千克,0,—,226433
19011010,供婴幼儿食用的零售包...,315,奥地利,2579,千克,0,—,49669
19011010,供婴幼儿食用的零售包...,321,匈牙利,481,千克,0,—,7346
19011010,供婴幼儿食用的零售包...,327,波兰,39064,千克,0,—,511613
19011010,供婴幼儿食用的零售包...,501,加拿大,484,千克,0,—,24260
19011090,其他供婴幼儿食用的零...,301,比利时,102,千克,0,—,3904
19011090,其他供婴幼儿食用的零...,305,法国,157512,千克,0,—,522200
19011090,其他供婴幼儿食用的零...,307,意大利,115767,千克,0,—,332116
19011090,其他供婴幼儿食用的零...,309,荷兰,32062,千克,0,—,924499
19011090,其他供婴幼儿食用的零...,312,西班牙,11987,千克,0,—,367177
19011090,其他供婴幼儿食用的零...,315,奥地利,197435,千克,0,—,2300197
19011090,其他供婴幼儿食用的零...,327,波兰,3534,千克,0,—,158809
19011090,其他供婴幼儿食用的零...,501,加拿大,158,千克,0,—,3843
19012000,供焙烘1905所列面...,137,土耳其,1603,千克,0,—,11017
19012000,供焙烘1905所列面...,301,比利时,8716,千克,0,—,35732
19012000,供焙烘1905所列面...,305,法国,428757,千克,0,—,1645828
19012000,供焙烘1905所列面...,307,意大利,202065,千克,0,—,198667
19012000,供焙烘1905所列面...,309,荷兰,113660,千克,0,—,113076
19012000,供焙烘1905所列面...,312,西班牙,36,千克,0,—,1264
19012000,供焙烘1905所列面...,410,巴西,1,千克,0,—,82
19012000,供焙烘1905所列面...,501,加拿大,54,千克,0,—,203
19019000,麦精；未列名的食品，...,301,比利时,147802,千克,0,—,754400
19019000,麦精；未列名的食品，...,305,法国,525082,千克,0,—,1712975
19019000,麦精；未列名的食品，...,306,爱尔兰,246008,千克,0,—,3134736
19019000,麦精；未列名的食品，...,307,意大利,94,千克,0,—,1636
19019000,麦精；未列名的食品，...,309,荷兰,667213,千克,0,—,12283725
19019000,麦精；未列名的食品，...,312,西班牙,117732,千克,0,—,641183
19019000,麦精；未列名的食品，...,321,匈牙利,68,千克,0,—,1021
19019000,麦精；未列名的食品，...,326,挪威,0,千克,0,—,35
19019000,麦精；未列名的食品，...,327,波兰,94,千克,0,—,1299
19019000,麦精；未列名的食品，...,410,巴西,1321,千克,0,—,39535
19019000,麦精；未列名的食品，...,501,加拿大,342687,千克,0,—,2021409
19021100,含蛋生面食，未包馅或...,129,菲律宾,204,千克,0,—,646
19021100,含蛋生面食，未包馅或...,307,意大利,5748,千克,0,—,19129
19021900,其他生面食，未包馅或...,129,菲律宾,340,千克,0,—,1091
19021900,其他生面食，未包馅或...,137,土耳其,1057275,千克,0,—,829724
19021900,其他生面食，未包馅或...,307,意大利,2637255,千克,0,—,2985557
19021900,其他生面食，未包馅或...,310,希腊,172918,千克,0,—,211580
19021900,其他生面食，未包馅或...,340,白俄罗斯,3004,千克,0,—,1732
19022000,包馅面食，不论是否烹...,307,意大利,828,千克,0,—,7126
19023030,即食或快熟面条,129,菲律宾,576,千克,0,—,631
19023030,即食或快熟面条,305,法国,2,千克,0,—,24
19023030,即食或快熟面条,307,意大利,51320,千克,0,—,107130
19023030,即食或快熟面条,321,匈牙利,4,千克,0,—,91
19023090,未列名面食,129,菲律宾,0,千克,0,—,11
19023090,未列名面食,137,土耳其,62583,千克,0,—,42264
19023090,未列名面食,305,法国,2,千克,0,—,20
19023090,未列名面食,307,意大利,124690,千克,0,—,174133
19023090,未列名面食,310,希腊,5430,千克,0,—,6770
19024000,古斯古斯面食,307,意大利,1200,千克,0,—,1828
19041000,谷物或谷物产品经膨化...,129,菲律宾,357,千克,0,—,5208
19041000,谷物或谷物产品经膨化...,137,土耳其,4571,千克,0,—,3888
19041000,谷物或谷物产品经膨化...,244,南非,474,千克,0,—,669
19041000,谷物或谷物产品经膨化...,301,比利时,12404,千克,0,—,81689
19041000,谷物或谷物产品经膨化...,305,法国,637,千克,0,—,5022
19041000,谷物或谷物产品经膨化...,307,意大利,8698,千克,0,—,30006
19041000,谷物或谷物产品经膨化...,309,荷兰,54297,千克,0,—,92657
19041000,谷物或谷物产品经膨化...,312,西班牙,1,千克,0,—,4
19041000,谷物或谷物产品经膨化...,315,奥地利,2234,千克,0,—,9972
19041000,谷物或谷物产品经膨化...,316,保加利亚,4753,千克,0,—,18754
19041000,谷物或谷物产品经膨化...,318,芬兰,6672,千克,0,—,23792
19041000,谷物或谷物产品经膨化...,327,波兰,12969,千克,0,—,30007
19041000,谷物或谷物产品经膨化...,336,立陶宛,4996,千克,0,—,19571
19041000,谷物或谷物产品经膨化...,340,白俄罗斯,44347,千克,0,—,79581
19041000,谷物或谷物产品经膨化...,408,玻利维亚,6675,千克,0,—,21251
19041000,谷物或谷物产品经膨化...,410,巴西,3376,千克,0,—,9973
19041000,谷物或谷物产品经膨化...,429,墨西哥,6,千克,0,—,27
19041000,谷物或谷物产品经膨化...,501,加拿大,64979,千克,0,—,60313
19042000,未烘炒谷物片或其与烘...,327,波兰,2,千克,0,—,0
19043000,碾碎的干小麦,137,土耳其,5160,千克,0,—,3464
19049000,其他预煮或经其他方法...,137,土耳其,672,千克,0,—,2284
19049000,其他预煮或经其他方法...,301,比利时,60,千克,0,—,150
19049000,其他预煮或经其他方法...,305,法国,0,千克,0,—,4
19049000,其他预煮或经其他方法...,307,意大利,2228,千克,0,—,6001
19053100,甜饼干,129,菲律宾,77208,千克,0,—,213925
19053100,甜饼干,137,土耳其,66829,千克,0,—,149288
19053100,甜饼干,138,阿联酋,2268,千克,0,—,8305
19053100,甜饼干,244,南非,1233,千克,0,—,2904
19053100,甜饼干,301,比利时,196150,千克,0,—,723455
19053100,甜饼干,305,法国,17827,千克,0,—,136232
19053100,甜饼干,307,意大利,103056,千克,0,—,377925
19053100,甜饼干,309,荷兰,17396,千克,0,—,100063
19053100,甜饼干,310,希腊,1015,千克,0,—,11276
19053100,甜饼干,312,西班牙,121009,千克,0,—,249214
19053100,甜饼干,315,奥地利,3656,千克,0,—,9580
19053100,甜饼干,327,波兰,19717,千克,0,—,64855
19053100,甜饼干,340,白俄罗斯,6480,千克,0,—,13698
19053100,甜饼干,429,墨西哥,140,千克,0,—,1153
19053100,甜饼干,501,加拿大,457,千克,0,—,3464
19053200,华夫饼干及圣餐饼,137,土耳其,30359,千克,0,—,159241
19053200,华夫饼干及圣餐饼,138,阿联酋,73,千克,0,—,1814
19053200,华夫饼干及圣餐饼,301,比利时,6440,千克,0,—,54099
19053200,华夫饼干及圣餐饼,305,法国,68041,千克,0,—,501641
19053200,华夫饼干及圣餐饼,307,意大利,66011,千克,0,—,431639
19053200,华夫饼干及圣餐饼,309,荷兰,5766,千克,0,—,35167
19053200,华夫饼干及圣餐饼,310,希腊,240,千克,0,—,1353
19053200,华夫饼干及圣餐饼,312,西班牙,2074,千克,0,—,8844
19053200,华夫饼干及圣餐饼,315,奥地利,155587,千克,0,—,1492109
19053200,华夫饼干及圣餐饼,316,保加利亚,43,千克,0,—,797
19053200,华夫饼干及圣餐饼,327,波兰,13,千克,0,—,277
19053200,华夫饼干及圣餐饼,501,加拿大,71,千克,0,—,270
19054000,面包干、吐司及类似的...,244,南非,240,千克,0,—,295
19054000,面包干、吐司及类似的...,312,西班牙,10267,千克,0,—,40013
19059000,未列名面包、糕点、饼...,129,菲律宾,46389,千克,0,—,129731
19059000,未列名面包、糕点、饼...,137,土耳其,18540,千克,0,—,46019
19059000,未列名面包、糕点、饼...,138,阿联酋,7372,千克,0,—,28094
19059000,未列名面包、糕点、饼...,301,比利时,10027,千克,0,—,126933
19059000,未列名面包、糕点、饼...,305,法国,120048,千克,0,—,550319
19059000,未列名面包、糕点、饼...,307,意大利,63178,千克,0,—,363501
19059000,未列名面包、糕点、饼...,309,荷兰,51937,千克,0,—,330254
19059000,未列名面包、糕点、饼...,312,西班牙,31573,千克,0,—,180047
19059000,未列名面包、糕点、饼...,315,奥地利,25099,千克,0,—,70634
19059000,未列名面包、糕点、饼...,316,保加利亚,4949,千克,0,—,19245
19059000,未列名面包、糕点、饼...,318,芬兰,2779,千克,0,—,25608
19059000,未列名面包、糕点、饼...,326,挪威,1980,千克,0,—,6672
19059000,未列名面包、糕点、饼...,327,波兰,27720,千克,0,—,83853
19059000,未列名面包、糕点、饼...,340,白俄罗斯,1474,千克,0,—,5713
19059000,未列名面包、糕点、饼...,410,巴西,2120,千克,0,—,11293
19059000,未列名面包、糕点、饼...,429,墨西哥,7821,千克,0,—,44176
19059000,未列名面包、糕点、饼...,501,加拿大,93,千克,0,—,993
20011000,用醋或醋酸制作或保藏...,137,土耳其,4695,千克,0,—,7039
20011000,用醋或醋酸制作或保藏...,305,法国,1699,千克,0,—,8983
20011000,用醋或醋酸制作或保藏...,307,意大利,70,千克,0,—,192
20011000,用醋或醋酸制作或保藏...,315,奥地利,1029,千克,0,—,1716
20019090,其他用醋制作蔬菜、果...,137,土耳其,2864,千克,0,—,4094
20019090,其他用醋制作蔬菜、果...,244,南非,16800,千克,0,—,20220
20019090,其他用醋制作蔬菜、果...,307,意大利,8878,千克,0,—,52332
20019090,其他用醋制作蔬菜、果...,312,西班牙,6252,千克,0,—,18493
20019090,其他用醋制作蔬菜、果...,316,保加利亚,11460,千克,0,—,54184
20019090,其他用醋制作蔬菜、果...,429,墨西哥,42222,千克,0,—,106342
20021010,番茄罐头,307,意大利,500466,千克,0,—,442337
20021010,番茄罐头,312,西班牙,1806,千克,0,—,3619
20021090,其他非醋方法制作或保...,307,意大利,282,千克,0,—,3002
20029011,番茄酱罐头重量≤5k...,137,土耳其,1285,千克,0,—,2035
20029011,番茄酱罐头重量≤5k...,307,意大利,133651,千克,0,—,117448
20029090,其他非醋方法制作或保...,307,意大利,57850,千克,0,—,46721
20039090,其他制作或保藏的蘑菇...,307,意大利,859,千克,0,—,3719
20041000,非醋方法制作或保藏的...,137,土耳其,793800,千克,0,—,952560
20041000,非醋方法制作或保藏的...,301,比利时,518892,千克,0,—,589754
20041000,非醋方法制作或保藏的...,309,荷兰,156600,千克,0,—,183397
20041000,非醋方法制作或保藏的...,501,加拿大,102113,千克,0,—,189597
20049000,非醋方法制作或保藏的...,301,比利时,3360,千克,0,—,5232
20049000,非醋方法制作或保藏的...,305,法国,450,千克,0,—,2859
20051000,均化蔬菜,305,法国,11023,千克,0,—,101975
20051000,均化蔬菜,312,西班牙,197,千克,0,—,1369
20052000,非醋方法制作或保藏的...,307,意大利,2751,千克,0,—,19300
20052000,非醋方法制作或保藏的...,327,波兰,98,千克,0,—,369
20054000,非醋方法制作或保藏的...,410,巴西,2,千克,0,—,12
20055119,其他脱荚豇豆及菜豆罐...,137,土耳其,288,千克,0,—,560
20055119,其他脱荚豇豆及菜豆罐...,305,法国,9936,千克,0,—,18042
20055119,其他脱荚豇豆及菜豆罐...,307,意大利,12196,千克,0,—,19531
20055910,未脱荚豇豆及菜豆罐头,307,意大利,10927,千克,0,—,14130
20055910,未脱荚豇豆及菜豆罐头,312,西班牙,300,千克,0,—,1375
20055910,未脱荚豇豆及菜豆罐头,321,匈牙利,33,千克,0,—,35
20055910,未脱荚豇豆及菜豆罐头,429,墨西哥,4306,千克,0,—,5322
20057000,非醋方法制作或保藏的...,137,土耳其,11258,千克,0,—,9221
20057000,非醋方法制作或保藏的...,305,法国,516,千克,0,—,2200
20057000,非醋方法制作或保藏的...,307,意大利,10794,千克,0,—,45608
20057000,非醋方法制作或保藏的...,310,希腊,111,千克,0,—,639
20057000,非醋方法制作或保藏的...,312,西班牙,116060,千克,0,—,253233
20058000,非醋方法制作或保藏的...,305,法国,3636,千克,0,—,10921
20058000,非醋方法制作或保藏的...,321,匈牙利,19,千克,0,—,21
20059991,其他非醋制作的未冷冻...,137,土耳其,2613,千克,0,—,4935
20059991,其他非醋制作的未冷冻...,244,南非,98,千克,0,—,91
20059991,其他非醋制作的未冷冻...,305,法国,1901,千克,0,—,3451
20059991,其他非醋制作的未冷冻...,307,意大利,56696,千克,0,—,67074
20059991,其他非醋制作的未冷冻...,310,希腊,808,千克,0,—,9099
20059991,其他非醋制作的未冷冻...,312,西班牙,10127,千克,0,—,29567
20059991,其他非醋制作的未冷冻...,315,奥地利,870,千克,0,—,10324
20059999,未列名非醋制作的未冷...,137,土耳其,1231,千克,0,—,1377
20059999,未列名非醋制作的未冷...,307,意大利,54,千克,0,—,402
20059999,未列名非醋制作的未冷...,327,波兰,3172,千克,0,—,11522
20060090,其他糖渍蔬菜、水果、...,129,菲律宾,34078,千克,0,—,396912
20060090,其他糖渍蔬菜、水果、...,137,土耳其,2312,千克,0,—,18729
20060090,其他糖渍蔬菜、水果、...,305,法国,3,千克,0,—,15
20060090,其他糖渍蔬菜、水果、...,307,意大利,21,千克,0,—,839
20060090,其他糖渍蔬菜、水果、...,326,挪威,24,千克,0,—,1170
20060090,其他糖渍蔬菜、水果、...,501,加拿大,85730,千克,0,—,328858
20071000,均化食品,301,比利时,14645,千克,0,—,137089
20071000,均化食品,305,法国,66,千克,0,—,563
20071000,均化食品,307,意大利,3814,千克,0,—,33617
20071000,均化食品,309,荷兰,0,千克,0,—,8
20071000,均化食品,312,西班牙,81339,千克,0,—,404252
20071000,均化食品,315,奥地利,131,千克,0,—,1850
20071000,均化食品,321,匈牙利,1,千克,0,—,41
20071000,均化食品,340,白俄罗斯,14928,千克,0,—,52096
20071000,均化食品,415,哥斯达黎加,14040,千克,0,—,50876
20071000,均化食品,429,墨西哥,4,千克,0,—,54
20071000,均化食品,501,加拿大,21,千克,0,—,136
20079100,柑桔属水果制果酱、果...,305,法国,19815,千克,0,—,151307
20079100,柑桔属水果制果酱、果...,307,意大利,3872,千克,0,—,12869
20079100,柑桔属水果制果酱、果...,315,奥地利,1464,千克,0,—,6562
20079910,非柑桔属水果制果酱、...,129,菲律宾,1242,千克,0,—,6458
20079910,非柑桔属水果制果酱、...,137,土耳其,230,千克,0,—,455
20079910,非柑桔属水果制果酱、...,305,法国,72463,千克,0,—,514009
20079910,非柑桔属水果制果酱、...,307,意大利,10350,千克,0,—,34283
20079910,非柑桔属水果制果酱、...,310,希腊,1,千克,0,—,11
20079910,非柑桔属水果制果酱、...,315,奥地利,7871,千克,0,—,35791
20079910,非柑桔属水果制果酱、...,316,保加利亚,6804,千克,0,—,21322
20079910,非柑桔属水果制果酱、...,326,挪威,130,千克,0,—,788
20079910,非柑桔属水果制果酱、...,327,波兰,5,千克,0,—,60
20079910,非柑桔属水果制果酱、...,410,巴西,7245,千克,0,—,21735
20079910,非柑桔属水果制果酱、...,501,加拿大,9,千克,0,—,256
20079990,其他非柑桔属水果制果...,137,土耳其,4248,千克,0,—,8788
20079990,其他非柑桔属水果制果...,244,南非,56400,千克,0,—,47037
20079990,其他非柑桔属水果制果...,305,法国,272625,千克,0,—,1713459
20079990,其他非柑桔属水果制果...,307,意大利,22196,千克,0,—,112468
20079990,其他非柑桔属水果制果...,310,希腊,6,千克,0,—,96
20079990,其他非柑桔属水果制果...,312,西班牙,16667,千克,0,—,76933
20079990,其他非柑桔属水果制果...,315,奥地利,68410,千克,0,—,195447
20079990,其他非柑桔属水果制果...,327,波兰,12440,千克,0,—,26193
20079990,其他非柑桔属水果制果...,410,巴西,1297,千克,0,—,6431
20079990,其他非柑桔属水果制果...,429,墨西哥,22,千克,0,—,746
20079990,其他非柑桔属水果制果...,501,加拿大,5419,千克,0,—,82110
20081120,烘焙花生,244,南非,45,千克,0,—,153
20081130,花生酱,244,南非,720,千克,0,—,1183
20081130,花生酱,312,西班牙,518,千克,0,—,5139
20081130,花生酱,315,奥地利,4,千克,0,—,212
20081130,花生酱,501,加拿大,0,千克,0,—,16
20081920,其他果仁罐头,312,西班牙,4,千克,0,—,12
20081991,其他制作或保藏的栗仁,305,法国,32293,千克,0,—,196537
20081992,其他制作或保藏的芝麻,137,土耳其,300,千克,0,—,1844
20081992,其他制作或保藏的芝麻,310,希腊,720,千克,0,—,4036
20081999,未列名制作或保藏的坚...,129,菲律宾,94,千克,0,—,6779
20081999,未列名制作或保藏的坚...,137,土耳其,1063343,千克,0,—,8122004
20081999,未列名制作或保藏的坚...,305,法国,1448,千克,0,—,48969
20081999,未列名制作或保藏的坚...,307,意大利,2901,千克,0,—,50573
20081999,未列名制作或保藏的坚...,312,西班牙,3372,千克,0,—,66794
20081999,未列名制作或保藏的坚...,315,奥地利,72,千克,0,—,515
20081999,未列名制作或保藏的坚...,501,加拿大,184,千克,0,—,306
20082010,菠萝罐头,129,菲律宾,615145,千克,0,—,624077
20082090,未列名制作或保藏的菠...,305,法国,2592,千克,0,—,16583
20083010,柑桔属水果罐头,244,南非,174915,千克,0,—,355322
20083090,未列名制作或保藏的柑...,244,南非,49881,千克,0,—,44286
20083090,未列名制作或保藏的柑...,305,法国,4092,千克,0,—,38351
20083090,未列名制作或保藏的柑...,307,意大利,12,千克,0,—,221
20083090,未列名制作或保藏的柑...,410,巴西,1541880,千克,0,—,1368875
20083090,未列名制作或保藏的柑...,415,哥斯达黎加,1072980,千克,0,—,1050329
20083090,未列名制作或保藏的柑...,429,墨西哥,5001,千克,0,—,19961
20083090,未列名制作或保藏的柑...,501,加拿大,16290,千克,0,—,141817
20084010,梨罐头,244,南非,123,千克,0,—,106
20084010,梨罐头,312,西班牙,1795,千克,0,—,5148
20085000,其他制作或保藏的杏,244,南非,25,千克,0,—,24
20086010,樱桃罐头,305,法国,768,千克,0,—,10154
20086010,樱桃罐头,309,荷兰,858,千克,0,—,3952
20086090,其他制作或保藏的樱桃,305,法国,5659,千克,0,—,40900
20086090,其他制作或保藏的樱桃,307,意大利,1715,千克,0,—,12812
20086090,其他制作或保藏的樱桃,310,希腊,4560,千克,0,—,27094
20087010,桃罐头,244,南非,481263,千克,0,—,641167
20087090,未列名制作或保藏的桃,301,比利时,0,千克,0,—,6
20087090,未列名制作或保藏的桃,305,法国,3186,千克,0,—,18231
20088000,其他制作或保藏的草莓,305,法国,1374,千克,0,—,7842
20088000,其他制作或保藏的草莓,327,波兰,17280,千克,0,—,64591
20089300,其他制作或保藏的蔓越...,501,加拿大,36889,千克,0,—,868814
20089700,其他制作或保藏的什锦...,129,菲律宾,265373,千克,0,—,269599
20089700,其他制作或保藏的什锦...,137,土耳其,22,千克,0,—,202
20089700,其他制作或保藏的什锦...,305,法国,5,千克,0,—,86
20089700,其他制作或保藏的什锦...,309,荷兰,0,千克,0,—,31
20089700,其他制作或保藏的什锦...,327,波兰,0,千克,0,—,2
20089700,其他制作或保藏的什锦...,501,加拿大,351,千克,0,—,13417
20089939,未列名制作或保藏的海...,305,法国,0,千克,0,—,12
20089990,未列名制作或保藏水果...,129,菲律宾,1167698,千克,0,—,2774125
20089990,未列名制作或保藏水果...,137,土耳其,21603,千克,0,—,44245
20089990,未列名制作或保藏水果...,138,阿联酋,4,千克,0,—,101
20089990,未列名制作或保藏水果...,244,南非,25,千克,0,—,29
20089990,未列名制作或保藏水果...,301,比利时,800,千克,0,—,1831
20089990,未列名制作或保藏水果...,305,法国,13259,千克,0,—,87807
20089990,未列名制作或保藏水果...,307,意大利,6967,千克,0,—,9269
20089990,未列名制作或保藏水果...,310,希腊,7813,千克,0,—,17802
20089990,未列名制作或保藏水果...,312,西班牙,802,千克,0,—,1132
20089990,未列名制作或保藏水果...,327,波兰,2440,千克,0,—,20534
20089990,未列名制作或保藏水果...,415,哥斯达黎加,38400,千克,0,—,23638
20089990,未列名制作或保藏水果...,429,墨西哥,288646,千克,0,—,1494209
20089990,未列名制作或保藏水果...,501,加拿大,828,千克,0,—,67252
20091100,冷冻橙汁,127,巴基斯坦,50760,千克,0,—,73602
20091100,冷冻橙汁,309,荷兰,93154,千克,0,—,251326
20091100,冷冻橙汁,410,巴西,7111583,千克,0,—,10021617
20091100,冷冻橙汁,415,哥斯达黎加,788940,千克,0,—,553582
20091200,非冷冻橙汁，白利糖度...,108,塞浦路斯,807126,千克,0,—,451990
20091200,非冷冻橙汁，白利糖度...,137,土耳其,4431,千克,0,—,2912
20091200,非冷冻橙汁，白利糖度...,244,南非,7906,千克,0,—,6559
20091200,非冷冻橙汁，白利糖度...,307,意大利,22817,千克,0,—,21518
20091200,非冷冻橙汁，白利糖度...,309,荷兰,608,千克,0,—,429
20091200,非冷冻橙汁，白利糖度...,310,希腊,283738,千克,0,—,187657
20091200,非冷冻橙汁，白利糖度...,312,西班牙,415098,千克,0,—,489953
20091200,非冷冻橙汁，白利糖度...,315,奥地利,5952,千克,0,—,7617
20091200,非冷冻橙汁，白利糖度...,316,保加利亚,4320,千克,0,—,3951
20091200,非冷冻橙汁，白利糖度...,327,波兰,12480,千克,0,—,10537
20091200,非冷冻橙汁，白利糖度...,410,巴西,533748,千克,0,—,557273
20091200,非冷冻橙汁，白利糖度...,429,墨西哥,6675,千克,0,—,10176
20091900,其他橙汁,310,希腊,22022,千克,0,—,13688
20092100,葡萄柚（包括柚）汁，...,108,塞浦路斯,52384,千克,0,—,34950
20092100,葡萄柚（包括柚）汁，...,307,意大利,3369,千克,0,—,4941
20092100,葡萄柚（包括柚）汁，...,315,奥地利,3900,千克,0,—,6559
20092900,其他葡萄柚（包括柚）...,244,南非,2,千克,0,—,246
20092900,其他葡萄柚（包括柚）...,307,意大利,1000,千克,0,—,6118
20092900,其他葡萄柚（包括柚）...,310,希腊,3670,千克,0,—,2281
20092900,其他葡萄柚（包括柚）...,312,西班牙,85440,千克,0,—,209897
20093110,柠檬汁，白利糖度值不...,301,比利时,21360,千克,0,—,56361
20093110,柠檬汁，白利糖度值不...,307,意大利,43303,千克,0,—,108562
20093110,柠檬汁，白利糖度值不...,312,西班牙,2157,千克,0,—,7428
20093110,柠檬汁，白利糖度值不...,315,奥地利,1164,千克,0,—,2723
20093910,其他柠檬汁,307,意大利,322271,千克,0,—,1015554
20094100,菠萝汁，白利糖度值≤...,108,塞浦路斯,542232,千克,0,—,324433
20094100,菠萝汁，白利糖度值≤...,129,菲律宾,3102,千克,0,—,5116
20094100,菠萝汁，白利糖度值≤...,307,意大利,12574,千克,0,—,12407
20094100,菠萝汁，白利糖度值≤...,310,希腊,8190,千克,0,—,4965
20094100,菠萝汁，白利糖度值≤...,316,保加利亚,1080,千克,0,—,944
20094100,菠萝汁，白利糖度值≤...,415,哥斯达黎加,122760,千克,0,—,97746
20094900,其他菠萝汁,129,菲律宾,24264,千克,0,—,49395
20094900,其他菠萝汁,310,希腊,11012,千克,0,—,6970
20094900,其他菠萝汁,350,斯洛文尼亚,2268,千克,0,—,2369
20094900,其他菠萝汁,415,哥斯达黎加,49820,千克,0,—,135010
20095000,番茄汁,108,塞浦路斯,33708,千克,0,—,17648
20095000,番茄汁,309,荷兰,304,千克,0,—,200
20095000,番茄汁,312,西班牙,7224,千克,0,—,6345
20095000,番茄汁,315,奥地利,468,千克,0,—,474
20096100,葡萄汁，白利糖度值≤...,108,塞浦路斯,209831,千克,0,—,139739
20096100,葡萄汁，白利糖度值≤...,137,土耳其,10422,千克,0,—,5880
20096100,葡萄汁，白利糖度值≤...,244,南非,11093,千克,0,—,12777
20096100,葡萄汁，白利糖度值≤...,305,法国,64,千克,0,—,876
20096100,葡萄汁，白利糖度值≤...,307,意大利,5589,千克,0,—,6811
20096100,葡萄汁，白利糖度值≤...,310,希腊,33415,千克,0,—,19329
20096100,葡萄汁，白利糖度值≤...,312,西班牙,283567,千克,0,—,288480
20096100,葡萄汁，白利糖度值≤...,315,奥地利,900,千克,0,—,1506
20096100,葡萄汁，白利糖度值≤...,410,巴西,19656,千克,0,—,33593
20096900,其他葡萄汁,307,意大利,67200,千克,0,—,110641
20096900,其他葡萄汁,310,希腊,21600,千克,0,—,33912
20096900,其他葡萄汁,312,西班牙,1380823,千克,0,—,2486701
20096900,其他葡萄汁,315,奥地利,882,千克,0,—,3654
20097100,苹果汁，白利糖度值≤...,108,塞浦路斯,410833,千克,0,—,234570
20097100,苹果汁，白利糖度值≤...,137,土耳其,8225,千克,0,—,4418
20097100,苹果汁，白利糖度值≤...,244,南非,7415,千克,0,—,5063
20097100,苹果汁，白利糖度值≤...,305,法国,32,千克,0,—,216
20097100,苹果汁，白利糖度值≤...,307,意大利,16767,千克,0,—,13367
20097100,苹果汁，白利糖度值≤...,309,荷兰,304,千克,0,—,163
20097100,苹果汁，白利糖度值≤...,310,希腊,179745,千克,0,—,123924
20097100,苹果汁，白利糖度值≤...,312,西班牙,241704,千克,0,—,221192
20097100,苹果汁，白利糖度值≤...,315,奥地利,10233,千克,0,—,16688
20097100,苹果汁，白利糖度值≤...,316,保加利亚,3120,千克,0,—,2219
20097100,苹果汁，白利糖度值≤...,327,波兰,152548,千克,0,—,96605
20097100,苹果汁，白利糖度值≤...,501,加拿大,956,千克,0,—,1034
20097900,其他苹果汁,310,希腊,3670,千克,0,—,2239
20098100,蔓越橘汁,501,加拿大,681,千克,0,—,5146
20098912,芒果汁,108,塞浦路斯,10368,千克,0,—,4531
20098912,芒果汁,129,菲律宾,229000,千克,0,—,399018
20098913,西番莲果汁,327,波兰,2408,千克,0,—,26655
20098919,其他未混合的水果汁,108,塞浦路斯,4680,千克,0,—,2395
20098919,其他未混合的水果汁,129,菲律宾,540823,千克,0,—,718135
20098919,其他未混合的水果汁,137,土耳其,25664,千克,0,—,116306
20098919,其他未混合的水果汁,301,比利时,504,千克,0,—,10864
20098919,其他未混合的水果汁,305,法国,13500,千克,0,—,82214
20098919,其他未混合的水果汁,307,意大利,41554,千克,0,—,318396
20098919,其他未混合的水果汁,312,西班牙,240465,千克,0,—,515455
20098919,其他未混合的水果汁,326,挪威,533,千克,0,—,5594
20098919,其他未混合的水果汁,327,波兰,18181,千克,0,—,303970
20098919,其他未混合的水果汁,339,阿塞拜疆（2023年起停用）,4931,千克,0,—,8469
20098919,其他未混合的水果汁,350,斯洛文尼亚,265,千克,0,—,445
20098919,其他未混合的水果汁,410,巴西,22776,千克,0,—,423052
20098919,其他未混合的水果汁,501,加拿大,32092,千克,0,—,123187
20098919,其他未混合的水果汁,617,萨摩亚,20020,千克,0,—,20020
20098920,未混合的蔬菜汁,137,土耳其,39980,千克,0,—,251663
20098920,未混合的蔬菜汁,305,法国,5200,千克,0,—,49659
20098920,未混合的蔬菜汁,307,意大利,3620,千克,0,—,44323
20098920,未混合的蔬菜汁,350,斯洛文尼亚,132,千克,0,—,176
20099010,混合水果汁,108,塞浦路斯,359480,千克,0,—,210065
20099010,混合水果汁,129,菲律宾,615,千克,0,—,456
20099010,混合水果汁,137,土耳其,4251,千克,0,—,2687
20099010,混合水果汁,244,南非,24342,千克,0,—,15699
20099010,混合水果汁,305,法国,8,千克,0,—,49
20099010,混合水果汁,307,意大利,11774,千克,0,—,12336
20099010,混合水果汁,310,希腊,71223,千克,0,—,42626
20099010,混合水果汁,312,西班牙,129528,千克,0,—,130759
20099010,混合水果汁,316,保加利亚,1920,千克,0,—,1580
20099010,混合水果汁,350,斯洛文尼亚,3502,千克,0,—,3177
20099010,混合水果汁,410,巴西,195935,千克,0,—,224640
20099010,混合水果汁,501,加拿大,406,千克,0,—,4818
20099090,混合蔬菜汁；水果与蔬...,108,塞浦路斯,8652,千克,0,—,6098
20099090,混合蔬菜汁；水果与蔬...,137,土耳其,7001,千克,0,—,4323
20099090,混合蔬菜汁；水果与蔬...,305,法国,6001,千克,0,—,48693
20099090,混合蔬菜汁；水果与蔬...,307,意大利,1196,千克,0,—,28891
20099090,混合蔬菜汁；水果与蔬...,309,荷兰,3119,千克,0,—,76104
20099090,混合蔬菜汁；水果与蔬...,327,波兰,2,千克,0,—,64
20099090,混合蔬菜汁；水果与蔬...,501,加拿大,13,千克,0,—,104
21011100,咖啡的浓缩精汁,305,法国,453,千克,0,—,14197
21011100,咖啡的浓缩精汁,307,意大利,45,千克,0,—,1277
21011100,咖啡的浓缩精汁,309,荷兰,20849,千克,0,—,228561
21011100,咖啡的浓缩精汁,312,西班牙,135,千克,0,—,6991
21011100,咖啡的浓缩精汁,315,奥地利,34,千克,0,—,1071
21011100,咖啡的浓缩精汁,327,波兰,3,千克,0,—,128
21011100,咖啡的浓缩精汁,410,巴西,3467,千克,0,—,29597
21011100,咖啡的浓缩精汁,427,牙买加,156,千克,0,—,11818
21011100,咖啡的浓缩精汁,429,墨西哥,6,千克,0,—,348
21011100,咖啡的浓缩精汁,501,加拿大,73,千克,0,—,1676
21011200,以咖啡浓缩精汁或以咖...,129,菲律宾,943,千克,0,—,1847
21011200,以咖啡浓缩精汁或以咖...,137,土耳其,20773,千克,0,—,365236
21011200,以咖啡浓缩精汁或以咖...,301,比利时,354,千克,0,—,12307
21011200,以咖啡浓缩精汁或以咖...,305,法国,7568,千克,0,—,173676
21011200,以咖啡浓缩精汁或以咖...,307,意大利,3203,千克,0,—,89253
21011200,以咖啡浓缩精汁或以咖...,309,荷兰,5652,千克,0,—,104455
21011200,以咖啡浓缩精汁或以咖...,310,希腊,1,千克,0,—,19
21011200,以咖啡浓缩精汁或以咖...,312,西班牙,611,千克,0,—,8714
21011200,以咖啡浓缩精汁或以咖...,315,奥地利,2,千克,0,—,36
21011200,以咖啡浓缩精汁或以咖...,321,匈牙利,91,千克,0,—,293
21011200,以咖啡浓缩精汁或以咖...,326,挪威,47,千克,0,—,10356
21011200,以咖啡浓缩精汁或以咖...,327,波兰,432,千克,0,—,7010
21012000,以茶、马黛茶及其浓缩...,224,肯尼亚,1610,千克,0,—,31171
21012000,以茶、马黛茶及其浓缩...,305,法国,0,千克,0,—,68
21012000,以茶、马黛茶及其浓缩...,306,爱尔兰,3,千克,0,—,69
21012000,以茶、马黛茶及其浓缩...,307,意大利,8320,千克,0,—,4792
21012000,以茶、马黛茶及其浓缩...,309,荷兰,158,千克,0,—,1195
21012000,以茶、马黛茶及其浓缩...,312,西班牙,10,千克,0,—,271
21012000,以茶、马黛茶及其浓缩...,316,保加利亚,0,千克,0,—,42
21012000,以茶、马黛茶及其浓缩...,327,波兰,16812,千克,0,—,48597
21012000,以茶、马黛茶及其浓缩...,410,巴西,1,千克,0,—,11
21012000,以茶、马黛茶及其浓缩...,501,加拿大,7432,千克,0,—,130180
21013000,烘焙菊苣和其他烘焙咖...,415,哥斯达黎加,1,千克,0,—,43
21021000,活性酵母,137,土耳其,1,千克,0,—,97
21021000,活性酵母,244,南非,80,千克,0,—,1093
21021000,活性酵母,301,比利时,32017,千克,0,—,181541
21021000,活性酵母,305,法国,61952,千克,0,—,250076
21021000,活性酵母,307,意大利,965,千克,0,—,14939
21021000,活性酵母,309,荷兰,0,千克,0,—,107
21021000,活性酵母,312,西班牙,1,千克,0,—,190
21021000,活性酵母,315,奥地利,142,千克,0,—,22306
21021000,活性酵母,429,墨西哥,1,千克,0,—,62
21021000,活性酵母,501,加拿大,214,千克,0,—,6453
21022000,非活性酵母；已死的其...,305,法国,1311,千克,0,—,20950
21022000,非活性酵母；已死的其...,307,意大利,2520,千克,0,—,9181
21022000,非活性酵母；已死的其...,309,荷兰,280,千克,0,—,1410
21022000,非活性酵母；已死的其...,327,波兰,1000,千克,0,—,10556
21023000,发酵粉,305,法国,0,千克,0,—,8
21023000,发酵粉,501,加拿大,3448,千克,0,—,6648
21031000,酱油,129,菲律宾,1681,千克,0,—,1992
21031000,酱油,305,法国,4,千克,0,—,115
21032000,番茄沙司及其他番茄调...,137,土耳其,2185,千克,0,—,3184
21032000,番茄沙司及其他番茄调...,244,南非,42,千克,0,—,42
21032000,番茄沙司及其他番茄调...,305,法国,276,千克,0,—,3106
21032000,番茄沙司及其他番茄调...,307,意大利,80589,千克,0,—,203526
21032000,番茄沙司及其他番茄调...,309,荷兰,490,千克,0,—,2473
21032000,番茄沙司及其他番茄调...,336,立陶宛,50,千克,0,—,173
21033000,芥子粉及其调制品,137,土耳其,265,千克,0,—,568
21033000,芥子粉及其调制品,305,法国,37554,千克,0,—,94017
21039090,未列名调味汁及其制品...,129,菲律宾,66732,千克,0,—,131103
21039090,未列名调味汁及其制品...,137,土耳其,2098,千克,0,—,7300
21039090,未列名调味汁及其制品...,227,马达加斯加,113,千克,0,—,7716
21039090,未列名调味汁及其制品...,244,南非,6608,千克,0,—,10845
21039090,未列名调味汁及其制品...,301,比利时,679,千克,0,—,6812
21039090,未列名调味汁及其制品...,305,法国,39643,千克,0,—,165532
21039090,未列名调味汁及其制品...,307,意大利,66724,千克,0,—,1028714
21039090,未列名调味汁及其制品...,309,荷兰,14868,千克,0,—,75197
21039090,未列名调味汁及其制品...,312,西班牙,41493,千克,0,—,244426
21039090,未列名调味汁及其制品...,321,匈牙利,2048,千克,0,—,38480
21039090,未列名调味汁及其制品...,326,挪威,33,千克,0,—,495
21039090,未列名调味汁及其制品...,327,波兰,25597,千克,0,—,188321
21039090,未列名调味汁及其制品...,336,立陶宛,28,千克,0,—,143
21039090,未列名调味汁及其制品...,410,巴西,2,千克,0,—,66
21039090,未列名调味汁及其制品...,415,哥斯达黎加,5408,千克,0,—,8245
21039090,未列名调味汁及其制品...,429,墨西哥,4419,千克,0,—,17395
21039090,未列名调味汁及其制品...,501,加拿大,2976,千克,0,—,11009
21041000,汤料及其制品,305,法国,80,千克,0,—,365
21041000,汤料及其制品,309,荷兰,79,千克,0,—,1161
21041000,汤料及其制品,312,西班牙,37940,千克,0,—,102182
21041000,汤料及其制品,501,加拿大,3,千克,0,—,63
21042000,均化混合食品,244,南非,408,千克,0,—,306
21042000,均化混合食品,301,比利时,1872,千克,0,—,12990
21042000,均化混合食品,305,法国,20462,千克,0,—,190517
21042000,均化混合食品,307,意大利,4731,千克,0,—,77075
21042000,均化混合食品,312,西班牙,4494,千克,0,—,30438
21042000,均化混合食品,315,奥地利,2218,千克,0,—,15412
21042000,均化混合食品,327,波兰,4770,千克,0,—,73958
21050000,冰淇淋及其他冰制食品...,137,土耳其,11453,千克,0,—,69415
21050000,冰淇淋及其他冰制食品...,301,比利时,12345,千克,0,—,63733
21050000,冰淇淋及其他冰制食品...,305,法国,717544,千克,0,—,4822860
21050000,冰淇淋及其他冰制食品...,307,意大利,52082,千克,0,—,324891
21050000,冰淇淋及其他冰制食品...,312,西班牙,90121,千克,0,—,521696
21050000,冰淇淋及其他冰制食品...,327,波兰,3397,千克,0,—,27011
21050000,冰淇淋及其他冰制食品...,350,斯洛文尼亚,8921,千克,0,—,56208
21061000,浓缩蛋白质及人造蛋白...,305,法国,105,千克,0,—,11202
21061000,浓缩蛋白质及人造蛋白...,307,意大利,382,千克,0,—,219032
21061000,浓缩蛋白质及人造蛋白...,309,荷兰,10,千克,0,—,427
21061000,浓缩蛋白质及人造蛋白...,312,西班牙,2039,千克,0,—,49249
21061000,浓缩蛋白质及人造蛋白...,501,加拿大,6108,千克,0,—,75761
21069010,制碳酸饮料的浓缩物,305,法国,45,千克,0,—,8442
21069030,蜂王浆制剂,501,加拿大,1,千克,0,—,178
21069040,椰子汁,129,菲律宾,22260,千克,0,—,48866
21069050,海豹油胶囊,326,挪威,3929,千克,0,—,320267
21069050,海豹油胶囊,501,加拿大,35,千克,0,—,4656
21069061,含香料或着色剂的甘蔗...,305,法国,49766,千克,0,—,140880
21069061,含香料或着色剂的甘蔗...,307,意大利,23014,千克,0,—,74584
21069090,未列名食品,124,蒙古,91776,千克,0,—,259408
21069090,未列名食品,127,巴基斯坦,300,千克,0,—,4107
21069090,未列名食品,129,菲律宾,24191,千克,0,—,50226
21069090,未列名食品,137,土耳其,929,千克,0,—,10547
21069090,未列名食品,138,阿联酋,10,千克,0,—,4600
21069090,未列名食品,244,南非,3933,千克,0,—,47387
21069090,未列名食品,301,比利时,196644,千克,0,—,1085959
21069090,未列名食品,305,法国,294771,千克,0,—,4935970
21069090,未列名食品,306,爱尔兰,5794,千克,0,—,110719
21069090,未列名食品,307,意大利,233528,千克,0,—,5352065
21069090,未列名食品,309,荷兰,694955,千克,0,—,12772504
21069090,未列名食品,312,西班牙,140766,千克,0,—,3459564
21069090,未列名食品,313,阿尔巴尼亚,0,千克,0,—,22
21069090,未列名食品,314,安道尔,4,千克,0,—,1127
21069090,未列名食品,315,奥地利,22744,千克,0,—,188280
21069090,未列名食品,316,保加利亚,21934,千克,0,—,333103
21069090,未列名食品,318,芬兰,65,千克,0,—,1380
21069090,未列名食品,321,匈牙利,3733,千克,0,—,42195
21069090,未列名食品,326,挪威,20229,千克,0,—,1367040
21069090,未列名食品,327,波兰,7464,千克,0,—,192347
21069090,未列名食品,336,立陶宛,551,千克,0,—,23083
21069090,未列名食品,408,玻利维亚,1820,千克,0,—,5917
21069090,未列名食品,410,巴西,23338,千克,0,—,1067927
21069090,未列名食品,415,哥斯达黎加,3,千克,0,—,6880
21069090,未列名食品,429,墨西哥,24,千克,0,—,303
21069090,未列名食品,435,波多黎各,17074,千克,0,—,1227001
21069090,未列名食品,501,加拿大,166470,千克,0,—,10396494
22011010,未加味、加糖或其他甜...,137,土耳其,2938,升,2953,千克,2535
22011010,未加味、加糖或其他甜...,301,比利时,14062,升,14062,千克,8854
22011010,未加味、加糖或其他甜...,305,法国,11500635,升,11499810,千克,10090706
22011010,未加味、加糖或其他甜...,307,意大利,1610560,升,1610289,千克,1362928
22011010,未加味、加糖或其他甜...,309,荷兰,5836,升,5836,千克,8034
22011010,未加味、加糖或其他甜...,310,希腊,7862,升,7862,千克,8639
22011010,未加味、加糖或其他甜...,315,奥地利,12,升,6,千克,40
22011010,未加味、加糖或其他甜...,318,芬兰,60474,升,60474,千克,38384
22011010,未加味、加糖或其他甜...,350,斯洛文尼亚,600,升,600,千克,585
22011020,未加味、加糖或其他甜...,305,法国,244100,升,244108,千克,346310
22011020,未加味、加糖或其他甜...,307,意大利,698310,升,698310,千克,399778
22011020,未加味、加糖或其他甜...,309,荷兰,1901,升,1901,千克,2632
22011020,未加味、加糖或其他甜...,318,芬兰,40068,升,40068,千克,25432
22011020,未加味、加糖或其他甜...,326,挪威,1404,升,1404,千克,3660
22019011,已包装未加味、加糖或...,301,比利时,25,千升,24982,千克,18000
22019011,已包装未加味、加糖或...,305,法国,30,千升,29510,千克,43043
22019011,已包装未加味、加糖或...,307,意大利,273,千升,273024,千克,111925
22019011,已包装未加味、加糖或...,310,希腊,2,千升,2160,千克,734
22019011,已包装未加味、加糖或...,315,奥地利,23,千升,24004,千克,17650
22019011,已包装未加味、加糖或...,326,挪威,334,千升,335270,千克,480168
22019011,已包装未加味、加糖或...,501,加拿大,62,千升,62360,千克,36720
22019090,未列名未加味、加糖或...,312,西班牙,0,千升,692,千克,39074
22021000,加味、加糖或其他甜物...,129,菲律宾,18539,升,18539,千克,15603
22021000,加味、加糖或其他甜物...,137,土耳其,50750,升,51129,千克,44651
22021000,加味、加糖或其他甜物...,244,南非,799,升,800,千克,430
22021000,加味、加糖或其他甜物...,301,比利时,13230,升,13230,千克,20490
22021000,加味、加糖或其他甜物...,305,法国,2625882,升,2623862,千克,3523289
22021000,加味、加糖或其他甜物...,307,意大利,120532,升,124391,千克,213013
22021000,加味、加糖或其他甜物...,309,荷兰,1352,升,1349,千克,1037
22021000,加味、加糖或其他甜物...,310,希腊,22990,升,24135,千克,34605
22021000,加味、加糖或其他甜物...,312,西班牙,6156,升,6412,千克,14498
22021000,加味、加糖或其他甜物...,315,奥地利,272640,升,285220,千克,288550
22021000,加味、加糖或其他甜物...,316,保加利亚,29212,升,29212,千克,45457
22021000,加味、加糖或其他甜物...,321,匈牙利,4276,升,4276,千克,8514
22021000,加味、加糖或其他甜物...,326,挪威,66924,升,66924,千克,119909
22021000,加味、加糖或其他甜物...,327,波兰,20529,升,20529,千克,20278
22021000,加味、加糖或其他甜物...,501,加拿大,5637,升,5637,千克,14083
22029100,无醇啤酒,301,比利时,3495,升,3495,千克,8808
22029100,无醇啤酒,305,法国,17,升,17,千克,63
22029100,无醇啤酒,309,荷兰,136391,升,138046,千克,189531
22029100,无醇啤酒,312,西班牙,402,升,402,千克,415
22029100,无醇啤酒,315,奥地利,864,升,869,千克,908
22029100,无醇啤酒,327,波兰,21120,升,21120,千克,21265
22029900,其他无酒精饮料,108,塞浦路斯,501526,升,545764,千克,325345
22029900,其他无酒精饮料,129,菲律宾,88381,升,88473,千克,89527
22029900,其他无酒精饮料,137,土耳其,267177,升,268694,千克,178585
22029900,其他无酒精饮料,244,南非,62262,升,61116,千克,234942
22029900,其他无酒精饮料,301,比利时,365161,升,375962,千克,407321
22029900,其他无酒精饮料,305,法国,221379,升,221379,千克,347622
22029900,其他无酒精饮料,306,爱尔兰,22275,升,23347,千克,26221
22029900,其他无酒精饮料,307,意大利,204736,升,207130,千克,315666
22029900,其他无酒精饮料,309,荷兰,3109006,升,3214228,千克,3888164
22029900,其他无酒精饮料,310,希腊,177622,升,186568,千克,144896
22029900,其他无酒精饮料,312,西班牙,383090,升,384301,千克,1157482
22029900,其他无酒精饮料,315,奥地利,88273,升,89522,千克,128515
22029900,其他无酒精饮料,316,保加利亚,49792,升,49802,千克,39759
22029900,其他无酒精饮料,318,芬兰,22887,升,23513,千克,65878
22029900,其他无酒精饮料,327,波兰,12144,升,12144,千克,24765
22029900,其他无酒精饮料,350,斯洛文尼亚,11256,升,11688,千克,7930
22029900,其他无酒精饮料,410,巴西,14880,升,15916,千克,26934
22029900,其他无酒精饮料,415,哥斯达黎加,4,升,0,千克,216
22029900,其他无酒精饮料,429,墨西哥,10012,升,10012,千克,11114
22029900,其他无酒精饮料,501,加拿大,2005,升,2005,千克,74336
22030000,麦芽酿造的啤酒,108,塞浦路斯,55128,升,55797,千克,57447
22030000,麦芽酿造的啤酒,124,蒙古,179701,升,180831,千克,227603
22030000,麦芽酿造的啤酒,129,菲律宾,16182,升,16379,千克,24927
22030000,麦芽酿造的啤酒,137,土耳其,367676,升,371542,千克,269874
22030000,麦芽酿造的啤酒,244,南非,1147,升,1141,千克,885
22030000,麦芽酿造的啤酒,301,比利时,4311809,升,4347886,千克,10631891
22030000,麦芽酿造的啤酒,305,法国,2374139,升,2396957,千克,6293215
22030000,麦芽酿造的啤酒,306,爱尔兰,525446,升,531714,千克,793971
22030000,麦芽酿造的啤酒,307,意大利,502799,升,507254,千克,863200
22030000,麦芽酿造的啤酒,309,荷兰,2256395,升,2277867,千克,3695095
22030000,麦芽酿造的啤酒,312,西班牙,4584169,升,4633487,千克,5572387
22030000,麦芽酿造的啤酒,315,奥地利,48470,升,48712,千克,47694
22030000,麦芽酿造的啤酒,321,匈牙利,121500,升,122975,千克,145864
22030000,麦芽酿造的啤酒,326,挪威,6588,升,6662,千克,22742
22030000,麦芽酿造的啤酒,327,波兰,1009668,升,1018129,千克,1465514
22030000,麦芽酿造的啤酒,336,立陶宛,150648,升,152881,千克,150234
22030000,麦芽酿造的啤酒,340,白俄罗斯,67500,升,68320,千克,34196
22030000,麦芽酿造的啤酒,410,巴西,1182,升,1182,千克,4566
22030000,麦芽酿造的啤酒,429,墨西哥,4555488,升,4601780,千克,7910795
22030000,麦芽酿造的啤酒,501,加拿大,36358,升,44655,千克,102577
22041000,葡萄汽酒,244,南非,10844,升,10802,千克,46202
22041000,葡萄汽酒,305,法国,150090,升,148567,千克,4478216
22041000,葡萄汽酒,307,意大利,666620,升,667260,千克,2421537
22041000,葡萄汽酒,312,西班牙,205522,升,204226,千克,666459
22041000,葡萄汽酒,315,奥地利,1134,升,1699,千克,11527
22041000,葡萄汽酒,336,立陶宛,6175,升,6175,千克,15087
22041000,葡萄汽酒,501,加拿大,340,升,340,千克,26041
22042100,装入≤2升的容器的鲜...,108,塞浦路斯,10761,升,10761,千克,57103
22042100,装入≤2升的容器的鲜...,244,南非,1153771,升,1148956,千克,4253233
22042100,装入≤2升的容器的鲜...,301,比利时,2,升,2,千克,44
22042100,装入≤2升的容器的鲜...,305,法国,7589451,升,7547915,千克,51839767
22042100,装入≤2升的容器的鲜...,307,意大利,2409077,升,2401206,千克,13887004
22042100,装入≤2升的容器的鲜...,309,荷兰,19,升,15,千克,176
22042100,装入≤2升的容器的鲜...,310,希腊,12082,升,11849,千克,80809
22042100,装入≤2升的容器的鲜...,312,西班牙,4612323,升,4579991,千克,11498358
22042100,装入≤2升的容器的鲜...,315,奥地利,59907,升,64437,千克,497852
22042100,装入≤2升的容器的鲜...,316,保加利亚,4964,升,4933,千克,12483
22042100,装入≤2升的容器的鲜...,321,匈牙利,64757,升,64741,千克,247861
22042100,装入≤2升的容器的鲜...,339,阿塞拜疆（2023年起停用）,6075,升,6075,千克,14618
22042100,装入≤2升的容器的鲜...,350,斯洛文尼亚,243,升,243,千克,1439
22042100,装入≤2升的容器的鲜...,359,黑山,26280,升,26280,千克,176404
22042100,装入≤2升的容器的鲜...,410,巴西,3150,升,3087,千克,21457
22042100,装入≤2升的容器的鲜...,501,加拿大,56325,升,55955,千克,1205925
22042200,装入2升以上但不超过...,305,法国,8143,升,8084,千克,172118
22042200,装入2升以上但不超过...,307,意大利,10583,升,10568,千克,65649
22042200,装入2升以上但不超过...,312,西班牙,30030,升,29886,千克,68376
22042900,装入10升以上容器的...,244,南非,782540,升,768988,千克,442297
22042900,装入10升以上容器的...,305,法国,1468816,升,1462110,千克,1448571
22042900,装入10升以上容器的...,307,意大利,265651,升,264488,千克,325998
22042900,装入10升以上容器的...,312,西班牙,2210556,升,2198714,千克,1300176
22051000,装入≤2升的容器的味...,305,法国,52619,升,52060,千克,186569
22051000,装入≤2升的容器的味...,307,意大利,144533,升,141856,千克,475696
22051000,装入≤2升的容器的味...,312,西班牙,29817,升,29401,千克,63944
22060010,黄酒,501,加拿大,2025,升,1883,千克,16202
22060090,其他发酵饮料（例如，...,244,南非,3486,升,3457,千克,3189
22060090,其他发酵饮料（例如，...,305,法国,41751,升,41274,千克,143422
22060090,其他发酵饮料（例如，...,306,爱尔兰,5702,升,5702,千克,12204
22060090,其他发酵饮料（例如，...,312,西班牙,5158,升,5210,千克,5200
22060090,其他发酵饮料（例如，...,315,奥地利,171288,升,171632,千克,215138
22060090,其他发酵饮料（例如，...,336,立陶宛,11928,升,12073,千克,11500
22060090,其他发酵饮料（例如，...,340,白俄罗斯,22932,升,22932,千克,5718
22060090,其他发酵饮料（例如，...,501,加拿大,1545,升,1609,千克,3012
22060090,其他发酵饮料（例如，...,614,汤加,864,升,864,千克,6118
22071000,未改性乙醇，按容量计...,127,巴基斯坦,15204656,升,12263752,千克,11577113
22071000,未改性乙醇，按容量计...,301,比利时,10,升,8,千克,160
22071000,未改性乙醇，按容量计...,305,法国,40,升,32,千克,530
22071000,未改性乙醇，按容量计...,312,西班牙,408,升,464,千克,2508
22072000,任何浓度的改性乙醇及...,127,巴基斯坦,281,升,225,千克,6023
22082000,蒸馏葡萄酒制得的烈性...,244,南非,2637,升,2405,千克,13066
22082000,蒸馏葡萄酒制得的烈性...,305,法国,3418655,升,3188611,千克,127488755
22082000,蒸馏葡萄酒制得的烈性...,307,意大利,386,升,361,千克,8888
22082000,蒸馏葡萄酒制得的烈性...,309,荷兰,767,升,834,千克,52330
22082000,蒸馏葡萄酒制得的烈性...,312,西班牙,27070,升,24700,千克,160935
22082000,蒸馏葡萄酒制得的烈性...,339,阿塞拜疆（2023年起停用）,878,升,878,千克,5539
22083000,威士忌酒,244,南非,563,升,513,千克,7304
22083000,威士忌酒,301,比利时,3168,升,3168,千克,84242
22083000,威士忌酒,305,法国,7174,升,6916,千克,188595
22083000,威士忌酒,306,爱尔兰,20344,升,18607,千克,170611
22083000,威士忌酒,309,荷兰,573,升,617,千克,29369
22084000,朗姆酒及蒸馏已发酵甘...,305,法国,4047,升,3781,千克,23235
22084000,朗姆酒及蒸馏已发酵甘...,307,意大利,8,升,8,千克,803
22084000,朗姆酒及蒸馏已发酵甘...,309,荷兰,18,升,23,千克,1598
22084000,朗姆酒及蒸馏已发酵甘...,312,西班牙,210,升,210,千克,932
22084000,朗姆酒及蒸馏已发酵甘...,405,巴巴多斯,50,升,48,千克,849
22084000,朗姆酒及蒸馏已发酵甘...,427,牙买加,125,升,74,千克,9572
22084000,朗姆酒及蒸馏已发酵甘...,435,波多黎各,49560,升,48621,千克,122776
22084000,朗姆酒及蒸馏已发酵甘...,442,特立尼达和多巴哥,1949,升,1811,千克,5087
22085000,杜松子酒,244,南非,36540,升,36540,千克,148342
22085000,杜松子酒,301,比利时,294,升,294,千克,6654
22085000,杜松子酒,305,法国,69,升,65,千克,2799
22085000,杜松子酒,306,爱尔兰,21236,升,20128,千克,32065
22085000,杜松子酒,307,意大利,3,升,3,千克,60
22085000,杜松子酒,309,荷兰,1015,升,994,千克,10445
22085000,杜松子酒,312,西班牙,13742,升,12607,千克,164986
22085000,杜松子酒,501,加拿大,18,升,18,千克,688
22086000,伏特加酒,305,法国,39494,升,36013,千克,278647
22086000,伏特加酒,307,意大利,247596,升,234021,千克,521564
22086000,伏特加酒,309,荷兰,1890,升,1739,千克,4734
22086000,伏特加酒,312,西班牙,630,升,630,千克,1595
22086000,伏特加酒,318,芬兰,14313,升,13047,千克,64314
22086000,伏特加酒,327,波兰,50856,升,46406,千克,139498
22086000,伏特加酒,336,立陶宛,8,升,8,千克,17
22086000,伏特加酒,340,白俄罗斯,38540,升,35223,千克,67259
22086000,伏特加酒,410,巴西,1584,升,1563,千克,2855
22087000,利口酒及柯迪尔酒,244,南非,15840,升,15555,千克,52592
22087000,利口酒及柯迪尔酒,305,法国,112127,升,107319,千克,913630
22087000,利口酒及柯迪尔酒,306,爱尔兰,231596,升,247049,千克,982564
22087000,利口酒及柯迪尔酒,307,意大利,146124,升,142684,千克,365699
22087000,利口酒及柯迪尔酒,309,荷兰,73155,升,69135,千克,378651
22087000,利口酒及柯迪尔酒,312,西班牙,8557,升,8482,千克,39358
22087000,利口酒及柯迪尔酒,315,奥地利,3,升,2,千克,55
22087000,利口酒及柯迪尔酒,327,波兰,30879,升,27792,千克,123445
22087000,利口酒及柯迪尔酒,336,立陶宛,8,升,8,千克,12
22087000,利口酒及柯迪尔酒,429,墨西哥,13200,升,12038,千克,73700
22089010,龙舌兰酒,309,荷兰,3,升,3,千克,174
22089010,龙舌兰酒,429,墨西哥,228049,升,223521,千克,1239335
22089020,白酒,309,荷兰,8,升,8,千克,2400
22089020,白酒,501,加拿大,1320,升,1214,千克,31840
22089090,浓度＜80％的未改性...,137,土耳其,2747,升,2505,千克,11034
22089090,浓度＜80％的未改性...,305,法国,1221,升,1206,千克,28139
22089090,浓度＜80％的未改性...,306,爱尔兰,399,升,399,千克,2796
22089090,浓度＜80％的未改性...,307,意大利,3741,升,3661,千克,33129
22089090,浓度＜80％的未改性...,309,荷兰,210,升,210,千克,1615
22089090,浓度＜80％的未改性...,310,希腊,417,升,415,千克,3790
22089090,浓度＜80％的未改性...,312,西班牙,64738,升,67385,千克,161826
22089090,浓度＜80％的未改性...,339,阿塞拜疆（2023年起停用）,225,升,225,千克,2332
22089090,浓度＜80％的未改性...,429,墨西哥,143,升,143,千克,1115
22089090,浓度＜80％的未改性...,501,加拿大,161,升,146,千克,963
22090000,醋及用醋酸制得的醋代...,129,菲律宾,15,升,18,千克,226
22090000,醋及用醋酸制得的醋代...,305,法国,2316,升,2316,千克,7397
22090000,醋及用醋酸制得的醋代...,307,意大利,98064,升,102311,千克,222230
22090000,醋及用醋酸制得的醋代...,312,西班牙,7374,升,7412,千克,46176
22090000,醋及用醋酸制得的醋代...,315,奥地利,864,升,864,千克,1682
23011011,含牛、羊成分的肉骨粉,444,乌拉圭,1682973,千克,0,—,1014045
23011020,油渣,124,蒙古,49000,千克,0,—,13422
23012010,饲料用鱼粉,127,巴基斯坦,3156500,千克,0,—,3202240
23012010,饲料用鱼粉,244,南非,522020,千克,0,—,857525
23012010,饲料用鱼粉,429,墨西哥,7411576,千克,0,—,10936204
23023000,小麦的糠、麸及其他残...,124,蒙古,1533000,千克,0,—,331452
23024000,其他谷物的糠、麸及其...,137,土耳其,1500,千克,0,—,8218
23063000,葵花子的油渣饼及其他...,316,保加利亚,46200000,千克,0,—,20189400
23064100,低芥子酸油菜子的油渣...,138,阿联酋,27429350,千克,0,—,9075886
23064100,低芥子酸油菜子的油渣...,501,加拿大,77555000,千克,0,—,29366826
23065000,椰子或干椰肉的油渣饼...,129,菲律宾,3,千克,0,—,45
23091010,零售包装狗食或猫食饲...,307,意大利,99215,千克,0,—,149095
23091010,零售包装狗食或猫食饲...,315,奥地利,24184,千克,0,—,312762
23091090,其他零售包装的狗食或...,301,比利时,19620,千克,0,—,106000
23091090,其他零售包装的狗食或...,305,法国,3,千克,0,—,209
23091090,其他零售包装的狗食或...,307,意大利,362500,千克,0,—,2019183
23091090,其他零售包装的狗食或...,309,荷兰,1112,千克,0,—,19844
23091090,其他零售包装的狗食或...,312,西班牙,19316,千克,0,—,58070
23091090,其他零售包装的狗食或...,410,巴西,8,千克,0,—,328
23091090,其他零售包装的狗食或...,501,加拿大,3225105,千克,0,—,19124162
23099010,制成的饲料添加剂,301,比利时,204423,千克,0,—,669897
23099010,制成的饲料添加剂,305,法国,428560,千克,0,—,2111983
23099010,制成的饲料添加剂,306,爱尔兰,110151,千克,0,—,93297
23099010,制成的饲料添加剂,307,意大利,646000,千克,0,—,2465590
23099010,制成的饲料添加剂,309,荷兰,294900,千克,0,—,723189
23099010,制成的饲料添加剂,312,西班牙,144374,千克,0,—,595898
23099010,制成的饲料添加剂,315,奥地利,12103,千克,0,—,1030193
23099010,制成的饲料添加剂,327,波兰,33615,千克,0,—,724751
23099010,制成的饲料添加剂,410,巴西,500,千克,0,—,18065
23099010,制成的饲料添加剂,429,墨西哥,9900,千克,0,—,40507
23099010,制成的饲料添加剂,501,加拿大,42000,千克,0,—,234548
23099090,未列名配制的动物饲料,305,法国,195500,千克,0,—,406111
23099090,未列名配制的动物饲料,306,爱尔兰,192102,千克,0,—,149455
23099090,未列名配制的动物饲料,309,荷兰,6150608,千克,0,—,10255898
23099090,未列名配制的动物饲料,312,西班牙,40000,千克,0,—,39489
23099090,未列名配制的动物饲料,321,匈牙利,48000,千克,0,—,218400
23099090,未列名配制的动物饲料,326,挪威,94400,千克,0,—,59944
23099090,未列名配制的动物饲料,340,白俄罗斯,50000,千克,0,—,70500
23099090,未列名配制的动物饲料,410,巴西,183000,千克,0,—,239488
24012010,部分或全部去梗的烤烟,254,津巴布韦,4019420,千克,0,—,37530152
24012010,部分或全部去梗的烤烟,410,巴西,91,千克,0,—,1611
24021000,烟草制的雪茄烟,309,荷兰,6,千克,6,千支,4130
24021000,烟草制的雪茄烟,431,尼加拉瓜,251,千克,12,千支,35484
24022000,烟草制的卷烟,138,阿联酋,56710,千克,43960,千支,374780
24031900,其他供吸用的烟草，不...,254,津巴布韦,328440,千克,0,—,1754318
24039900,其他烟草或烟草代用品...,137,土耳其,10256,千克,0,—,50177
24039900,其他烟草或烟草代用品...,138,阿联酋,58440,千克,0,—,659709
25010011,食用盐,127,巴基斯坦,45214,千克,0,—,15372
25010011,食用盐,137,土耳其,15,千克,0,—,236
25010011,食用盐,138,阿联酋,8,千克,0,—,13
25010011,食用盐,305,法国,71,千克,0,—,1335
25010011,食用盐,307,意大利,4957,千克,0,—,1194
25010011,食用盐,315,奥地利,5001,千克,0,—,3863
25010011,食用盐,501,加拿大,1,千克,0,—,15
25010019,其他盐,127,巴基斯坦,901455,千克,0,—,214526
25010019,其他盐,305,法国,630,千克,0,—,7751
25010019,其他盐,307,意大利,6350,千克,0,—,5104
25010019,其他盐,312,西班牙,2,千克,0,—,18
25010019,其他盐,327,波兰,64746,千克,0,—,42494
25010019,其他盐,429,墨西哥,19100000,千克,0,—,862078
25010020,纯氯化钠,127,巴基斯坦,21970,千克,0,—,6767
25010020,纯氯化钠,305,法国,5972,千克,0,—,110467
25010020,纯氯化钠,307,意大利,26,千克,0,—,363
25010020,纯氯化钠,309,荷兰,1001,千克,0,—,967
25010020,纯氯化钠,315,奥地利,147420,千克,0,—,51088
25010020,纯氯化钠,318,芬兰,0,千克,0,—,237
25010020,纯氯化钠,336,立陶宛,80,千克,0,—,7831
25010020,纯氯化钠,429,墨西哥,102,千克,0,—,1607
25010020,纯氯化钠,501,加拿大,1,千克,0,—,692
25010030,海水,137,土耳其,20,千克,0,—,343
25010030,海水,305,法国,25,千克,0,—,1110
25020000,未焙烧的黄铁矿,129,菲律宾,9,千克,0,—,50
25020000,未焙烧的黄铁矿,137,土耳其,3135286,千克,0,—,804602
25020000,未焙烧的黄铁矿,307,意大利,20000,千克,0,—,22293
25020000,未焙烧的黄铁矿,312,西班牙,300,千克,0,—,18919
25020000,未焙烧的黄铁矿,315,奥地利,2000,千克,0,—,1985
25020000,未焙烧的黄铁矿,316,保加利亚,10158376,千克,0,—,2355930
25020000,未焙烧的黄铁矿,410,巴西,15000,千克,0,—,3839
25030000,各种硫磺，但升华、沉...,118,科威特,11700750,千克,0,—,2877708
25030000,各种硫磺，但升华、沉...,138,阿联酋,103135436,千克,0,—,22539270
25030000,各种硫磺，但升华、沉...,501,加拿大,8340,千克,0,—,18598
25041010,磷片天然石墨,227,马达加斯加,1170000,千克,0,—,1224289
25041010,磷片天然石墨,233,莫桑比克,505025,千克,0,—,202009
25041010,磷片天然石墨,309,荷兰,0,千克,0,—,1476
25041010,磷片天然石墨,501,加拿大,10000,千克,0,—,28900
25041099,其他粉末或粉片天然石...,227,马达加斯加,130000,千克,0,—,39117
25041099,其他粉末或粉片天然石...,326,挪威,44000,千克,0,—,64020
25041099,其他粉末或粉片天然石...,410,巴西,1600,千克,0,—,7720
25041099,其他粉末或粉片天然石...,429,墨西哥,907,千克,0,—,1219
25041099,其他粉末或粉片天然石...,501,加拿大,400,千克,0,—,812
25051000,硅砂及石英砂,127,巴基斯坦,1,千克,0,—,45
25051000,硅砂及石英砂,305,法国,655,千克,0,—,4175
25051000,硅砂及石英砂,307,意大利,75,千克,0,—,30
25051000,硅砂及石英砂,309,荷兰,59720,千克,0,—,20014
25059000,其他天然砂,129,菲律宾,27300030,千克,0,—,479358
25059000,其他天然砂,138,阿联酋,110,千克,0,—,1734
25059000,其他天然砂,244,南非,535,千克,0,—,549
25059000,其他天然砂,301,比利时,4416,千克,0,—,2556
25061000,石英,127,巴基斯坦,59000,千克,0,—,6786
25061000,石英,213,刚果共和国,24988,千克,0,—,1624
25061000,石英,254,津巴布韦,165,千克,0,—,423
25061000,石英,301,比利时,194300,千克,0,—,78177
25061000,石英,305,法国,61200,千克,0,—,18021
25061000,石英,309,荷兰,307180,千克,0,—,96205
25061000,石英,326,挪威,1081641,千克,0,—,4064944
25061000,石英,410,巴西,385478,千克,0,—,116753
25061000,石英,501,加拿大,1,千克,0,—,1625
25062000,石英岩,127,巴基斯坦,40,千克,0,—,550
25062000,石英岩,233,莫桑比克,18907,千克,0,—,7619
25062000,石英岩,244,南非,370855,千克,0,—,137797
25062000,石英岩,307,意大利,25080,千克,0,—,33809
25062000,石英岩,410,巴西,1867365,千克,0,—,999556
25070010,高岭土,301,比利时,121000,千克,0,—,59380
25070010,高岭土,305,法国,400421,千克,0,—,218647
25070010,高岭土,307,意大利,160050,千克,0,—,89536
25070010,高岭土,312,西班牙,850,千克,0,—,9345
25070010,高岭土,410,巴西,5981785,千克,0,—,1507262
25070090,高岭土的类似土（高岭...,305,法国,66000,千克,0,—,42778
25081000,膨润土,137,土耳其,49016,千克,0,—,22700
25081000,膨润土,138,阿联酋,40000,千克,0,—,2000
25081000,膨润土,305,法国,20000,千克,0,—,14746
25081000,膨润土,307,意大利,158400,千克,0,—,264383
25081000,膨润土,312,西班牙,65940,千克,0,—,43925
25081000,膨润土,410,巴西,27000,千克,0,—,16230
25081000,膨润土,501,加拿大,100000,千克,0,—,39840
25083000,耐火黏土,305,法国,48560,千克,0,—,14800
25084000,其他黏土,127,巴基斯坦,23,千克,0,—,182
25084000,其他黏土,305,法国,140426,千克,0,—,2737739
25084000,其他黏土,312,西班牙,19800,千克,0,—,30299
25085000,红柱石、蓝晶石及硅线...,244,南非,513000,千克,0,—,229662
25085000,红柱石、蓝晶石及硅线...,305,法国,672000,千克,0,—,273456
25085000,红柱石、蓝晶石及硅线...,410,巴西,400,千克,0,—,181
25086000,富铝红柱石,307,意大利,475,千克,0,—,1326
25101010,未碾磨磷灰石,250,乌干达,20000,千克,0,—,2200
25111000,天然硫酸钡（重晶石）,137,土耳其,7,千克,0,—,150
25111000,天然硫酸钡（重晶石）,307,意大利,52,千克,0,—,278
25111000,天然硫酸钡（重晶石）,309,荷兰,10250,千克,0,—,7625
25111000,天然硫酸钡（重晶石）,312,西班牙,45000,千克,0,—,31603
25120010,硅藻土,312,西班牙,262200,千克,0,—,252479
25120010,硅藻土,429,墨西哥,206438,千克,0,—,117148
25120090,其他硅质化石粗粉及类...,127,巴基斯坦,22,千克,0,—,182
25131000,浮石,137,土耳其,7035767,千克,0,—,800075
25132000,刚玉岩；天然刚玉砂；...,138,阿联酋,260000,千克,0,—,14300
25132000,刚玉岩；天然刚玉砂；...,233,莫桑比克,30172,千克,0,—,38855
25132000,刚玉岩；天然刚玉砂；...,315,奥地利,1000,千克,0,—,4199
25140000,板岩，不论是否粗加修...,224,肯尼亚,27,千克,0,—,598
25151100,原状或粗加修整的大理...,137,土耳其,3481040,千克,0,—,1029186
25151100,原状或粗加修整的大理...,138,阿联酋,1861430,千克,0,—,287465
25151100,原状或粗加修整的大理...,250,乌干达,67410,千克,0,—,14873
25151100,原状或粗加修整的大理...,305,法国,23770,千克,0,—,6935
25151100,原状或粗加修整的大理...,307,意大利,10930613,千克,0,—,3650855
25151100,原状或粗加修整的大理...,310,希腊,2889555,千克,0,—,1253555
25151100,原状或粗加修整的大理...,312,西班牙,395040,千克,0,—,106869
25151200,用锯或其他方法切割成...,127,巴基斯坦,5183520,千克,0,—,659517
25151200,用锯或其他方法切割成...,129,菲律宾,1367117,千克,0,—,166263
25151200,用锯或其他方法切割成...,137,土耳其,282825487,千克,0,—,82029541
25151200,用锯或其他方法切割成...,138,阿联酋,6472742,千克,0,—,1420742
25151200,用锯或其他方法切割成...,233,莫桑比克,143370,千克,0,—,18694
25151200,用锯或其他方法切割成...,250,乌干达,92250,千克,0,—,20694
25151200,用锯或其他方法切割成...,305,法国,97545,千克,0,—,33781
25151200,用锯或其他方法切割成...,307,意大利,34053601,千克,0,—,19807262
25151200,用锯或其他方法切割成...,310,希腊,14344019,千克,0,—,6681546
25151200,用锯或其他方法切割成...,312,西班牙,9422104,千克,0,—,1978947
25151200,用锯或其他方法切割成...,313,阿尔巴尼亚,636377,千克,0,—,167054
25151200,用锯或其他方法切割成...,316,保加利亚,2421710,千克,0,—,750711
25151200,用锯或其他方法切割成...,410,巴西,2085980,千克,0,—,1138908
25151200,用锯或其他方法切割成...,429,墨西哥,1379460,千克,0,—,401469
25152000,其他石灰质碑用或建筑...,127,巴基斯坦,5737994,千克,0,—,2462421
25152000,其他石灰质碑用或建筑...,137,土耳其,1627590,千克,0,—,583865
25152000,其他石灰质碑用或建筑...,312,西班牙,967090,千克,0,—,242920
25152000,其他石灰质碑用或建筑...,316,保加利亚,3445565,千克,0,—,947288
25152000,其他石灰质碑用或建筑...,429,墨西哥,193150,千克,0,—,69559
25161100,原状或粗加修整的花岗...,127,巴基斯坦,231320,千克,0,—,47397
25161100,原状或粗加修整的花岗...,227,马达加斯加,451160,千克,0,—,259240
25161100,原状或粗加修整的花岗...,244,南非,1531104,千克,0,—,294809
25161100,原状或粗加修整的花岗...,254,津巴布韦,1708213,千克,0,—,474384
25161100,原状或粗加修整的花岗...,318,芬兰,48400,千克,0,—,12663
25161100,原状或粗加修整的花岗...,326,挪威,3317000,千克,0,—,978077
25161100,原状或粗加修整的花岗...,410,巴西,35116209,千克,0,—,6192087
25161200,仅用锯或其他方法切割...,127,巴基斯坦,62680,千克,0,—,5134
25161200,仅用锯或其他方法切割...,138,阿联酋,118130,千克,0,—,14810
25161200,仅用锯或其他方法切割...,233,莫桑比克,1743210,千克,0,—,214754
25161200,仅用锯或其他方法切割...,244,南非,5349435,千克,0,—,1024257
25161200,仅用锯或其他方法切割...,254,津巴布韦,3044470,千克,0,—,647040
25161200,仅用锯或其他方法切割...,307,意大利,402270,千克,0,—,320608
25161200,仅用锯或其他方法切割...,326,挪威,4228500,千克,0,—,1257059
25161200,仅用锯或其他方法切割...,410,巴西,9990830,千克,0,—,3098684
25161200,仅用锯或其他方法切割...,444,乌拉圭,104260,千克,0,—,23232
25161200,仅用锯或其他方法切割...,501,加拿大,255723,千克,0,—,69891
25162000,砂岩,127,巴基斯坦,175000,千克,0,—,13164
25162000,砂岩,305,法国,965247,千克,0,—,235570
25162000,砂岩,307,意大利,685660,千克,0,—,167536
25162000,砂岩,312,西班牙,1302735,千克,0,—,327510
25169000,其他碑用或建筑用石,127,巴基斯坦,242090,千克,0,—,14568
25169000,其他碑用或建筑用石,137,土耳其,5795750,千克,0,—,1764331
25169000,其他碑用或建筑用石,307,意大利,284918,千克,0,—,230343
25171000,通常作混凝土粒料、铺...,129,菲律宾,621,千克,0,—,5
25171000,通常作混凝土粒料、铺...,137,土耳其,54000,千克,0,—,11736
25171000,通常作混凝土粒料、铺...,305,法国,680000,千克,0,—,169300
25171000,通常作混凝土粒料、铺...,321,匈牙利,50,千克,0,—,26
25174100,大理石的碎粒、碎屑及...,307,意大利,324000,千克,0,—,51031
25174100,大理石的碎粒、碎屑及...,315,奥地利,1,千克,0,—,26
25174100,大理石的碎粒、碎屑及...,350,斯洛文尼亚,20000,千克,0,—,4003
25174100,大理石的碎粒、碎屑及...,501,加拿大,4083,千克,0,—,5856
25174900,品目2515及251...,227,马达加斯加,24650,千克,0,—,40772
25174900,品目2515及251...,307,意大利,125,千克,0,—,108
25181000,未煅烧或烧结白云石,137,土耳其,4277540,千克,0,—,752380
25181000,未煅烧或烧结白云石,310,希腊,25313352,千克,0,—,10360839
25181000,未煅烧或烧结白云石,312,西班牙,3634276,千克,0,—,533863
25181000,未煅烧或烧结白云石,315,奥地利,20000,千克,0,—,11904
25182000,已煅烧或烧结白云石,307,意大利,440500,千克,0,—,68349
25191000,天然碳酸镁（菱镁矿）,127,巴基斯坦,545610,千克,0,—,35603
25191000,天然碳酸镁（菱镁矿）,137,土耳其,188400,千克,0,—,84174
25199020,烧结镁氧矿（重烧镁）,137,土耳其,350000,千克,0,—,163304
25199020,烧结镁氧矿（重烧镁）,307,意大利,200,千克,0,—,371
25199020,烧结镁氧矿（重烧镁）,309,荷兰,4000,千克,0,—,6112
25199091,化学纯氧化镁,305,法国,1,千克,0,—,44
25199091,化学纯氧化镁,309,荷兰,205000,千克,0,—,167170
25199091,化学纯氧化镁,429,墨西哥,120000,千克,0,—,106298
25199091,化学纯氧化镁,501,加拿大,0,千克,0,—,2
25199099,其他氧化镁,310,希腊,60800,千克,0,—,74127
25201000,生石膏；硬石膏,127,巴基斯坦,533930,千克,0,—,41593
25201000,生石膏；硬石膏,138,阿联酋,4975590,千克,0,—,227680
25201000,生石膏；硬石膏,252,刚果民主共和国,10,千克,0,—,151
25201000,生石膏；硬石膏,305,法国,23500,千克,0,—,10747
25201000,生石膏；硬石膏,309,荷兰,4200,千克,0,—,6154
25201000,生石膏；硬石膏,312,西班牙,298550,千克,0,—,231043
25202090,其他熟石膏,127,巴基斯坦,24000,千克,0,—,1203
25202090,其他熟石膏,137,土耳其,1131000,千克,0,—,103791
25202090,其他熟石膏,138,阿联酋,4489500,千克,0,—,224503
25202090,其他熟石膏,307,意大利,20000,千克,0,—,5033
25210000,石灰石助熔剂；通常用...,127,巴基斯坦,30,千克,0,—,182
25210000,石灰石助熔剂；通常用...,224,肯尼亚,27,千克,0,—,598
25221000,生石灰,305,法国,9608,千克,0,—,9017
25222000,熟石灰,301,比利时,101250,千克,0,—,34731
25222000,熟石灰,307,意大利,57905,千克,0,—,31799
25223000,水硬石灰,307,意大利,20305,千克,0,—,41235
25231000,水泥熟料,127,巴基斯坦,31468300,千克,0,—,1303111
25231000,水泥熟料,301,比利时,25,千克,0,—,127
25231000,水泥熟料,305,法国,75,千克,0,—,1085
25231000,水泥熟料,327,波兰,480,千克,0,—,3285
25232100,白水泥，不论是否人工...,138,阿联酋,60000,千克,0,—,11364
25232100,白水泥，不论是否人工...,307,意大利,17347,千克,0,—,66008
25232100,白水泥，不论是否人工...,312,西班牙,14274,千克,0,—,26295
25232900,其他硅酸盐水泥,301,比利时,290,千克,0,—,2697
25232900,其他硅酸盐水泥,307,意大利,8408,千克,0,—,18902
25233000,矾土水泥,305,法国,266000,千克,0,—,128153
25233000,矾土水泥,309,荷兰,630000,千克,0,—,414365
25249090,其他石棉,309,荷兰,1875,千克,0,—,4701
25251000,原状云母及劈开的云母...,127,巴基斯坦,72193,千克,0,—,32017
25251000,原状云母及劈开的云母...,224,肯尼亚,478,千克,0,—,2200
25251000,原状云母及劈开的云母...,227,马达加斯加,8377650,千克,0,—,2264646
25251000,原状云母及劈开的云母...,501,加拿大,240,千克,0,—,624
25252000,云母粉,305,法国,1,千克,0,—,102
25252000,云母粉,307,意大利,4800,千克,0,—,2784
25252000,云母粉,315,奥地利,1560,千克,0,—,5197
25252000,云母粉,318,芬兰,197400,千克,0,—,73792
25252000,云母粉,326,挪威,16050,千克,0,—,16205
25252000,云母粉,501,加拿大,2820,千克,0,—,4726
25261010,未破碎及未研粉的冻石,127,巴基斯坦,135000,千克,0,—,20310
25261020,未破碎及未研粉的滑石,127,巴基斯坦,812000,千克,0,—,203063
25262020,已破碎或已研粉的滑石,127,巴基斯坦,4080,千克,0,—,4741
25262020,已破碎或已研粉的滑石,301,比利时,62350,千克,0,—,65968
25262020,已破碎或已研粉的滑石,305,法国,203931,千克,0,—,146234
25262020,已破碎或已研粉的滑石,307,意大利,207825,千克,0,—,235799
25262020,已破碎或已研粉的滑石,309,荷兰,1042050,千克,0,—,725457
25262020,已破碎或已研粉的滑石,315,奥地利,181020,千克,0,—,134556
25262020,已破碎或已研粉的滑石,318,芬兰,21325,千克,0,—,15341
25262020,已破碎或已研粉的滑石,501,加拿大,161480,千克,0,—,138013
25280010,天然硼砂及其精矿(不...,408,玻利维亚,784000,千克,0,—,133344
25280090,其他天然硼酸盐及其精...,137,土耳其,34632000,千克,0,—,13654689
25280090,其他天然硼酸盐及其精...,408,玻利维亚,1631000,千克,0,—,397770
25291000,长石,137,土耳其,1092000,千克,0,—,169364
25291000,长石,254,津巴布韦,1543300,千克,0,—,889927
25292100,按重量计氟化钙含量≤...,124,蒙古,51920002,千克,0,—,7024802
25292100,按重量计氟化钙含量≤...,127,巴基斯坦,292912,千克,0,—,58728
25292100,按重量计氟化钙含量≤...,244,南非,820830,千克,0,—,213415
25292100,按重量计氟化钙含量≤...,307,意大利,6000,千克,0,—,4727
25292100,按重量计氟化钙含量≤...,429,墨西哥,84110,千克,0,—,43903
25293000,白榴石；霞石及霞石正...,309,荷兰,20000,千克,0,—,18643
25293000,白榴石；霞石及霞石正...,501,加拿大,182800,千克,0,—,95822
25301020,未膨胀的蛭石、珍珠岩...,137,土耳其,5550000,千克,0,—,663325
25301020,未膨胀的蛭石、珍珠岩...,310,希腊,553800,千克,0,—,105931
25309091,硅灰石,309,荷兰,10000,千克,0,—,8030
25309091,硅灰石,312,西班牙,12100,千克,0,—,9628
25309091,硅灰石,318,芬兰,88900,千克,0,—,60704
25309091,硅灰石,429,墨西哥,200,千克,0,—,288
25309099,未列名矿产品,127,巴基斯坦,7,千克,0,—,54
25309099,未列名矿产品,137,土耳其,5142500,千克,0,—,1062499
25309099,未列名矿产品,138,阿联酋,18978850,千克,0,—,4781477
25309099,未列名矿产品,220,加纳,910,千克,0,—,7343
25309099,未列名矿产品,227,马达加斯加,54000,千克,0,—,18278
25309099,未列名矿产品,233,莫桑比克,20121,千克,0,—,20541
25309099,未列名矿产品,244,南非,1991035,千克,0,—,431268
25309099,未列名矿产品,301,比利时,200,千克,0,—,375
25309099,未列名矿产品,312,西班牙,27690868,千克,0,—,8937095
25309099,未列名矿产品,315,奥地利,17100,千克,0,—,45675
25309099,未列名矿产品,321,匈牙利,376,千克,0,—,13537
25309099,未列名矿产品,336,立陶宛,0,千克,0,—,275
25309099,未列名矿产品,410,巴西,17867935,千克,0,—,9033748
25309099,未列名矿产品,429,墨西哥,17,千克,0,—,1000
25309099,未列名矿产品,501,加拿大,333,千克,0,—,33048
26011110,平均粒度＜0.8mm...,124,蒙古,47146014,千克,0,—,7041706
26011110,平均粒度＜0.8mm...,127,巴基斯坦,1064000,千克,0,—,138396
26011110,平均粒度＜0.8mm...,129,菲律宾,40385800,千克,0,—,5882867
26011110,平均粒度＜0.8mm...,137,土耳其,131716211,千克,0,—,31627652
26011110,平均粒度＜0.8mm...,244,南非,557754292,千克,0,—,111000681
26011110,平均粒度＜0.8mm...,410,巴西,1140529123,千克,0,—,273312375
26011110,平均粒度＜0.8mm...,501,加拿大,1411371641,千克,0,—,345455527
26011120,平均粒度≥0.8mm...,124,蒙古,378691690,千克,0,—,33998922
26011120,平均粒度≥0.8mm...,137,土耳其,73240888,千克,0,—,15135018
26011120,平均粒度≥0.8mm...,244,南非,902774789,千克,0,—,203531317
26011120,平均粒度≥0.8mm...,410,巴西,12993350196,千克,0,—,2678788217
26011120,平均粒度≥0.8mm...,429,墨西哥,70254247,千克,0,—,13522863
26011120,平均粒度≥0.8mm...,442,特立尼达和多巴哥,42435860,千克,0,—,9385644
26011190,平均粒度≥6.3mm...,124,蒙古,327191880,千克,0,—,30666677
26011190,平均粒度≥6.3mm...,127,巴基斯坦,29871341,千克,0,—,2558577
26011190,平均粒度≥6.3mm...,137,土耳其,4,千克,0,—,73
26011190,平均粒度≥6.3mm...,224,肯尼亚,20,千克,0,—,440
26011190,平均粒度≥6.3mm...,244,南非,1294412721,千克,0,—,316128785
26011190,平均粒度≥6.3mm...,254,津巴布韦,10,千克,0,—,361
26011190,平均粒度≥6.3mm...,410,巴西,437494031,千克,0,—,86235540
26011190,平均粒度≥6.3mm...,429,墨西哥,247639641,千克,0,—,40837556
26011200,已烧结的铁矿砂及其精...,124,蒙古,10265310,千克,0,—,1707922
26011200,已烧结的铁矿砂及其精...,127,巴基斯坦,30054919,千克,0,—,4262815
26011200,已烧结的铁矿砂及其精...,129,菲律宾,79079000,千克,0,—,19431995
26011200,已烧结的铁矿砂及其精...,244,南非,157515000,千克,0,—,9735503
26011200,已烧结的铁矿砂及其精...,410,巴西,121296000,千克,0,—,32914681
26011200,已烧结的铁矿砂及其精...,501,加拿大,110882000,千克,0,—,24477590
26020000,锰矿砂及其精矿,127,巴基斯坦,405295,千克,0,—,37519
26020000,锰矿砂及其精矿,137,土耳其,1005690,千克,0,—,160317
26020000,锰矿砂及其精矿,220,加纳,223562300,千克,0,—,22498003
26020000,锰矿砂及其精矿,224,肯尼亚,6860595,千克,0,—,635066
26020000,锰矿砂及其精矿,244,南非,1164571933,千克,0,—,178582467
26020000,锰矿砂及其精矿,408,玻利维亚,1,千克,0,—,174
26020000,锰矿砂及其精矿,410,巴西,147072050,千克,0,—,21547527
26030000,铜矿砂及其精矿,124,蒙古,110421805,千克,0,—,311985275
26030000,铜矿砂及其精矿,127,巴基斯坦,82270,千克,0,—,19810
26030000,铜矿砂及其精矿,129,菲律宾,11842515,千克,0,—,27334785
26030000,铜矿砂及其精矿,137,土耳其,11280914,千克,0,—,18669469
26030000,铜矿砂及其精矿,213,刚果共和国,141950,千克,0,—,237248
26030000,铜矿砂及其精矿,244,南非,8848157,千克,0,—,23521673
26030000,铜矿砂及其精矿,252,刚果民主共和国,6852419,千克,0,—,29412544
26030000,铜矿砂及其精矿,312,西班牙,60818035,千克,0,—,124723130
26030000,铜矿砂及其精矿,313,阿尔巴尼亚,1051183,千克,0,—,1476841
26030000,铜矿砂及其精矿,408,玻利维亚,695458,千克,0,—,1543924
26030000,铜矿砂及其精矿,410,巴西,21982948,千克,0,—,59552276
26030000,铜矿砂及其精矿,429,墨西哥,73557507,千克,0,—,179792908
26030000,铜矿砂及其精矿,431,尼加拉瓜,308577,千克,0,—,235637
26030000,铜矿砂及其精矿,501,加拿大,28555161,千克,0,—,90606180
26040000,镍矿砂及其精矿,129,菲律宾,4371344152,千克,0,—,289578476
26040000,镍矿砂及其精矿,244,南非,10,千克,0,—,282586
26040000,镍矿砂及其精矿,254,津巴布韦,1289648,千克,0,—,2571171
26050000,钴矿砂及其精矿,252,刚果民主共和国,2470706,千克,0,—,11905665
26070000,铅矿砂及其精矿,124,蒙古,1913218,千克,0,—,4085627
26070000,铅矿砂及其精矿,127,巴基斯坦,1829633,千克,0,—,2128785
26070000,铅矿砂及其精矿,137,土耳其,8449353,千克,0,—,13992007
26070000,铅矿砂及其精矿,138,阿联酋,935232,千克,0,—,1457973
26070000,铅矿砂及其精矿,227,马达加斯加,14252,千克,0,—,15398
26070000,铅矿砂及其精矿,244,南非,5645880,千克,0,—,10963889
26070000,铅矿砂及其精矿,327,波兰,709810,千克,0,—,768015
26070000,铅矿砂及其精矿,350,斯洛文尼亚,555479,千克,0,—,1103166
26070000,铅矿砂及其精矿,408,玻利维亚,482488,千克,0,—,777148
26070000,铅矿砂及其精矿,410,巴西,280847,千克,0,—,306517
26070000,铅矿砂及其精矿,429,墨西哥,259671,千克,0,—,335744
26080000,锌矿砂及其精矿,124,蒙古,9171913,千克,0,—,9605046
26080000,锌矿砂及其精矿,127,巴基斯坦,3879001,千克,0,—,4335291
26080000,锌矿砂及其精矿,137,土耳其,1437430,千克,0,—,1789223
26080000,锌矿砂及其精矿,244,南非,44258424,千克,0,—,48880438
26080000,锌矿砂及其精矿,258,厄立特里亚,10701510,千克,0,—,12583438
26080000,锌矿砂及其精矿,312,西班牙,9794780,千克,0,—,10772610
26080000,锌矿砂及其精矿,408,玻利维亚,7955502,千克,0,—,7970198
26090000,锡矿砂及其精矿,252,刚果民主共和国,751814,千克,0,—,11942588
26090000,锡矿砂及其精矿,408,玻利维亚,1253658,千克,0,—,16298909
26100000,铬矿砂及其精矿,127,巴基斯坦,24036637,千克,0,—,5826990
26100000,铬矿砂及其精矿,129,菲律宾,40,千克,0,—,467
26100000,铬矿砂及其精矿,137,土耳其,11914526,千克,0,—,2763193
26100000,铬矿砂及其精矿,138,阿联酋,3963261,千克,0,—,534132
26100000,铬矿砂及其精矿,227,马达加斯加,1699140,千克,0,—,387930
26100000,铬矿砂及其精矿,244,南非,1095683000,千克,0,—,177572956
26100000,铬矿砂及其精矿,254,津巴布韦,57480922,千克,0,—,12734991
26100000,铬矿砂及其精矿,307,意大利,200,千克,0,—,508
26100000,铬矿砂及其精矿,313,阿尔巴尼亚,16277508,千克,0,—,3766191
26110000,钨矿砂及其精矿,250,乌干达,4142,千克,0,—,38706
26110000,钨矿砂及其精矿,312,西班牙,60000,千克,0,—,839426
26110000,钨矿砂及其精矿,408,玻利维亚,64402,千克,0,—,887459
26122000,钍矿砂及其精矿,410,巴西,54000,千克,0,—,176225
26131000,已焙烧的钼矿砂及其精...,429,墨西哥,60000,千克,0,—,1051033
26139000,其他钼矿砂及其精矿,124,蒙古,605407,千克,0,—,7557896
26139000,其他钼矿砂及其精矿,429,墨西哥,49331,千克,0,—,612375
26139000,其他钼矿砂及其精矿,501,加拿大,40294,千克,0,—,360949
26140000,钛矿砂及其精矿,219,冈比亚,505920,千克,0,—,105231
26140000,钛矿砂及其精矿,224,肯尼亚,1012526,千克,0,—,1426624
26140000,钛矿砂及其精矿,233,莫桑比克,148711430,千克,0,—,41355288
26140000,钛矿砂及其精矿,244,南非,53055870,千克,0,—,7321710
26140000,钛矿砂及其精矿,326,挪威,36961000,千克,0,—,10154159
26140000,钛矿砂及其精矿,410,巴西,3801108,千克,0,—,836855
26151000,锆矿砂及其精矿,127,巴基斯坦,708975,千克,0,—,549077
26151000,锆矿砂及其精矿,224,肯尼亚,2712850,千克,0,—,3230549
26151000,锆矿砂及其精矿,227,马达加斯加,2050000,千克,0,—,1576194
26151000,锆矿砂及其精矿,233,莫桑比克,10024260,千克,0,—,7936810
26151000,锆矿砂及其精矿,244,南非,22103050,千克,0,—,27342022
26151000,锆矿砂及其精矿,305,法国,10000,千克,0,—,100300
26159090,其他铌、钽、钒矿砂及...,252,刚果民主共和国,53656,千克,0,—,1892579
26159090,其他铌、钽、钒矿砂及...,408,玻利维亚,4022,千克,0,—,102389
26159090,其他铌、钽、钒矿砂及...,410,巴西,161194,千克,0,—,1796731
26161000,银矿砂及其精矿,124,蒙古,18330050,千克,0,—,2426816
26161000,银矿砂及其精矿,408,玻利维亚,3814661,千克,0,—,16803970
26161000,银矿砂及其精矿,410,巴西,463135,千克,0,—,1218532
26161000,银矿砂及其精矿,429,墨西哥,21652477,千克,0,—,94736847
26169000,其他贵金属矿砂及其精...,127,巴基斯坦,282431,千克,0,—,172626
26169000,其他贵金属矿砂及其精...,129,菲律宾,133732,千克,0,—,195402
26169000,其他贵金属矿砂及其精...,137,土耳其,2692682,千克,0,—,8047441
26169000,其他贵金属矿砂及其精...,244,南非,846276,千克,0,—,1242206
26169000,其他贵金属矿砂及其精...,310,希腊,10032126,千克,0,—,8138405
26169000,其他贵金属矿砂及其精...,312,西班牙,10459275,千克,0,—,16131370
26169000,其他贵金属矿砂及其精...,316,保加利亚,10017782,千克,0,—,3431303
26169000,其他贵金属矿砂及其精...,429,墨西哥,2773323,千克,0,—,5860955
26169000,其他贵金属矿砂及其精...,501,加拿大,12539115,千克,0,—,32552016
26171090,其他锑矿砂及其精矿,147,塔吉克斯坦,2184487,千克,0,—,4805857
26171090,其他锑矿砂及其精矿,408,玻利维亚,68836,千克,0,—,190171
26171090,其他锑矿砂及其精矿,429,墨西哥,22520,千克,0,—,36927
26179090,未列名矿砂及其精矿,250,乌干达,22353,千克,0,—,5370
26179090,未列名矿砂及其精矿,252,刚果民主共和国,5,千克,0,—,646
26219000,其他矿渣及矿灰，包括...,124,蒙古,124000,千克,0,—,48676
27011100,无烟煤,124,蒙古,195050,千克,0,—,12867
27011210,炼焦煤,124,蒙古,846063290,千克,0,—,83142712
27011210,炼焦煤,233,莫桑比克,115198681,千克,0,—,23328376
27011210,炼焦煤,501,加拿大,888178633,千克,0,—,191621015
27011290,其他烟煤,124,蒙古,113918960,千克,0,—,5604881
27011290,其他烟煤,244,南非,796748000,千克,0,—,72858806
27011290,其他烟煤,501,加拿大,257259000,千克,0,—,29990864
27011900,其他煤,124,蒙古,2356750,千克,0,—,84890
27021000,褐煤，不论是否粉化，...,124,蒙古,70464180,千克,0,—,1676326
27021000,褐煤，不论是否粉化，...,129,菲律宾,1008352300,千克,0,—,77594418
27030000,泥煤（包括肥料用泥煤...,244,南非,2000,千克,0,—,20
27030000,泥煤（包括肥料用泥煤...,306,爱尔兰,41020,千克,0,—,14203
27030000,泥煤（包括肥料用泥煤...,309,荷兰,438707,千克,0,—,166645
27030000,泥煤（包括肥料用泥煤...,318,芬兰,92461,千克,0,—,10944
27030000,泥煤（包括肥料用泥煤...,327,波兰,150292,千克,0,—,43051
27030000,泥煤（包括肥料用泥煤...,336,立陶宛,6021600,千克,0,—,1742844
27030000,泥煤（包括肥料用泥煤...,501,加拿大,196788,千克,0,—,48938
27040010,焦炭及半焦炭,244,南非,200000,千克,0,—,109000
27040010,焦炭及半焦炭,327,波兰,287880,千克,0,—,115152
27060000,从煤、褐煤或泥煤蒸馏...,312,西班牙,18000,千克,0,—,23583
27073000,粗二甲苯,301,比利时,36,千克,0,—,1399
27073000,粗二甲苯,309,荷兰,5,千克,0,—,468
27073000,粗二甲苯,312,西班牙,17,千克,0,—,204
27075000,其他芳烃混合物，根据...,138,阿联酋,23605959,千克,0,—,14599101
27079910,酚,244,南非,3,千克,0,—,1084
27079990,其他蒸馏高温煤焦油所...,138,阿联酋,8116650,千克,4515351,—,2877850
27079990,其他蒸馏高温煤焦油所...,305,法国,48240,千克,24321,—,181265
27079990,其他蒸馏高温煤焦油所...,307,意大利,326900,千克,373572,—,232859
27079990,其他蒸馏高温煤焦油所...,312,西班牙,342460,千克,463515,—,284495
27090000,石油原油及从沥青矿物...,118,科威特,2400426596,千克,0,—,1191100590
27090000,石油原油及从沥青矿物...,124,蒙古,56809640,千克,0,—,27375579
27090000,石油原油及从沥青矿物...,138,阿联酋,1734015845,千克,0,—,873854246
27090000,石油原油及从沥青矿物...,213,刚果共和国,779976802,千克,0,—,398552542
27090000,石油原油及从沥青矿物...,252,刚果民主共和国,121626037,千克,0,—,64203699
27090000,石油原油及从沥青矿物...,313,阿尔巴尼亚,20,千克,0,—,360
27090000,石油原油及从沥青矿物...,326,挪威,830118315,千克,0,—,454523598
27090000,石油原油及从沥青矿物...,410,巴西,2351742415,千克,0,—,1183185378
27090000,石油原油及从沥青矿物...,501,加拿大,430281321,千克,0,—,190130896
27101220,石脑油，不含有生物柴...,138,阿联酋,110981511,千克,153709393,升,72000012
27101230,橡胶溶剂油、油漆溶剂...,301,比利时,15980,千克,20486,升,24498
27101230,橡胶溶剂油、油漆溶剂...,309,荷兰,17320,千克,22204,升,22342
27101230,橡胶溶剂油、油漆溶剂...,312,西班牙,4060,千克,5205,升,5695
27101291,壬烯，不含有生物柴油,501,加拿大,314870,千克,0,—,403222
27101299,未列名轻油及其制品，...,301,比利时,80,千克,3,—,5369
27101299,未列名轻油及其制品，...,305,法国,54390,千克,50329,—,110410
27101299,未列名轻油及其制品，...,309,荷兰,3,千克,5,—,51
27101299,未列名轻油及其制品，...,312,西班牙,36494,千克,46757,—,165170
27101299,未列名轻油及其制品，...,410,巴西,17260,千克,0,—,31068
27101919,其他煤油馏分，不含有...,305,法国,340406,千克,424147,升,293583
27101919,其他煤油馏分，不含有...,309,荷兰,215540,千克,248083,升,231190
27101919,其他煤油馏分，不含有...,315,奥地利,345,千克,450,升,5014
27101919,其他煤油馏分，不含有...,501,加拿大,1019957,千克,1270866,升,866963
27101922,5~7号燃料油，不含...,138,阿联酋,178699133,千克,181379620,升,74222843
27101991,润滑油，不含有生物柴...,137,土耳其,42658,千克,48032,升,72245
27101991,润滑油，不含有生物柴...,138,阿联酋,13871,千克,15619,升,31803
27101991,润滑油，不含有生物柴...,220,加纳,4,千克,5,升,20
27101991,润滑油，不含有生物柴...,301,比利时,84848,千克,95537,升,380068
27101991,润滑油，不含有生物柴...,305,法国,361548,千克,407084,升,1456965
27101991,润滑油，不含有生物柴...,307,意大利,256466,千克,288777,升,820412
27101991,润滑油，不含有生物柴...,309,荷兰,445658,千克,501812,升,1198306
27101991,润滑油，不含有生物柴...,310,希腊,189769,千克,213678,升,274050
27101991,润滑油，不含有生物柴...,312,西班牙,259937,千克,292682,升,1128332
27101991,润滑油，不含有生物柴...,315,奥地利,20066,千克,22596,升,69087
27101991,润滑油，不含有生物柴...,318,芬兰,32205,千克,36265,升,176976
27101991,润滑油，不含有生物柴...,326,挪威,1,千克,1,升,100
27101991,润滑油，不含有生物柴...,327,波兰,1,千克,2,升,88
27101991,润滑油，不含有生物柴...,336,立陶宛,96030,千克,108136,升,221678
27101991,润滑油，不含有生物柴...,429,墨西哥,0,千克,0,升,64
27101991,润滑油，不含有生物柴...,501,加拿大,703848,千克,792532,升,1844556
27101992,润滑脂，不含有生物柴...,137,土耳其,700,千克,789,升,13236
27101992,润滑脂，不含有生物柴...,138,阿联酋,270,千克,307,升,756
27101992,润滑脂，不含有生物柴...,244,南非,1080,千克,1216,升,10443
27101992,润滑脂，不含有生物柴...,301,比利时,253112,千克,285001,升,1047981
27101992,润滑脂，不含有生物柴...,305,法国,16486,千克,18565,升,182056
27101992,润滑脂，不含有生物柴...,307,意大利,25963,千克,29227,升,106207
27101992,润滑脂，不含有生物柴...,309,荷兰,122078,千克,137459,升,324550
27101992,润滑脂，不含有生物柴...,310,希腊,3816,千克,4296,升,12567
27101992,润滑脂，不含有生物柴...,312,西班牙,15002,千克,16891,升,178174
27101992,润滑脂，不含有生物柴...,315,奥地利,748,千克,841,升,21465
27101992,润滑脂，不含有生物柴...,327,波兰,180,千克,203,升,2785
27101992,润滑脂，不含有生物柴...,501,加拿大,3731,千克,4200,升,45660
27101993,润滑油基础油，不含有...,138,阿联酋,13745050,千克,15476926,升,14666385
27101993,润滑油基础油，不含有...,301,比利时,218760,千克,246323,升,245417
27101993,润滑油基础油，不含有...,305,法国,39540,千克,44522,升,60676
27101993,润滑油基础油，不含有...,307,意大利,3449872,千克,3884557,升,4667772
27101993,润滑油基础油，不含有...,309,荷兰,3177267,千克,3577604,升,2737744
27101993,润滑油基础油，不含有...,318,芬兰,2022992,千克,2277889,升,1989330
27101993,润滑油基础油，不含有...,501,加拿大,31665,千克,35656,升,49444
27101994,液体石蜡和重质液体石...,312,西班牙,954160,千克,0,—,716347
27101999,其他重油；以石油及从...,301,比利时,215093,千克,218319,升,206550
27101999,其他重油；以石油及从...,305,法国,1298447,千克,1317922,升,1780394
27101999,其他重油；以石油及从...,307,意大利,36544,千克,37092,升,91729
27101999,其他重油；以石油及从...,309,荷兰,11341,千克,11511,升,155944
27101999,其他重油；以石油及从...,312,西班牙,2,千克,2,升,99
27101999,其他重油；以石油及从...,327,波兰,5,千克,5,升,457
27101999,其他重油；以石油及从...,336,立陶宛,117,千克,120,升,139
27101999,其他重油；以石油及从...,410,巴西,1400,千克,1421,升,17578
27101999,其他重油；以石油及从...,501,加拿大,8994,千克,9129,升,29691
27102000,石油及从沥青矿物提取...,301,比利时,324,千克,360,升,4068
27111100,液化天然气,138,阿联酋,117100888,千克,0,—,51046387
27111100,液化天然气,301,比利时,68235484,千克,0,—,32319877
27111200,液化丙烷,118,科威特,93091938,千克,0,—,56239465
27111200,液化丙烷,138,阿联酋,281513105,千克,0,—,152994836
27111200,液化丙烷,501,加拿大,23000000,千克,0,—,16100000
27111390,其他液化丁烷,118,科威特,34530763,千克,0,—,21363298
27111390,其他液化丁烷,138,阿联酋,119334199,千克,0,—,63437913
27121000,凡士林,301,比利时,0,千克,0,—,117
27121000,凡士林,307,意大利,16,千克,0,—,220
27121000,凡士林,309,荷兰,4,千克,0,—,145
27122000,石蜡，按重量计含油量...,244,南非,5800,千克,0,—,23804
27122000,石蜡，按重量计含油量...,305,法国,518,千克,0,—,6598
27122000,石蜡，按重量计含油量...,307,意大利,1500,千克,0,—,6535
27122000,石蜡，按重量计含油量...,309,荷兰,1200,千克,0,—,32224
27122000,石蜡，按重量计含油量...,312,西班牙,17179,千克,0,—,33950
27122000,石蜡，按重量计含油量...,315,奥地利,2,千克,0,—,21
27122000,石蜡，按重量计含油量...,410,巴西,440,千克,0,—,4281
27122000,石蜡，按重量计含油量...,501,加拿大,35768,千克,0,—,107013
27129010,微晶石蜡,244,南非,61200,千克,0,—,104110
27129010,微晶石蜡,307,意大利,63950,千克,0,—,137178
27129090,其他石蜡、矿物蜡及合...,138,阿联酋,2247226,千克,0,—,1395613
27129090,其他石蜡、矿物蜡及合...,244,南非,271050,千克,0,—,523381
27129090,其他石蜡、矿物蜡及合...,305,法国,25,千克,0,—,256
27129090,其他石蜡、矿物蜡及合...,307,意大利,3324,千克,0,—,14884
27129090,其他石蜡、矿物蜡及合...,309,荷兰,75,千克,0,—,3996
27129090,其他石蜡、矿物蜡及合...,312,西班牙,150,千克,0,—,750
27131110,未煅烧石油焦，含硫量...,410,巴西,30016362,千克,0,—,10985987
27131190,其他未煅烧石油焦,118,科威特,27500000,千克,0,—,6655000
27131190,其他未煅烧石油焦,501,加拿大,122060000,千克,0,—,15483994
27131210,已煅烧石油焦，含硫量...,244,南非,100000,千克,0,—,45000
27132000,石油沥青,138,阿联酋,2379815,千克,0,—,483459
27149010,天然沥青（地沥青）,138,阿联酋,489000,千克,0,—,88020
27149010,天然沥青（地沥青）,442,特立尼达和多巴哥,22000,千克,0,—,12100
27149010,天然沥青（地沥青）,501,加拿大,1995016,千克,0,—,860709
27149020,乳化沥青,307,意大利,18627,千克,0,—,66492
27160000,电力,109,朝鲜,22759130,千瓦时,0,—,938170
28013010,氟,244,南非,86,千克,0,—,24948
28030000,碳（碳黑及其他编码未...,301,比利时,691000,千克,0,—,3849584
28030000,碳（碳黑及其他编码未...,305,法国,45735,千克,0,—,158176
28030000,碳（碳黑及其他编码未...,306,爱尔兰,0,千克,0,—,270
28030000,碳（碳黑及其他编码未...,307,意大利,117204,千克,0,—,218617
28030000,碳（碳黑及其他编码未...,309,荷兰,146640,千克,0,—,600566
28030000,碳（碳黑及其他编码未...,501,加拿大,496081,千克,0,—,1184942
28042100,氩,315,奥地利,72,千克,41,立方米,17562
28042900,其他稀有气体,305,法国,50,千克,9,立方米,21816
28043000,氮,307,意大利,76,千克,0,立方米,4095
28045000,硼；碲,129,菲律宾,8210,千克,0,—,591150
28045000,硼；碲,429,墨西哥,6894,千克,0,—,275501
28045000,硼；碲,501,加拿大,60000,千克,0,—,3486065
28046119,7.5cm≤直径＜3...,307,意大利,536,千克,0,—,137633
28046119,7.5cm≤直径＜3...,318,芬兰,863,千克,0,—,110382
28046119,7.5cm≤直径＜3...,326,挪威,15336,千克,0,—,369099
28046190,其他含硅量≥99.9...,326,挪威,186841,千克,0,—,1734846
28046900,其他硅,326,挪威,1,千克,0,—,170
28046900,其他硅,410,巴西,3000,千克,0,—,7544
28046900,其他硅,501,加拿大,744,千克,0,—,70608
28049090,其他硒,301,比利时,25415,千克,0,—,298879
28049090,其他硒,318,芬兰,15600,千克,0,—,107741
28049090,其他硒,501,加拿大,20342,千克,0,—,160073
28051100,钠,305,法国,3,千克,0,—,916
28051910,锂,305,法国,0,千克,0,—,1743
28053019,其他稀土金属、钪，未...,315,奥地利,0,千克,0,—,112
28061000,氯化氢（盐酸）,306,爱尔兰,2785,千克,0,—,32207
28061000,氯化氢（盐酸）,312,西班牙,7,千克,0,—,5457
28061000,氯化氢（盐酸）,315,奥地利,95,千克,0,—,984
28061000,氯化氢（盐酸）,501,加拿大,7,千克,0,—,3173
28070000,硫酸；发烟硫酸,312,西班牙,662,千克,0,—,4850
28080000,硝酸；磺硝酸,305,法国,2467,千克,0,—,14101
28080000,硝酸；磺硝酸,501,加拿大,154,千克,0,—,10522
28092011,食品级磷酸,305,法国,2,千克,0,—,34
28100020,硼酸,137,土耳其,13610600,千克,0,—,7223361
28100020,硼酸,305,法国,16,千克,0,—,195
28100020,硼酸,307,意大利,3,千克,0,—,325
28111990,未列名无机酸,309,荷兰,13,千克,0,—,648
28111990,未列名无机酸,312,西班牙,0,千克,0,—,87
28111990,未列名无机酸,501,加拿大,2,千克,0,—,161
28112100,二氧化碳,315,奥地利,1198,千克,0,—,112094
28112210,硅胶,305,法国,300,千克,0,—,2650
28112210,硅胶,307,意大利,10,千克,0,—,28
28112210,硅胶,327,波兰,0,千克,0,—,12
28112210,硅胶,410,巴西,47600,千克,0,—,73780
28112290,其他二氧化硅,301,比利时,111920,千克,0,—,292784
28112290,其他二氧化硅,305,法国,472341,千克,0,—,1167112
28112290,其他二氧化硅,306,爱尔兰,0,千克,0,—,2800
28112290,其他二氧化硅,307,意大利,120,千克,0,—,2820
28112290,其他二氧化硅,309,荷兰,64003,千克,0,—,96450
28112290,其他二氧化硅,312,西班牙,360,千克,0,—,4721
28112290,其他二氧化硅,318,芬兰,4725,千克,0,—,26147
28112290,其他二氧化硅,326,挪威,13200,千克,0,—,26769
28112290,其他二氧化硅,327,波兰,470266,千克,0,—,614625
28112290,其他二氧化硅,410,巴西,5,千克,0,—,244
28112900,未列名非金属无机氧化...,301,比利时,8465,千克,0,—,262100
28112900,未列名非金属无机氧化...,307,意大利,1440,千克,0,—,410756
28112900,未列名非金属无机氧化...,315,奥地利,145494,千克,0,—,1089051
28112900,未列名非金属无机氧化...,327,波兰,1520,千克,0,—,5684
28112900,未列名非金属无机氧化...,501,加拿大,6365,千克,0,—,62944
28121200,氧氯化磷,301,比利时,72,千克,0,—,47993
28129019,其他氟化物及氟氧化物,244,南非,10,千克,0,—,37980
28129019,其他氟化物及氟氧化物,305,法国,4119,千克,0,—,66267
28129090,未列名非金属卤化物及...,312,西班牙,1,千克,0,—,655
28141000,氨,138,阿联酋,80856,千克,0,—,341490
28142000,氨水,312,西班牙,22,千克,0,—,1695
28142000,氨水,501,加拿大,0,千克,0,—,164
28151100,固体氢氧化钠,305,法国,1,千克,0,—,25
28151100,固体氢氧化钠,312,西班牙,24000,千克,0,—,16320
28151100,固体氢氧化钠,327,波兰,312000,千克,0,—,156504
28151200,氢氧化钠水溶液,301,比利时,26,千克,0,—,747
28151200,氢氧化钠水溶液,305,法国,48,千克,0,—,2403
28151200,氢氧化钠水溶液,306,爱尔兰,3,千克,0,—,24
28151200,氢氧化钠水溶液,410,巴西,0,千克,0,—,405
28151200,氢氧化钠水溶液,501,加拿大,25,千克,0,—,902
28152000,氢氧化钾（苛性钾）,301,比利时,2,千克,0,—,51
28152000,氢氧化钾（苛性钾）,305,法国,10008,千克,0,—,14667
28152000,氢氧化钾（苛性钾）,306,爱尔兰,10,千克,0,—,6335
28152000,氢氧化钾（苛性钾）,307,意大利,4,千克,0,—,100
28153000,过氧化钠及过氧化钾,305,法国,19,千克,0,—,7013
28161000,氢氧化镁及过氧化镁,309,荷兰,12800,千克,0,—,40576
28161000,氢氧化镁及过氧化镁,315,奥地利,22000,千克,0,—,54120
28161000,氢氧化镁及过氧化镁,429,墨西哥,50,千克,0,—,579
28170010,氧化锌,301,比利时,325,千克,0,—,2499
28170010,氧化锌,305,法国,10,千克,0,—,3101
28170010,氧化锌,309,荷兰,6,千克,0,—,205
28170010,氧化锌,312,西班牙,6006,千克,0,—,22769
28170010,氧化锌,315,奥地利,5000,千克,0,—,23717
28170010,氧化锌,501,加拿大,140990,千克,0,—,498050
28181010,棕刚玉,321,匈牙利,2000,千克,0,—,14147
28181090,其他人造刚玉，不论是...,305,法国,12459,千克,0,—,71239
28181090,其他人造刚玉，不论是...,315,奥地利,15900,千克,0,—,32525
28181090,其他人造刚玉，不论是...,501,加拿大,40000,千克,0,—,153695
28182000,氧化铝，但人造刚玉除...,137,土耳其,1000,千克,0,—,2700
28182000,氧化铝，但人造刚玉除...,305,法国,3348358,千克,0,—,2879940
28182000,氧化铝，但人造刚玉除...,309,荷兰,14448,千克,0,—,70882
28182000,氧化铝，但人造刚玉除...,312,西班牙,6000,千克,0,—,56920
28182000,氧化铝，但人造刚玉除...,315,奥地利,200,千克,0,—,2718
28182000,氧化铝，但人造刚玉除...,410,巴西,1501719,千克,0,—,417477
28183000,氢氧化铝,307,意大利,60,千克,0,—,39944
28183000,氢氧化铝,309,荷兰,40000,千克,0,—,26475
28183000,氢氧化铝,312,西班牙,24000,千克,0,—,36417
28191000,三氧化铬,244,南非,10400,千克,0,—,48980
28199000,未列名铬的氧化物及氢...,305,法国,800,千克,0,—,15718
28201000,二氧化锰,301,比利时,71,千克,0,—,2134
28209000,未列名锰的氧化物,301,比利时,37500,千克,0,—,103250
28209000,未列名锰的氧化物,326,挪威,100000,千克,0,—,116500
28211000,铁的氧化物及氢氧化物,127,巴基斯坦,10,千克,0,—,60
28211000,铁的氧化物及氢氧化物,137,土耳其,793035,千克,0,—,170017
28211000,铁的氧化物及氢氧化物,138,阿联酋,313410,千克,0,—,49064
28211000,铁的氧化物及氢氧化物,224,肯尼亚,27,千克,0,—,598
28211000,铁的氧化物及氢氧化物,301,比利时,75,千克,0,—,2081
28211000,铁的氧化物及氢氧化物,305,法国,105045,千克,0,—,73218
28211000,铁的氧化物及氢氧化物,307,意大利,22001,千克,0,—,42372
28211000,铁的氧化物及氢氧化物,315,奥地利,750400,千克,0,—,286400
28211000,铁的氧化物及氢氧化物,326,挪威,40000,千克,0,—,19168
28211000,铁的氧化物及氢氧化物,327,波兰,0,千克,0,—,8
28211000,铁的氧化物及氢氧化物,410,巴西,24000,千克,0,—,23160
28212000,土色料，按重量计三氧...,305,法国,220,千克,0,—,8035
28212000,土色料，按重量计三氧...,307,意大利,202,千克,0,—,3778
28212000,土色料，按重量计三氧...,312,西班牙,22000,千克,0,—,11369
28220010,四氧化三钴,301,比利时,5000,千克,0,—,164500
28220090,未列名钴的氧化物及氢...,301,比利时,25,千克,0,—,2562
28230000,钛的氧化物,301,比利时,165,千克,0,—,6583
28230000,钛的氧化物,305,法国,81170,千克,0,—,303102
28230000,钛的氧化物,318,芬兰,125,千克,0,—,1293
28230000,钛的氧化物,501,加拿大,38022,千克,0,—,207800
28253010,五氧化二钒,315,奥地利,1,千克,0,—,429
28253010,五氧化二钒,410,巴西,40000,千克,0,—,646461
28254000,镍的氧化物有氢氧化物,129,菲律宾,404,千克,0,—,7280
28255000,铜的氧化物及氢氧化物,307,意大利,1,千克,0,—,1344
28255000,铜的氧化物及氢氧化物,326,挪威,194000,千克,0,—,1788440
28256000,锗的氧化物及二氧化锆,305,法国,5025,千克,0,—,28859
28256000,锗的氧化物及二氧化锆,309,荷兰,14,千克,0,—,5247
28256000,锗的氧化物及二氧化锆,501,加拿大,1000,千克,0,—,525000
28257000,钼的氧化物及氢氧化物,309,荷兰,0,千克,0,—,107
28258000,锑的氧化物,301,比利时,8000,千克,0,—,50387
28258000,锑的氧化物,305,法国,500,千克,0,—,3590
28259031,二氧化锡,307,意大利,19000,千克,0,—,508345
28259049,其他铌的氧化物及氢氧...,410,巴西,10000,千克,0,—,323160
28259090,未列名无机碱、金属氧...,305,法国,100,千克,0,—,34013
28259090,未列名无机碱、金属氧...,307,意大利,103502,千克,0,—,27997
28259090,未列名无机碱、金属氧...,312,西班牙,1,千克,0,—,48
28259090,未列名无机碱、金属氧...,410,巴西,15000,千克,0,—,1188605
28259090,未列名无机碱、金属氧...,501,加拿大,0,千克,0,—,236
28261910,铵的氟化物,305,法国,7,千克,0,—,1013
28263000,六氟铝酸钠（人造冰晶...,305,法国,25,千克,0,—,299
28269090,未列名氟铝酸盐及其他...,307,意大利,8480,千克,0,—,16078
28269090,未列名氟铝酸盐及其他...,312,西班牙,0,千克,0,—,12
28271090,非肥料用氯化铵,312,西班牙,17,千克,0,—,2251
28272000,氯化钙,312,西班牙,1,千克,0,—,26
28272000,氯化钙,318,芬兰,4200,千克,0,—,2463
28272000,氯化钙,336,立陶宛,0,千克,0,—,1843
28273100,氯化镁,312,西班牙,2,千克,0,—,546
28273100,氯化镁,336,立陶宛,13,千克,0,—,555
28273500,氯化镍,305,法国,1307,千克,0,—,11253
28273500,氯化镍,312,西班牙,0,千克,0,—,71
28273910,氯化锂,318,芬兰,0,千克,0,—,306
28273910,氯化锂,336,立陶宛,4,千克,0,—,2370
28273920,氯化钡,312,西班牙,8,千克,0,—,166
28273990,未列名氯化物,305,法国,1513,千克,0,—,32173
28273990,未列名氯化物,307,意大利,1920,千克,0,—,9884
28274990,其他氯氧化物及氢氧基...,429,墨西哥,500,千克,0,—,24500
28275100,溴化钠及溴化钾,305,法国,1,千克,0,—,229
28275100,溴化钠及溴化钾,307,意大利,4950,千克,0,—,91978
28275100,溴化钠及溴化钾,309,荷兰,3,千克,0,—,157
28276000,碘化物及碘氧化物,301,比利时,2,千克,0,—,168
28276000,碘化物及碘氧化物,305,法国,4001,千克,0,—,154124
28276000,碘化物及碘氧化物,309,荷兰,3,千克,0,—,61
28276000,碘化物及碘氧化物,410,巴西,18000,千克,0,—,557326
28301010,硫化钠,301,比利时,2,千克,0,—,38
28301090,钠的其他硫化物,301,比利时,0,千克,0,—,37
28301090,钠的其他硫化物,429,墨西哥,1000,千克,0,—,430
28309020,硫化锑,307,意大利,1000,千克,0,—,9250
28309020,硫化锑,315,奥地利,9200,千克,0,—,88987
28309090,未列名硫化物；多硫化...,129,菲律宾,14,千克,0,—,25804
28309090,未列名硫化物；多硫化...,309,荷兰,50,千克,0,—,2915
28309090,未列名硫化物；多硫化...,315,奥地利,32761,千克,0,—,499072
28309090,未列名硫化物；多硫化...,429,墨西哥,0,千克,0,—,168
28321000,钠的亚硫酸盐,307,意大利,2101,千克,0,—,2419
28322000,其他亚硫酸盐,305,法国,2557,千克,0,—,9633
28322000,其他亚硫酸盐,307,意大利,8400,千克,0,—,20578
28323000,硫代硫酸盐,305,法国,1,千克,0,—,13
28331100,硫酸二钠,312,西班牙,1,千克,0,—,174
28332200,硫酸铝,309,荷兰,21520,千克,0,—,17219
28332400,镍的硫酸盐,244,南非,971155,千克,0,—,3439459
28332400,镍的硫酸盐,301,比利时,19200,千克,0,—,86208
28332400,镍的硫酸盐,318,芬兰,11000,千克,0,—,57370
28332500,铜的硫酸盐,305,法国,0,千克,0,—,19
28332500,铜的硫酸盐,307,意大利,1,千克,0,—,26
28332500,铜的硫酸盐,312,西班牙,0,千克,0,—,155
28332700,硫酸钡,305,法国,3,千克,0,—,1737
28332700,硫酸钡,307,意大利,46555,千克,0,—,60082
28332700,硫酸钡,312,西班牙,58250,千克,0,—,32336
28332910,硫酸亚铁,312,西班牙,10,千克,0,—,948
28332990,未列名硫酸盐,312,西班牙,1,千克,0,—,72
28332990,未列名硫酸盐,318,芬兰,120000,千克,0,—,1113600
28332990,未列名硫酸盐,429,墨西哥,0,千克,0,—,34
28334000,过硫酸盐,137,土耳其,4,千克,0,—,447
28342190,非肥料用硝酸钾,312,西班牙,2101,千克,0,—,23435
28342990,未列名硝酸盐,301,比利时,98240,千克,0,—,323401
28342990,未列名硝酸盐,305,法国,3,千克,0,—,46
28342990,未列名硝酸盐,307,意大利,4,千克,0,—,259
28342990,未列名硝酸盐,312,西班牙,80001,千克,0,—,100845
28342990,未列名硝酸盐,410,巴西,0,千克,0,—,42
28342990,未列名硝酸盐,429,墨西哥,1,千克,0,—,283
28351000,次磷酸盐及亚磷酸盐,307,意大利,135,千克,0,—,3060
28352200,磷酸一钠及磷酸二钠,301,比利时,15,千克,0,—,705
28352200,磷酸一钠及磷酸二钠,307,意大利,40,千克,0,—,1657
28352200,磷酸一钠及磷酸二钠,312,西班牙,3,千克,0,—,95
28352400,钾的磷酸盐,301,比利时,200,千克,0,—,863
28352400,钾的磷酸盐,305,法国,1253,千克,0,—,5004
28352400,钾的磷酸盐,307,意大利,12000,千克,0,—,37080
28352400,钾的磷酸盐,312,西班牙,71,千克,0,—,3131
28352600,其他磷酸钙,307,意大利,300,千克,0,—,83835
28352910,磷酸三钠,305,法国,1175,千克,0,—,6071
28352990,其他磷酸盐,305,法国,20000,千克,0,—,61000
28352990,其他磷酸盐,307,意大利,1,千克,0,—,84
28352990,其他磷酸盐,312,西班牙,7400,千克,0,—,78040
28352990,其他磷酸盐,429,墨西哥,2000,千克,0,—,15820
28353110,食品级的三磷酸钠（三...,301,比利时,21600,千克,0,—,34861
28353110,食品级的三磷酸钠（三...,501,加拿大,72000,千克,0,—,132276
28353190,其他三磷酸钠（三聚磷...,307,意大利,25,千克,0,—,134
28353919,其他六偏磷酸钠,312,西班牙,2,千克,0,—,71
28353990,其他多磷酸盐,309,荷兰,0,千克,0,—,3746
28353990,其他多磷酸盐,312,西班牙,70000,千克,0,—,350000
28353990,其他多磷酸盐,327,波兰,0,千克,0,—,26
28353990,其他多磷酸盐,501,加拿大,13835,千克,0,—,24901
28362000,碳酸钠（纯碱）,137,土耳其,2700000,千克,0,—,547692
28362000,碳酸钠（纯碱）,224,肯尼亚,1,千克,0,—,104
28362000,碳酸钠（纯碱）,305,法国,100,千克,0,—,925
28362000,碳酸钠（纯碱）,307,意大利,25000,千克,0,—,8409
28363000,碳酸氢钠（小苏打）,305,法国,7737,千克,0,—,50589
28363000,碳酸氢钠（小苏打）,307,意大利,1250504,千克,0,—,339985
28363000,碳酸氢钠（小苏打）,312,西班牙,1875000,千克,0,—,512779
28363000,碳酸氢钠（小苏打）,327,波兰,25,千克,0,—,25
28363000,碳酸氢钠（小苏打）,501,加拿大,2,千克,0,—,26
28364000,钾的碳酸盐,312,西班牙,16,千克,0,—,1919
28364000,钾的碳酸盐,315,奥地利,5,千克,0,—,1325
28365000,碳酸钙,137,土耳其,45020,千克,0,—,18058
28365000,碳酸钙,301,比利时,53,千克,0,—,873
28365000,碳酸钙,305,法国,23200,千克,0,—,18688
28365000,碳酸钙,307,意大利,75875,千克,0,—,54831
28365000,碳酸钙,312,西班牙,21300,千克,0,—,35455
28365000,碳酸钙,315,奥地利,7925,千克,0,—,8503
28365000,碳酸钙,316,保加利亚,2,千克,0,—,55
28366000,碳酸钡,305,法国,540,千克,0,—,8100
28366000,碳酸钡,307,意大利,87762,千克,0,—,541138
28369200,锶的碳酸盐,307,意大利,1,千克,0,—,288
28369200,锶的碳酸盐,312,西班牙,3,千克,0,—,51
28369200,锶的碳酸盐,429,墨西哥,1320000,千克,0,—,874440
28369910,碳酸镁,305,法国,20800,千克,0,—,99658
28369940,商品碳酸铵及其他铵的...,312,西班牙,6,千克,0,—,519
28391910,硅酸钠,309,荷兰,48100,千克,0,—,75579
28391910,硅酸钠,501,加拿大,907,千克,0,—,3007
28399000,其他硅酸盐、商品碱金...,137,土耳其,2000,千克,0,—,5616
28399000,其他硅酸盐、商品碱金...,301,比利时,49350,千克,0,—,222504
28399000,其他硅酸盐、商品碱金...,305,法国,3,千克,0,—,667
28399000,其他硅酸盐、商品碱金...,307,意大利,0,千克,0,—,112
28399000,其他硅酸盐、商品碱金...,309,荷兰,60800,千克,0,—,49308
28399000,其他硅酸盐、商品碱金...,315,奥地利,25,千克,0,—,850
28399000,其他硅酸盐、商品碱金...,501,加拿大,10077,千克,0,—,23956
28401100,无水四硼酸钠,501,加拿大,0,千克,0,—,4
28401900,其他四硼酸钠,137,土耳其,41004000,千克,0,—,17119790
28401900,其他四硼酸钠,305,法国,449,千克,0,—,11542
28401900,其他四硼酸钠,312,西班牙,14,千克,0,—,278
28402000,其他硼酸盐,137,土耳其,86400,千克,0,—,97684
28402000,其他硼酸盐,305,法国,1,千克,0,—,14
28402000,其他硼酸盐,307,意大利,23960,千克,0,—,75430
28402000,其他硼酸盐,410,巴西,0,千克,0,—,22
28402000,其他硼酸盐,501,加拿大,1,千克,0,—,469
28415000,其他铬酸盐及重铬酸盐...,305,法国,47000,千克,0,—,212450
28417010,钼酸铵,309,荷兰,120000,千克,0,—,1859817
28417090,其他钼酸盐,327,波兰,1,千克,0,—,63
28419000,其他金属酸盐及过金属...,305,法国,1,千克,0,—,316
28419000,其他金属酸盐及过金属...,307,意大利,5000,千克,0,—,18500
28419000,其他金属酸盐及过金属...,315,奥地利,6720,千克,0,—,138573
28419000,其他金属酸盐及过金属...,327,波兰,2005,千克,0,—,1050218
28421000,硅酸复盐及硅酸络盐,305,法国,5,千克,0,—,829
28421000,硅酸复盐及硅酸络盐,307,意大利,2078,千克,0,—,314844
28421000,硅酸复盐及硅酸络盐,309,荷兰,0,千克,0,—,189
28421000,硅酸复盐及硅酸络盐,312,西班牙,20,千克,0,—,25
28421000,硅酸复盐及硅酸络盐,327,波兰,200,千克,0,—,1580
28421000,硅酸复盐及硅酸络盐,350,斯洛文尼亚,66000,千克,0,—,54057
28429040,磷酸铁锂,501,加拿大,10100,千克,0,—,316156
28429090,未列名无机酸盐及过氧...,129,菲律宾,18402,千克,0,—,2365261
28429090,未列名无机酸盐及过氧...,312,西班牙,15000,千克,0,—,68852
28429090,未列名无机酸盐及过氧...,501,加拿大,0,千克,0,—,1115
28431000,胶态贵金属,307,意大利,267304,克,0,—,237876
28431000,胶态贵金属,501,加拿大,25,克,0,—,192
28439000,其他贵金属的无机及有...,244,南非,16,克,0,—,260
28439000,其他贵金属的无机及有...,307,意大利,6803,克,0,—,131823
28439000,其他贵金属的无机及有...,501,加拿大,9,克,0,—,2750
28444010,镭及镭盐,326,挪威,438,克,484,百万贝可,350660
28444090,未列名放射性元素、同...,137,土耳其,7,克,352,百万贝可,21734
28444090,未列名放射性元素、同...,244,南非,250,克,13634500,百万贝可,171543
28444090,未列名放射性元素、同...,301,比利时,7828,克,39960011,百万贝可,712435
28444090,未列名放射性元素、同...,305,法国,12,克,27,百万贝可,8761
28444090,未列名放射性元素、同...,307,意大利,1,克,74,百万贝可,2803
28444090,未列名放射性元素、同...,309,荷兰,720,克,24414370,百万贝可,580988
28444090,未列名放射性元素、同...,318,芬兰,86,克,32000,百万贝可,32755
28444090,未列名放射性元素、同...,321,匈牙利,20,克,74000000,百万贝可,33257
28444090,未列名放射性元素、同...,327,波兰,565,克,775890000,百万贝可,456416
28444090,未列名放射性元素、同...,501,加拿大,78,克,4030000,百万贝可,147268
28451000,重水（氧化氘）,501,加拿大,3732850,克,0,—,1430775
28459000,品目2844以外的其...,301,比利时,1,克,0,—,182
28459000,品目2844以外的其...,305,法国,23,克,0,—,45806
28459000,品目2844以外的其...,309,荷兰,10,克,0,—,15929
28459000,品目2844以外的其...,315,奥地利,4,克,0,—,1203
28459000,品目2844以外的其...,326,挪威,500,克,0,—,1782
28459000,品目2844以外的其...,501,加拿大,181,克,0,—,107544
28461010,氧化铈,305,法国,400,千克,0,—,10976
28461010,氧化铈,315,奥地利,100,千克,0,—,5220
28461090,其他铈的化合物,315,奥地利,0,千克,0,—,14
28469011,氧化钇,315,奥地利,53,千克,0,—,5653
28469013,氧化钕,301,比利时,127,千克,0,—,5080
28469025,氯化镨,315,奥地利,0,千克,0,—,112
28469048,混合碳酸稀土,315,奥地利,59400,千克,0,—,302940
28469091,镧的其他化合物,315,奥地利,0,千克,0,—,27
28469095,镨的其他化合物,315,奥地利,0,千克,0,—,132
28469096,钇的其他化合物,315,奥地利,2,千克,0,—,770
28469099,未列名稀土金属及其混...,305,法国,0,千克,0,—,600
28469099,未列名稀土金属及其混...,501,加拿大,0,千克,0,—,450
28470000,过氧化氢，不论是否用...,309,荷兰,8,千克,0,—,392
28470000,过氧化氢，不论是否用...,429,墨西哥,0,千克,0,—,432
28470000,过氧化氢，不论是否用...,501,加拿大,6,千克,0,—,4270
28492000,碳化硅,312,西班牙,10000,千克,0,—,58644
28492000,碳化硅,326,挪威,15630,千克,0,—,101617
28492000,碳化硅,410,巴西,2400,千克,0,—,13800
28499020,碳化钨,305,法国,15,千克,0,—,1641
28499020,碳化钨,306,爱尔兰,1070,千克,0,—,91849
28499020,碳化钨,501,加拿大,300,千克,0,—,25505
28500012,氮化硼,244,南非,46,千克,0,—,60608
28500012,氮化硼,305,法国,4,千克,0,—,644
28500012,氮化硼,309,荷兰,0,千克,0,—,2908
28500012,氮化硼,501,加拿大,0,千克,0,—,1862
28500019,其他氮化物,244,南非,2,千克,0,—,5890
28500019,其他氮化物,305,法国,1,千克,0,—,2823
28500019,其他氮化物,309,荷兰,0,千克,0,—,2382
28500090,氢化物、叠氮化物、硅...,318,芬兰,22400,千克,0,—,47318
28539010,饮用蒸馏水,312,西班牙,540,千克,0,—,3898
28539040,磷化物，不论是否已有...,501,加拿大,192,千克,0,—,666822
28539090,其他无机化合物；液态...,124,蒙古,93,千克,0,—,1424
28539090,其他无机化合物；液态...,301,比利时,15,千克,0,—,76
28539090,其他无机化合物；液态...,305,法国,1312,千克,0,—,9485
28539090,其他无机化合物；液态...,326,挪威,6750,千克,0,—,7282
28539090,其他无机化合物；液态...,336,立陶宛,0,千克,0,—,1262
28539090,其他无机化合物；液态...,501,加拿大,4,千克,0,—,214
29011000,饱和无环烃,305,法国,2603,千克,0,—,80737
29011000,饱和无环烃,307,意大利,3,千克,0,—,1119
29011000,饱和无环烃,309,荷兰,11600,千克,0,—,17626
29011000,饱和无环烃,312,西班牙,5101097,千克,0,—,4315737
29011000,饱和无环烃,327,波兰,5,千克,0,—,355
29011000,饱和无环烃,410,巴西,300,千克,0,—,6987
29012100,乙烯,138,阿联酋,6659809,千克,0,—,6694279
29012200,丙烯,129,菲律宾,8586621,千克,0,—,9305532
29012200,丙烯,138,阿联酋,27243621,千克,0,—,29830289
29012990,未列名不饱和无环烃,244,南非,32400,千克,0,—,64427
29012990,未列名不饱和无环烃,301,比利时,16492,千克,0,—,33314
29012990,未列名不饱和无环烃,305,法国,79,千克,0,—,17352
29012990,未列名不饱和无环烃,312,西班牙,1400,千克,0,—,85074
29012990,未列名不饱和无环烃,316,保加利亚,0,千克,0,—,131
29021100,环已烷,305,法国,1,千克,0,—,15
29021910,蒎烯,305,法国,2460,千克,0,—,25015
29021910,蒎烯,312,西班牙,6295,千克,0,—,58998
29021910,蒎烯,410,巴西,40128,千克,0,—,178180
29021990,其他环烷烃；其他环烯...,244,南非,10,千克,0,—,1083
29021990,其他环烷烃；其他环烯...,301,比利时,247090,千克,0,—,768293
29021990,其他环烷烃；其他环烯...,305,法国,3394,千克,0,—,32777
29021990,其他环烷烃；其他环烯...,312,西班牙,4136,千克,0,—,107943
29021990,其他环烷烃；其他环烯...,326,挪威,0,千克,0,—,211
29021990,其他环烷烃；其他环烯...,410,巴西,253552,千克,0,—,983478
29021990,其他环烷烃；其他环烯...,429,墨西哥,1,千克,0,—,116
29021990,其他环烷烃；其他环烯...,501,加拿大,19,千克,0,—,4002
29024100,邻二甲苯,305,法国,265,千克,0,—,6535
29024300,对二甲苯,118,科威特,34287005,千克,0,—,29451604
29025000,苯乙烯,118,科威特,18028214,千克,0,—,24025995
29025000,苯乙烯,309,荷兰,42,千克,0,—,1106
29025000,苯乙烯,312,西班牙,32000,千克,0,—,57992
29029020,精萘,301,比利时,3,千克,0,—,646
29029090,未列名环烃,305,法国,680,千克,0,—,8188
29029090,未列名环烃,312,西班牙,25,千克,0,—,2198
29029090,未列名环烃,326,挪威,133,千克,0,—,45044
29029090,未列名环烃,336,立陶宛,0,千克,0,—,328
29029090,未列名环烃,410,巴西,0,千克,0,—,58
29031200,二氯甲烷,305,法国,36,千克,0,—,2016
29031990,未列名无环烃的饱和氯...,327,波兰,108000,千克,0,—,27017
29033990,其他无环烃的氟化、溴...,301,比利时,1960,千克,0,—,44313
29033990,其他无环烃的氟化、溴...,305,法国,38483,千克,0,—,332471
29033990,其他无环烃的氟化、溴...,321,匈牙利,0,千克,0,—,24
29039990,其他芳烃卤化衍生物,305,法国,1,千克,0,—,321
29039990,其他芳烃卤化衍生物,307,意大利,220,千克,0,—,70719
29039990,其他芳烃卤化衍生物,336,立陶宛,0,千克,0,—,268
29039990,其他芳烃卤化衍生物,501,加拿大,0,千克,0,—,139
29041000,仅含磺基的衍生物及其...,301,比利时,36063,千克,0,—,87082
29041000,仅含磺基的衍生物及其...,305,法国,27602,千克,0,—,65224
29041000,仅含磺基的衍生物及其...,307,意大利,19211,千克,0,—,23965
29041000,仅含磺基的衍生物及其...,309,荷兰,1200,千克,0,—,7057
29041000,仅含磺基的衍生物及其...,312,西班牙,8000,千克,0,—,35800
29041000,仅含磺基的衍生物及其...,327,波兰,3,千克,0,—,406
29042090,其他仅含硝基或亚硝基...,327,波兰,0,千克,0,—,31
29049900,其他烃的磺化、硝化或...,305,法国,0,千克,0,—,65
29049900,其他烃的磺化、硝化或...,309,荷兰,0,千克,0,—,114
29049900,其他烃的磺化、硝化或...,501,加拿大,0,千克,0,—,298
29051100,甲醇,138,阿联酋,548598140,千克,0,—,184199330
29051100,甲醇,244,南非,19300,千克,0,—,36091
29051100,甲醇,305,法国,23,千克,0,—,1810
29051100,甲醇,312,西班牙,11311,千克,0,—,59118
29051100,甲醇,326,挪威,0,千克,0,—,1295
29051100,甲醇,442,特立尼达和多巴哥,51780436,千克,0,—,15839480
29051210,丙醇,244,南非,0,千克,0,—,16
29051220,异丙醇,305,法国,211,千克,0,—,7389
29051220,异丙醇,309,荷兰,52894,千克,0,—,79565
29051220,异丙醇,312,西班牙,37,千克,0,—,390
29051220,异丙醇,501,加拿大,17,千克,0,—,1127
29051300,正丁醇,301,比利时,1,千克,0,—,27
29051300,正丁醇,312,西班牙,583,千克,0,—,5580
29051410,异丁醇,410,巴西,1047024,千克,0,—,1334955
29051430,叔丁醇,309,荷兰,4,千克,0,—,924
29051610,正辛醇,129,菲律宾,19010,千克,0,—,33837
29051700,十二醇、十六醇及十八...,129,菲律宾,401590,千克,0,—,740042
29051700,十二醇、十六醇及十八...,305,法国,30030,千克,0,—,538314
29051990,未列名饱和一元醇,129,菲律宾,230800,千克,0,—,532273
29051990,未列名饱和一元醇,301,比利时,95,千克,0,—,1870
29051990,未列名饱和一元醇,305,法国,32053,千克,0,—,231430
29051990,未列名饱和一元醇,307,意大利,13940,千克,0,—,36416
29051990,未列名饱和一元醇,309,荷兰,18060,千克,0,—,49665
29051990,未列名饱和一元醇,312,西班牙,160,千克,0,—,1095
29051990,未列名饱和一元醇,415,哥斯达黎加,0,千克,0,—,28
29051990,未列名饱和一元醇,429,墨西哥,192370,千克,0,—,485994
29051990,未列名饱和一元醇,501,加拿大,60,千克,0,—,12933
29052210,香叶醇、橙花醇（3，...,305,法国,50,千克,0,—,3428
29052230,芳樟醇,305,法国,1,千克,0,—,60
29052290,其他无环萜烯醇,305,法国,552,千克,0,—,37321
29052290,其他无环萜烯醇,312,西班牙,40680,千克,0,—,647408
29052290,其他无环萜烯醇,415,哥斯达黎加,6,千克,0,—,6424
29052900,其他不饱和一元醇,312,西班牙,500,千克,0,—,19912
29053100,1，2-乙二醇,118,科威特,39039170,千克,0,—,24825447
29053100,1，2-乙二醇,137,土耳其,30,千克,0,—,85
29053100,1，2-乙二醇,305,法国,871,千克,0,—,2747
29053100,1，2-乙二醇,309,荷兰,15,千克,0,—,262
29053100,1，2-乙二醇,501,加拿大,117003748,千克,0,—,75282384
29053200,丙二醇,137,土耳其,30,千克,0,—,186
29053200,丙二醇,305,法国,270284,千克,0,—,316335
29053200,丙二醇,309,荷兰,129,千克,0,—,513
29053200,丙二醇,312,西班牙,25,千克,0,—,876
29053200,丙二醇,327,波兰,1724,千克,0,—,15908
29053990,未列名二元醇,301,比利时,106400,千克,0,—,412827
29053990,未列名二元醇,305,法国,137692,千克,0,—,316899
29053990,未列名二元醇,309,荷兰,1200,千克,0,—,5303
29053990,未列名二元醇,410,巴西,158000,千克,0,—,280388
29054300,甘露糖醇,305,法国,62205,千克,0,—,325956
29054300,甘露糖醇,307,意大利,5,千克,0,—,226
29054400,山梨醇,301,比利时,3500,千克,0,—,8917
29054400,山梨醇,305,法国,86053,千克,0,—,86112
29054500,丙三醇（甘油）,129,菲律宾,199510,千克,0,—,256833
29054500,丙三醇（甘油）,301,比利时,10000,千克,0,—,16088
29054500,丙三醇（甘油）,305,法国,2022,千克,0,—,7453
29054500,丙三醇（甘油）,326,挪威,4,千克,0,—,574
29054500,丙三醇（甘油）,410,巴西,5097520,千克,0,—,4147804
29054910,木糖醇,318,芬兰,706,千克,0,—,7630
29054990,其他多元醇,137,土耳其,1,千克,0,—,62
29054990,其他多元醇,305,法国,15850,千克,0,—,45076
29054990,其他多元醇,312,西班牙,5,千克,0,—,433
29054990,其他多元醇,327,波兰,150,千克,0,—,1998
29054990,其他多元醇,501,加拿大,2056,千克,0,—,19544
29055900,其他无环醇卤化、磺化...,301,比利时,0,千克,0,—,230
29055900,其他无环醇卤化、磺化...,309,荷兰,20000,千克,0,—,47000
29061100,薄荷醇,305,法国,2,千克,0,—,107
29061100,薄荷醇,312,西班牙,250,千克,0,—,9512
29061310,固醇,305,法国,0,千克,0,—,857
29061310,固醇,309,荷兰,102,千克,0,—,31248
29061310,固醇,312,西班牙,3900,千克,0,—,87509
29061320,肌醇,318,芬兰,4000,千克,0,—,109068
29061910,萜品醇,305,法国,670,千克,0,—,14810
29061910,萜品醇,312,西班牙,550,千克,0,—,4772
29061990,其他环烷醇、环烯醇及...,305,法国,5122,千克,0,—,146252
29061990,其他环烷醇、环烯醇及...,306,爱尔兰,0,千克,0,—,921
29061990,其他环烷醇、环烯醇及...,307,意大利,0,千克,0,—,310
29061990,其他环烷醇、环烯醇及...,312,西班牙,1458,千克,0,—,61856
29061990,其他环烷醇、环烯醇及...,410,巴西,615,千克,0,—,89246
29062100,苄醇,309,荷兰,16801,千克,0,—,51197
29062100,苄醇,312,西班牙,330,千克,0,—,661
29062990,其他芳香醇,306,爱尔兰,0,千克,0,—,112
29062990,其他芳香醇,309,荷兰,0,千克,0,—,211
29062990,其他芳香醇,312,西班牙,25,千克,0,—,1006
29062990,其他芳香醇,429,墨西哥,5,千克,0,—,1124
29071219,其他甲酚,244,南非,8000,千克,0,—,25627
29071290,甲酚盐,305,法国,600,千克,0,—,10096
29071590,其他萘酚及萘酚盐,312,西班牙,5,千克,0,—,793
29071990,未列名一元酚,305,法国,15,千克,0,—,2057
29071990,未列名一元酚,309,荷兰,540,千克,0,—,13298
29071990,未列名一元酚,312,西班牙,2001,千克,0,—,15741
29071990,未列名一元酚,327,波兰,390,千克,0,—,847
29072210,对苯二酚,305,法国,38002,千克,0,—,211189
29072210,对苯二酚,307,意大利,175000,千克,0,—,1137500
29072290,对苯二酚盐,305,法国,6,千克,0,—,652
29072300,4，4’-异亚丙基联...,301,比利时,20000,千克,0,—,78734
29072300,4，4’-异亚丙基联...,309,荷兰,500000,千克,0,—,1802340
29072300,4，4’-异亚丙基联...,312,西班牙,15000,千克,0,—,33099
29072910,邻苯二酚,307,意大利,402500,千克,0,—,920500
29072990,未列名多元酚；酚醇,305,法国,5,千克,0,—,504
29072990,未列名多元酚；酚醇,312,西班牙,3000,千克,0,—,35970
29081990,其他仅含卤素取代基的...,429,墨西哥,1000,千克,0,—,30000
29089990,未列名酚及酚醇的卤、...,305,法国,2,千克,0,—,25
29091990,其他无环醚及其卤、磺...,301,比利时,14401,千克,0,—,549806
29091990,其他无环醚及其卤、磺...,305,法国,180,千克,0,—,4551
29091990,其他无环醚及其卤、磺...,307,意大利,1365,千克,0,—,11612
29091990,其他无环醚及其卤、磺...,312,西班牙,326,千克,0,—,83100
29091990,其他无环醚及其卤、磺...,336,立陶宛,0,千克,0,—,13
29092000,环（烷、烯或萜烯）醚...,312,西班牙,77,千克,0,—,4910
29093090,其他芳香醚及其卤化、...,301,比利时,3,千克,0,—,10
29093090,其他芳香醚及其卤化、...,305,法国,44130,千克,0,—,263076
29093090,其他芳香醚及其卤化、...,312,西班牙,78,千克,0,—,16231
29093090,其他芳香醚及其卤化、...,336,立陶宛,0,千克,0,—,14
29093090,其他芳香醚及其卤化、...,415,哥斯达黎加,0,千克,0,—,13
29093090,其他芳香醚及其卤化、...,429,墨西哥,100,千克,0,—,3557
29094100,2，2-氧联二乙醇（...,118,科威特,8091161,千克,0,—,7423360
29094100,2，2-氧联二乙醇（...,137,土耳其,80,千克,0,—,296
29094100,2，2-氧联二乙醇（...,301,比利时,10,千克,0,—,663
29094100,2，2-氧联二乙醇（...,305,法国,150,千克,0,—,2163
29094100,2，2-氧联二乙醇（...,312,西班牙,400,千克,0,—,12530
29094100,2，2-氧联二乙醇（...,501,加拿大,2055393,千克,0,—,1822079
29094300,乙二醇或二甘醇的单丁...,305,法国,9,千克,0,—,187
29094400,乙二醇或二甘醇的其他...,301,比利时,34040,千克,0,—,107392
29094400,乙二醇或二甘醇的其他...,305,法国,608,千克,0,—,5946
29094400,乙二醇或二甘醇的其他...,410,巴西,1,千克,0,—,23
29094990,未列名醚醇及其卤、磺...,129,菲律宾,421,千克,0,—,3997
29094990,未列名醚醇及其卤、磺...,301,比利时,67448,千克,0,—,134224
29094990,未列名醚醇及其卤、磺...,305,法国,10300,千克,0,—,58604
29094990,未列名醚醇及其卤、磺...,309,荷兰,2291,千克,0,—,42316
29094990,未列名醚醇及其卤、磺...,312,西班牙,20,千克,0,—,13944
29094990,未列名醚醇及其卤、磺...,315,奥地利,1540,千克,0,—,5958
29094990,未列名醚醇及其卤、磺...,326,挪威,0,千克,0,—,337
29094990,未列名醚醇及其卤、磺...,435,波多黎各,7,千克,0,—,604
29094990,未列名醚醇及其卤、磺...,501,加拿大,600,千克,0,—,3229
29095000,醚酚、醚醇酚及其卤、...,227,马达加斯加,1575,千克,0,—,39561
29095000,醚酚、醚醇酚及其卤、...,305,法国,178785,千克,0,—,1346834
29095000,醚酚、醚醇酚及其卤、...,309,荷兰,23,千克,0,—,2824
29096000,过氧化（醇、醚、酮）...,301,比利时,12855,千克,0,—,187747
29096000,过氧化（醇、醚、酮）...,307,意大利,14000,千克,0,—,107170
29096000,过氧化（醇、醚、酮）...,309,荷兰,45600,千克,0,—,102965
29102000,甲基环氧乙烷（氧化丙...,301,比利时,2,千克,0,—,53
29109000,其他三节环环氧化物、...,305,法国,546,千克,0,—,42488
29109000,其他三节环环氧化物、...,307,意大利,72061,千克,0,—,185410
29109000,其他三节环环氧化物、...,312,西班牙,1,千克,0,—,97
29110000,缩醛及半缩醛及其卤、...,301,比利时,1008,千克,0,—,7619
29110000,缩醛及半缩醛及其卤、...,305,法国,60,千克,0,—,10736
29110000,缩醛及半缩醛及其卤、...,312,西班牙,231,千克,0,—,22107
29110000,缩醛及半缩醛及其卤、...,429,墨西哥,360,千克,0,—,10371
29121100,甲醛,305,法国,0,千克,0,—,40
29121900,未列名不含其他含氧基...,305,法国,76622,千克,0,—,253015
29121900,未列名不含其他含氧基...,307,意大利,2400,千克,0,—,4674
29121900,未列名不含其他含氧基...,309,荷兰,0,千克,0,—,1555
29121900,未列名不含其他含氧基...,312,西班牙,4812,千克,0,—,58427
29121900,未列名不含其他含氧基...,315,奥地利,12800,千克,0,—,73187
29121900,未列名不含其他含氧基...,410,巴西,1,千克,0,—,235
29122100,苯甲醛,301,比利时,300,千克,0,—,2683
29122100,苯甲醛,307,意大利,2,千克,0,—,71
29122990,未列名不含其他含氧基...,129,菲律宾,135020,千克,0,—,481229
29122990,未列名不含其他含氧基...,305,法国,1524,千克,0,—,19934
29122990,未列名不含其他含氧基...,312,西班牙,3452,千克,0,—,192184
29122990,未列名不含其他含氧基...,429,墨西哥,14555,千克,0,—,351472
29124100,香草醛（3-甲氧基-...,305,法国,10,千克,0,—,4661
29124100,香草醛（3-甲氧基-...,309,荷兰,120,千克,0,—,2287
29124100,香草醛（3-甲氧基-...,326,挪威,17600,千克,0,—,805200
29124910,醛醇,305,法国,300,千克,0,—,30005
29124990,未列名醛醚、醛酚及含...,305,法国,0,千克,0,—,1
29124990,未列名醛醚、醛酚及含...,309,荷兰,0,千克,0,—,5864
29124990,未列名醛醚、醛酚及含...,312,西班牙,153,千克,0,—,13526
29126000,多聚甲醛,312,西班牙,1070000,千克,0,—,895604
29141100,丙酮,318,芬兰,3,千克,0,—,192
29141300,4-甲基-2-戊酮（...,244,南非,400000,千克,0,—,898700
29141300,4-甲基-2-戊酮（...,410,巴西,5,千克,0,—,310
29141900,未列名不含其他含氧基...,305,法国,7,千克,0,—,10953
29141900,未列名不含其他含氧基...,309,荷兰,1200,千克,0,—,87584
29141900,未列名不含其他含氧基...,312,西班牙,25,千克,0,—,697
29142200,环已酮及甲基环已酮,301,比利时,23052,千克,0,—,160044
29142300,芷香酮及甲基芷香酮,305,法国,1,千克,0,—,423
29142300,芷香酮及甲基芷香酮,312,西班牙,800,千克,0,—,24469
29142990,未列名不含其他含氧基...,305,法国,35,千克,0,—,1635
29142990,未列名不含其他含氧基...,309,荷兰,58,千克,0,—,80059
29142990,未列名不含其他含氧基...,312,西班牙,3854,千克,0,—,361411
29142990,未列名不含其他含氧基...,327,波兰,0,千克,0,—,48
29142990,未列名不含其他含氧基...,429,墨西哥,2300,千克,0,—,73694
29143910,苯乙酮,309,荷兰,40,千克,0,—,954
29143990,未列名不含其他含氧基...,307,意大利,301,千克,0,—,9786
29143990,未列名不含其他含氧基...,309,荷兰,0,千克,0,—,1484
29143990,未列名不含其他含氧基...,312,西班牙,1,千克,0,—,630
29143990,未列名不含其他含氧基...,336,立陶宛,0,千克,0,—,215
29144000,酮醇及酮醛,307,意大利,2640,千克,0,—,58953
29144000,酮醇及酮醛,312,西班牙,10,千克,0,—,1764
29144000,酮醇及酮醛,501,加拿大,0,千克,0,—,291
29145011,覆盆子酮,305,法国,1,千克,0,—,225
29145090,未列名含有其他含氧基...,305,法国,0,千克,0,—,2369
29145090,未列名含有其他含氧基...,307,意大利,0,千克,0,—,35
29145090,未列名含有其他含氧基...,309,荷兰,0,千克,0,—,20
29145090,未列名含有其他含氧基...,312,西班牙,0,千克,0,—,2500
29145090,未列名含有其他含氧基...,327,波兰,0,千克,0,—,8
29145090,未列名含有其他含氧基...,429,墨西哥,2000,千克,0,—,31280
29146200,辅酶Q10（癸烯醌（...,501,加拿大,0,千克,0,—,13
29146900,未列名醌,312,西班牙,3,千克,0,—,1870
29147900,其他酮及醌的卤化、磺...,305,法国,1,千克,0,—,70
29147900,其他酮及醌的卤化、磺...,312,西班牙,1900,千克,0,—,112670
29147900,其他酮及醌的卤化、磺...,315,奥地利,1,千克,0,—,427
29147900,其他酮及醌的卤化、磺...,336,立陶宛,0,千克,0,—,1138
29151100,甲酸,312,西班牙,2,千克,0,—,7273
29151100,甲酸,318,芬兰,577,千克,0,—,11329
29151200,甲酸盐,312,西班牙,0,千克,0,—,64
29151200,甲酸盐,326,挪威,0,千克,0,—,12
29151300,甲酸酯,312,西班牙,79,千克,0,—,7217
29151300,甲酸酯,415,哥斯达黎加,8,千克,0,—,3314
29151300,甲酸酯,429,墨西哥,5,千克,0,—,126
29152119,其他冰乙酸,312,西班牙,0,千克,0,—,57
29152119,其他冰乙酸,429,墨西哥,2,千克,0,—,162
29152119,其他冰乙酸,501,加拿大,0,千克,0,—,222
29152190,乙酸（冰乙酸除外）,315,奥地利,46,千克,0,—,142
29152910,乙酸钠,309,荷兰,5,千克,0,—,173
29152910,乙酸钠,312,西班牙,14,千克,0,—,332
29152910,乙酸钠,336,立陶宛,3,千克,0,—,1349
29152990,其他乙酸盐,301,比利时,800,千克,0,—,1442
29152990,其他乙酸盐,309,荷兰,42,千克,0,—,5782
29152990,其他乙酸盐,312,西班牙,2,千克,0,—,90
29152990,其他乙酸盐,318,芬兰,0,千克,0,—,55
29152990,其他乙酸盐,336,立陶宛,5,千克,0,—,1716
29152990,其他乙酸盐,429,墨西哥,0,千克,0,—,121
29153100,乙酸乙酯,244,南非,27,千克,0,—,481
29153100,乙酸乙酯,305,法国,10,千克,0,—,202
29153100,乙酸乙酯,429,墨西哥,4,千克,0,—,42
29153300,乙酸（正）丁酯,305,法国,13,千克,0,—,4711
29153900,未列名乙酸酯,301,比利时,154818,千克,0,—,472941
29153900,未列名乙酸酯,305,法国,46716,千克,0,—,135038
29153900,未列名乙酸酯,307,意大利,56000,千克,0,—,180926
29153900,未列名乙酸酯,309,荷兰,7,千克,0,—,168
29153900,未列名乙酸酯,312,西班牙,3911,千克,0,—,48570
29153900,未列名乙酸酯,429,墨西哥,24695,千克,0,—,146534
29153900,未列名乙酸酯,435,波多黎各,1,千克,0,—,678
29153900,未列名乙酸酯,501,加拿大,1919,千克,0,—,9909
29154000,一氯代乙酸、二氯乙酸...,305,法国,0,千克,0,—,185
29154000,一氯代乙酸、二氯乙酸...,309,荷兰,172002,千克,0,—,200271
29155090,丙酸盐和酯,305,法国,22,千克,0,—,509
29155090,丙酸盐和酯,312,西班牙,6,千克,0,—,1098
29155090,丙酸盐和酯,429,墨西哥,180,千克,0,—,2705
29156000,丁酸、戊酸及其盐和酯,301,比利时,420,千克,0,—,1602
29156000,丁酸、戊酸及其盐和酯,305,法国,304,千克,0,—,4835
29156000,丁酸、戊酸及其盐和酯,306,爱尔兰,1,千克,0,—,1501
29156000,丁酸、戊酸及其盐和酯,307,意大利,14400,千克,0,—,55285
29156000,丁酸、戊酸及其盐和酯,309,荷兰,77600,千克,0,—,164331
29156000,丁酸、戊酸及其盐和酯,312,西班牙,323,千克,0,—,29278
29156000,丁酸、戊酸及其盐和酯,429,墨西哥,6133,千克,0,—,37065
29157010,硬脂酸,307,意大利,500,千克,0,—,6246
29157010,硬脂酸,312,西班牙,125,千克,0,—,5786
29157090,棕榈酸及其盐和酯、硬...,301,比利时,16500,千克,0,—,49170
29157090,棕榈酸及其盐和酯、硬...,305,法国,3712,千克,0,—,38908
29157090,棕榈酸及其盐和酯、硬...,306,爱尔兰,100,千克,0,—,1594
29157090,棕榈酸及其盐和酯、硬...,307,意大利,215,千克,0,—,2893
29157090,棕榈酸及其盐和酯、硬...,309,荷兰,21720,千克,0,—,30488
29157090,棕榈酸及其盐和酯、硬...,312,西班牙,72643,千克,0,—,484685
29157090,棕榈酸及其盐和酯、硬...,327,波兰,0,千克,0,—,13
29159000,其他饱和无环一元羧酸...,301,比利时,67812,千克,0,—,433973
29159000,其他饱和无环一元羧酸...,305,法国,46018,千克,0,—,221210
29159000,其他饱和无环一元羧酸...,307,意大利,4643,千克,0,—,28861
29159000,其他饱和无环一元羧酸...,309,荷兰,712664,千克,0,—,1892738
29159000,其他饱和无环一元羧酸...,312,西班牙,6120,千克,0,—,38590
29159000,其他饱和无环一元羧酸...,321,匈牙利,0,千克,0,—,158
29159000,其他饱和无环一元羧酸...,327,波兰,0,千克,0,—,36
29159000,其他饱和无环一元羧酸...,410,巴西,159050,千克,0,—,313431
29159000,其他饱和无环一元羧酸...,429,墨西哥,30000,千克,0,—,189372
29161100,丙烯酸及其盐,305,法国,2,千克,0,—,901
29161220,丙烯酸乙酯,301,比利时,0,千克,0,—,67
29161220,丙烯酸乙酯,305,法国,42061,千克,0,—,71129
29161240,丙烯酸异辛酯,301,比利时,299820,千克,0,—,1090053
29161290,其他丙烯酸酯,244,南非,1416,千克,0,—,12769
29161290,其他丙烯酸酯,301,比利时,4310,千克,0,—,38999
29161290,其他丙烯酸酯,305,法国,29460,千克,0,—,95613
29161290,其他丙烯酸酯,307,意大利,653,千克,0,—,9033
29161300,甲基丙烯酸及其盐,309,荷兰,1,千克,0,—,239
29161400,甲基丙烯酸酯,129,菲律宾,212380,千克,0,—,262705
29161400,甲基丙烯酸酯,309,荷兰,689,千克,0,—,9096
29161500,油酸、亚油酸或亚麻酸...,301,比利时,1440,千克,0,—,2887
29161500,油酸、亚油酸或亚麻酸...,305,法国,619,千克,0,—,61900
29161500,油酸、亚油酸或亚麻酸...,307,意大利,14640,千克,0,—,55423
29161900,其他不饱和无环一元羧...,301,比利时,720,千克,0,—,1281
29161900,其他不饱和无环一元羧...,305,法国,1,千克,0,—,334
29161900,其他不饱和无环一元羧...,312,西班牙,2,千克,0,—,5941
29161900,其他不饱和无环一元羧...,327,波兰,0,千克,0,—,483
29162090,其他环烷（烯，萜烯）...,312,西班牙,1385,千克,0,—,154360
29162090,其他环烷（烯，萜烯）...,327,波兰,0,千克,0,—,162
29162090,其他环烷（烯，萜烯）...,339,阿塞拜疆（2023年起停用）,38000,千克,0,—,114000
29163100,苯甲酸及其盐和酯,305,法国,4,千克,0,—,1249
29163100,苯甲酸及其盐和酯,307,意大利,700,千克,0,—,4047
29163100,苯甲酸及其盐和酯,309,荷兰,479600,千克,0,—,694315
29163100,苯甲酸及其盐和酯,312,西班牙,1014,千克,0,—,15059
29163100,苯甲酸及其盐和酯,429,墨西哥,0,千克,0,—,106
29163200,过氧化苯甲酰及苯甲酰...,301,比利时,0,千克,0,—,136
29163200,过氧化苯甲酰及苯甲酰...,429,墨西哥,20003,千克,0,—,148678
29163990,未列名芳香一元羧酸及...,305,法国,1,千克,0,—,95
29163990,未列名芳香一元羧酸及...,309,荷兰,0,千克,0,—,82
29163990,未列名芳香一元羧酸及...,312,西班牙,286,千克,0,—,12731
29163990,未列名芳香一元羧酸及...,327,波兰,18000,千克,0,—,87480
29163990,未列名芳香一元羧酸及...,501,加拿大,1,千克,0,—,2191
29171110,草酸,312,西班牙,125,千克,0,—,364
29171190,其他草酸盐和酯,305,法国,100,千克,0,—,3189
29171200,己二酸及其盐和酯,305,法国,200,千克,0,—,2940
29171200,己二酸及其盐和酯,307,意大利,13865,千克,0,—,49617
29171310,癸二酸及其盐和酯,301,比利时,2,千克,0,—,466
29171310,癸二酸及其盐和酯,305,法国,5452,千克,0,—,50040
29171390,壬二酸及其盐和酯,307,意大利,10000,千克,0,—,40311
29171900,其他无环多元羧酸及其...,301,比利时,4000,千克,0,—,12612
29171900,其他无环多元羧酸及其...,305,法国,0,千克,0,—,212
29171900,其他无环多元羧酸及其...,307,意大利,550,千克,0,—,8616
29171900,其他无环多元羧酸及其...,312,西班牙,4810,千克,0,—,25231
29171900,其他无环多元羧酸及其...,315,奥地利,157607,千克,0,—,456965
29171900,其他无环多元羧酸及其...,321,匈牙利,3500,千克,0,—,15444
29171900,其他无环多元羧酸及其...,327,波兰,0,千克,0,—,440
29171900,其他无环多元羧酸及其...,350,斯洛文尼亚,195,千克,0,—,4136
29171900,其他无环多元羧酸及其...,501,加拿大,17,千克,0,—,369
29172010,四氢苯酐,307,意大利,7000,千克,0,—,18905
29172090,其他环烷（烯，萜烯）...,307,意大利,37840,千克,0,—,203653
29173200,邻苯二甲酸二辛酯,312,西班牙,67580,千克,0,—,330018
29173490,其他邻苯二甲酸酯,307,意大利,41620,千克,0,—,115689
29173500,邻苯二甲酸酐,307,意大利,2000,千克,0,—,4038
29173611,精对苯二甲酸,501,加拿大,1000,千克,0,—,1840
29173700,对苯二甲酸二甲酯,309,荷兰,360,千克,0,—,4127
29173990,其他芳香多元羧酸及其...,305,法国,9500,千克,0,—,35345
29173990,其他芳香多元羧酸及其...,307,意大利,3605,千克,0,—,22981
29173990,其他芳香多元羧酸及其...,309,荷兰,140,千克,0,—,15638
29173990,其他芳香多元羧酸及其...,312,西班牙,21280,千克,0,—,127494
29173990,其他芳香多元羧酸及其...,321,匈牙利,0,千克,0,—,655
29181100,乳酸及其盐和酯,301,比利时,400,千克,0,—,3622
29181100,乳酸及其盐和酯,305,法国,2,千克,0,—,401
29181100,乳酸及其盐和酯,309,荷兰,298381,千克,0,—,883490
29181100,乳酸及其盐和酯,312,西班牙,538,千克,0,—,55883
29181100,乳酸及其盐和酯,429,墨西哥,200,千克,0,—,4947
29181200,酒石酸,244,南非,2000,千克,0,—,10465
29181200,酒石酸,307,意大利,53,千克,0,—,2543
29181200,酒石酸,312,西班牙,5,千克,0,—,90
29181300,酒石酸盐及酒石酸酯,305,法国,375,千克,0,—,2321
29181300,酒石酸盐及酒石酸酯,307,意大利,50,千克,0,—,1257
29181300,酒石酸盐及酒石酸酯,312,西班牙,21008,千克,0,—,202184
29181400,柠檬酸,301,比利时,2203,千克,0,—,5923
29181400,柠檬酸,305,法国,90,千克,0,—,892
29181400,柠檬酸,309,荷兰,2000,千克,0,—,1462
29181400,柠檬酸,312,西班牙,18,千克,0,—,155
29181400,柠檬酸,315,奥地利,28319,千克,0,—,188233
29181400,柠檬酸,501,加拿大,1005,千克,0,—,6241
29181500,柠檬酸盐及柠檬酸酯,301,比利时,463,千克,0,—,20165
29181500,柠檬酸盐及柠檬酸酯,305,法国,0,千克,0,—,30
29181500,柠檬酸盐及柠檬酸酯,312,西班牙,5659,千克,0,—,21528
29181500,柠檬酸盐及柠檬酸酯,315,奥地利,8227,千克,0,—,33723
29181500,柠檬酸盐及柠檬酸酯,336,立陶宛,28,千克,0,—,16077
29181500,柠檬酸盐及柠檬酸酯,501,加拿大,760,千克,0,—,17742
29181600,葡糖酸及其盐和酯,305,法国,5975,千克,0,—,74777
29181600,葡糖酸及其盐和酯,307,意大利,20000,千克,0,—,20216
29181600,葡糖酸及其盐和酯,429,墨西哥,10,千克,0,—,377
29181900,其他含醇基但不含其他...,244,南非,50,千克,0,—,850
29181900,其他含醇基但不含其他...,305,法国,0,千克,0,—,53
29181900,其他含醇基但不含其他...,307,意大利,87363,千克,0,—,754708
29181900,其他含醇基但不含其他...,312,西班牙,0,千克,0,—,176
29181900,其他含醇基但不含其他...,321,匈牙利,17,千克,0,—,16500
29181900,其他含醇基但不含其他...,501,加拿大,0,千克,0,—,629
29182110,水杨酸、水杨酸钠,305,法国,820,千克,0,—,14841
29182300,水杨酸的其他酯及其盐,305,法国,5,千克,0,—,84
29182300,水杨酸的其他酯及其盐,429,墨西哥,25,千克,0,—,414
29182900,其他含酚基羧酸等及其...,305,法国,4,千克,0,—,893
29183000,含醛基或酮基的羧酸等...,305,法国,0,千克,0,—,15
29183000,含醛基或酮基的羧酸等...,312,西班牙,600,千克,0,—,34509
29183000,含醛基或酮基的羧酸等...,327,波兰,0,千克,0,—,24
29183000,含醛基或酮基的羧酸等...,501,加拿大,0,千克,0,—,222
29189900,其他含附加含氧基羧酸...,305,法国,310,千克,0,—,44903
29189900,其他含附加含氧基羧酸...,307,意大利,8481,千克,0,—,40091
29189900,其他含附加含氧基羧酸...,312,西班牙,55,千克,0,—,3762
29189900,其他含附加含氧基羧酸...,315,奥地利,74900,千克,0,—,1887653
29189900,其他含附加含氧基羧酸...,501,加拿大,0,千克,0,—,211
29199000,其他磷酸脂及盐和卤、...,301,比利时,0,千克,0,—,297
29199000,其他磷酸脂及盐和卤、...,305,法国,1600,千克,0,—,9440
29199000,其他磷酸脂及盐和卤、...,309,荷兰,280,千克,0,—,6415
29199000,其他磷酸脂及盐和卤、...,312,西班牙,6,千克,0,—,60
29199000,其他磷酸脂及盐和卤、...,501,加拿大,0,千克,0,—,1031
29202910,其他亚磷酸酯,305,法国,0,千克,0,—,523
29202910,其他亚磷酸酯,307,意大利,14000,千克,0,—,89448
29202910,其他亚磷酸酯,501,加拿大,0,千克,0,—,52
29209000,未列名非金属无机酸酯...,305,法国,1053064,千克,0,—,1713494
29209000,未列名非金属无机酸酯...,307,意大利,9707,千克,0,—,77720
29209000,未列名非金属无机酸酯...,309,荷兰,0,千克,0,—,110
29209000,未列名非金属无机酸酯...,312,西班牙,1050,千克,0,—,16094
29209000,未列名非金属无机酸酯...,315,奥地利,0,千克,0,—,345
29209000,未列名非金属无机酸酯...,321,匈牙利,1,千克,0,—,558
29209000,未列名非金属无机酸酯...,327,波兰,0,千克,0,—,116
29209000,未列名非金属无机酸酯...,336,立陶宛,9,千克,0,—,2183
29209000,未列名非金属无机酸酯...,429,墨西哥,5600,千克,0,—,184576
29211920,异丙胺,301,比利时,1,千克,0,—,248
29211990,未列名无环单胺及其衍...,129,菲律宾,116950,千克,0,—,431587
29211990,未列名无环单胺及其衍...,301,比利时,1680130,千克,0,—,3887893
29211990,未列名无环单胺及其衍...,305,法国,26114,千克,0,—,194247
29211990,未列名无环单胺及其衍...,307,意大利,4,千克,0,—,9896
29211990,未列名无环单胺及其衍...,309,荷兰,77,千克,0,—,1780
29211990,未列名无环单胺及其衍...,312,西班牙,12705,千克,0,—,83979
29211990,未列名无环单胺及其衍...,321,匈牙利,0,千克,0,—,122
29212110,乙二胺,301,比利时,702300,千克,0,—,1478756
29212110,乙二胺,309,荷兰,0,千克,0,—,279
29212190,乙二胺盐,309,荷兰,150,千克,0,—,558
29212190,乙二胺盐,327,波兰,4400,千克,0,—,19120
29212190,乙二胺盐,501,加拿大,100,千克,0,—,8000
29212290,六亚甲基二胺及其未列...,305,法国,398795,千克,0,—,1177640
29212900,其他无环多胺及其衍生...,138,阿联酋,9672,千克,0,—,22727
29212900,其他无环多胺及其衍生...,301,比利时,138000,千克,0,—,311444
29212900,其他无环多胺及其衍生...,305,法国,7400,千克,0,—,41721
29212900,其他无环多胺及其衍生...,309,荷兰,79200,千克,0,—,259719
29212900,其他无环多胺及其衍生...,321,匈牙利,26400,千克,0,—,157872
29212900,其他无环多胺及其衍生...,501,加拿大,172916,千克,0,—,680370
29213000,环（烷、烯、萜烯）单...,301,比利时,720,千克,0,—,9813
29213000,环（烷、烯、萜烯）单...,306,爱尔兰,0,千克,0,—,1683
29213000,环（烷、烯、萜烯）单...,315,奥地利,13000,千克,0,—,51177
29213000,环（烷、烯、萜烯）单...,501,加拿大,45723,千克,0,—,251472
29214200,苯胺衍生物及其盐,312,西班牙,525,千克,0,—,146426
29214400,二苯胺及其衍生物以及...,501,加拿大,50,千克,0,—,2174
29214500,1-萘胺、2-萘胺及...,429,墨西哥,1500,千克,0,—,37713
29214990,未列名芳香单胺及其衍...,305,法国,0,千克,0,—,553
29214990,未列名芳香单胺及其衍...,336,立陶宛,0,千克,0,—,22
29214990,未列名芳香单胺及其衍...,429,墨西哥,5008,千克,0,—,124640
29214990,未列名芳香单胺及其衍...,435,波多黎各,1850,千克,0,—,11910832
29214990,未列名芳香单胺及其衍...,501,加拿大,22450,千克,0,—,161155
29215190,间-、对-苯二胺、二...,138,阿联酋,272000,千克,0,—,218252
29215190,间-、对-苯二胺、二...,321,匈牙利,419780,千克,0,—,536443
29215900,其他芳香多胺及其衍生...,305,法国,48,千克,0,—,378580
29215900,其他芳香多胺及其衍生...,312,西班牙,102,千克,0,—,35646
29221100,单乙醇胺及其盐,305,法国,53320,千克,0,—,60662
29221200,二乙醇胺及其盐,301,比利时,1200187,千克,0,—,1404218
29221200,二乙醇胺及其盐,305,法国,545395,千克,0,—,628591
29221921,二甲氨基乙醇及其质子...,301,比利时,1621,千克,0,—,5392
29221990,未列名氨基醇及其醚和...,301,比利时,5355,千克,0,—,345265
29221990,未列名氨基醇及其醚和...,305,法国,0,千克,0,—,2399
29221990,未列名氨基醇及其醚和...,306,爱尔兰,10,千克,0,—,13802
29221990,未列名氨基醇及其醚和...,307,意大利,0,千克,0,—,770
29221990,未列名氨基醇及其醚和...,310,希腊,0,千克,0,—,273
29221990,未列名氨基醇及其醚和...,312,西班牙,13863,千克,0,—,838508
29221990,未列名氨基醇及其醚和...,316,保加利亚,5,千克,0,—,10719
29221990,未列名氨基醇及其醚和...,321,匈牙利,58080,千克,0,—,308997
29221990,未列名氨基醇及其醚和...,429,墨西哥,25,千克,0,—,3750
29221990,未列名氨基醇及其醚和...,501,加拿大,0,千克,0,—,1230
29222990,其他氨基萘酚和其他氨...,305,法国,0,千克,0,—,39
29222990,其他氨基萘酚和其他氨...,307,意大利,2,千克,0,—,4710
29222990,其他氨基萘酚和其他氨...,327,波兰,0,千克,0,—,51
29224110,赖氨酸,305,法国,51,千克,0,—,93257
29224110,赖氨酸,307,意大利,12420,千克,0,—,134128
29224190,赖氨酸酯及盐,307,意大利,20,千克,0,—,2064
29224220,谷氨酸钠,305,法国,3,千克,0,—,197
29224290,其他谷氨酸盐,305,法国,15,千克,0,—,5680
29224390,邻氨基苯甲酸（氨茴酸...,305,法国,2,千克,0,—,125
29224919,未列名氨基酸,301,比利时,11,千克,0,—,712
29224919,未列名氨基酸,305,法国,600002,千克,0,—,4176384
29224919,未列名氨基酸,312,西班牙,2,千克,0,—,97
29224919,未列名氨基酸,318,芬兰,70000,千克,0,—,516000
29224919,未列名氨基酸,336,立陶宛,0,千克,0,—,76
29224919,未列名氨基酸,410,巴西,30000,千克,0,—,152186
29224999,其他氨基酸酯及盐,301,比利时,50,千克,0,—,1300
29224999,其他氨基酸酯及盐,305,法国,3,千克,0,—,504
29224999,其他氨基酸酯及盐,309,荷兰,192,千克,0,—,9951
29224999,其他氨基酸酯及盐,312,西班牙,115,千克,0,—,11394
29224999,其他氨基酸酯及盐,327,波兰,0,千克,0,—,17
29224999,其他氨基酸酯及盐,336,立陶宛,40,千克,0,—,9009
29225090,其他氨基醇酚、氨基酸...,305,法国,0,千克,0,—,289
29225090,其他氨基醇酚、氨基酸...,309,荷兰,0,千克,0,—,20
29231000,胆碱及其盐,307,意大利,26,千克,0,—,17540
29231000,胆碱及其盐,312,西班牙,5450,千克,0,—,50356
29232000,卵磷脂及其他磷氨基类...,305,法国,51,千克,0,—,1921
29232000,卵磷脂及其他磷氨基类...,307,意大利,30,千克,0,—,11273
29232000,卵磷脂及其他磷氨基类...,309,荷兰,66751,千克,0,—,105665
29239000,其他季铵盐及季铵碱,305,法国,31,千克,0,—,159
29239000,其他季铵盐及季铵碱,307,意大利,58303,千克,0,—,140164
29239000,其他季铵盐及季铵碱,309,荷兰,8,千克,0,—,342594
29239000,其他季铵盐及季铵碱,312,西班牙,11803,千克,0,—,125449
29239000,其他季铵盐及季铵碱,315,奥地利,4400,千克,0,—,32176
29239000,其他季铵盐及季铵碱,318,芬兰,96050,千克,0,—,567569
29239000,其他季铵盐及季铵碱,327,波兰,0,千克,0,—,86
29241910,N，N－二甲基甲酰胺,137,土耳其,3,千克,0,—,160
29241910,N，N－二甲基甲酰胺,312,西班牙,1237,千克,0,—,20638
29241990,其他无环酰胺及其衍生...,137,土耳其,2,千克,0,—,33
29241990,其他无环酰胺及其衍生...,301,比利时,4,千克,0,—,6943
29241990,其他无环酰胺及其衍生...,305,法国,6068,千克,0,—,121278
29241990,其他无环酰胺及其衍生...,306,爱尔兰,193,千克,0,—,20300
29241990,其他无环酰胺及其衍生...,307,意大利,0,千克,0,—,1013
29241990,其他无环酰胺及其衍生...,309,荷兰,3445,千克,0,—,40804
29241990,其他无环酰胺及其衍生...,312,西班牙,27289,千克,0,—,243641
29241990,其他无环酰胺及其衍生...,327,波兰,0,千克,0,—,6
29241990,其他无环酰胺及其衍生...,336,立陶宛,0,千克,0,—,281
29241990,其他无环酰胺及其衍生...,410,巴西,7295,千克,0,—,290193
29241990,其他无环酰胺及其衍生...,429,墨西哥,106,千克,0,—,5100
29241990,其他无环酰胺及其衍生...,501,加拿大,8050,千克,0,—,20759
29242100,烷基脲及其衍生物以及...,307,意大利,0,千克,0,—,190
29242100,烷基脲及其衍生物以及...,327,波兰,0,千克,0,—,69
29242990,未列名环酰胺及其衍生...,301,比利时,3,千克,0,—,3364
29242990,未列名环酰胺及其衍生...,305,法国,1006,千克,0,—,622974
29242990,未列名环酰胺及其衍生...,307,意大利,72,千克,0,—,55116
29242990,未列名环酰胺及其衍生...,309,荷兰,120,千克,0,—,12297
29242990,未列名环酰胺及其衍生...,312,西班牙,152,千克,0,—,20466
29242990,未列名环酰胺及其衍生...,318,芬兰,0,千克,0,—,21600
29242990,未列名环酰胺及其衍生...,326,挪威,364185,千克,0,—,82350540
29242990,未列名环酰胺及其衍生...,501,加拿大,0,千克,0,—,759
29251100,糖精及其盐,315,奥地利,600,千克,0,—,25920
29251900,其他酰亚胺及其衍生物...,305,法国,8000,千克,0,—,30713
29251900,其他酰亚胺及其衍生物...,307,意大利,490,千克,0,—,4911
29251900,其他酰亚胺及其衍生物...,309,荷兰,5,千克,0,—,242
29251900,其他酰亚胺及其衍生物...,321,匈牙利,2,千克,0,—,2249
29252900,其他亚胺及其衍生物以...,305,法国,138903,千克,0,—,13579541
29252900,其他亚胺及其衍生物以...,306,爱尔兰,1,千克,0,—,2315
29252900,其他亚胺及其衍生物以...,307,意大利,29060,千克,0,—,194976
29252900,其他亚胺及其衍生物以...,309,荷兰,1936,千克,0,—,20865
29252900,其他亚胺及其衍生物以...,312,西班牙,20930,千克,0,—,277758
29252900,其他亚胺及其衍生物以...,315,奥地利,0,千克,0,—,5945
29252900,其他亚胺及其衍生物以...,321,匈牙利,5,千克,0,—,13605
29252900,其他亚胺及其衍生物以...,336,立陶宛,0,千克,0,—,330
29252900,其他亚胺及其衍生物以...,410,巴西,18000,千克,0,—,120420
29252900,其他亚胺及其衍生物以...,501,加拿大,0,千克,0,—,554
29261000,丙烯腈,309,荷兰,0,千克,0,—,73
29269090,未列名腈基化合物,301,比利时,0,千克,0,—,15
29269090,未列名腈基化合物,305,法国,7390504,千克,0,—,14679805
29269090,未列名腈基化合物,306,爱尔兰,5589,千克,0,—,141984
29269090,未列名腈基化合物,312,西班牙,5916,千克,0,—,58063
29269090,未列名腈基化合物,336,立陶宛,0,千克,0,—,45
29269090,未列名腈基化合物,429,墨西哥,150,千克,0,—,5025
29269090,未列名腈基化合物,501,加拿大,0,千克,0,—,628
29270000,重氮化合物、偶氮化合...,301,比利时,300,千克,0,—,3840
29270000,重氮化合物、偶氮化合...,312,西班牙,3516,千克,0,—,97200
29270000,重氮化合物、偶氮化合...,315,奥地利,0,千克,0,—,906
29280000,肼（联氨）及胲（羟胺...,305,法国,255,千克,0,—,145259
29280000,肼（联氨）及胲（羟胺...,309,荷兰,0,千克,0,—,508
29280000,肼（联氨）及胲（羟胺...,321,匈牙利,0,千克,0,—,64
29280000,肼（联氨）及胲（羟胺...,327,波兰,370,千克,0,—,2582
29280000,肼（联氨）及胲（羟胺...,429,墨西哥,634,千克,0,—,11973
29280000,肼（联氨）及胲（羟胺...,501,加拿大,0,千克,0,—,53
29291010,2，4－和2，6－甲...,321,匈牙利,320000,千克,0,—,692097
29291030,二苯基甲烷二异氰酸酯...,312,西班牙,3450,千克,0,—,6012
29291040,六亚甲基二异氰酸酯,327,波兰,61,千克,0,—,757
29291090,其他异氰酸酯,301,比利时,8000,千克,0,—,74103
29291090,其他异氰酸酯,307,意大利,3141,千克,0,—,35441
29291090,其他异氰酸酯,309,荷兰,213,千克,0,—,2395
29291090,其他异氰酸酯,312,西班牙,0,千克,0,—,3
29291090,其他异氰酸酯,321,匈牙利,0,千克,0,—,263
29291090,其他异氰酸酯,327,波兰,0,千克,0,—,441
29291090,其他异氰酸酯,501,加拿大,2144,千克,0,—,33572
29299090,未列名含氮基化合物,305,法国,0,千克,0,—,112
29299090,未列名含氮基化合物,307,意大利,774,千克,0,—,203672
29299090,未列名含氮基化合物,309,荷兰,40,千克,0,—,3332
29299090,未列名含氮基化合物,312,西班牙,8300,千克,0,—,178834
29299090,未列名含氮基化合物,350,斯洛文尼亚,140,千克,0,—,6093
29299090,未列名含氮基化合物,501,加拿大,190,千克,0,—,107861
29302000,硫代氨基甲酸酯或盐及...,305,法国,20000,千克,0,—,140618
29302000,硫代氨基甲酸酯或盐及...,307,意大利,1001,千克,0,—,14543
29303000,一或二或四硫化二烃氨...,301,比利时,0,千克,0,—,450
29303000,一或二或四硫化二烃氨...,312,西班牙,475,千克,0,—,11852
29304000,甲硫氨酸（蛋氨酸）,301,比利时,1020000,千克,0,—,2440246
29309090,未列名有机硫化合物,301,比利时,941408,千克,0,—,3194279
29309090,未列名有机硫化合物,305,法国,265106,千克,0,—,856008
29309090,未列名有机硫化合物,306,爱尔兰,271,千克,0,—,52993
29309090,未列名有机硫化合物,307,意大利,27249,千克,0,—,153429
29309090,未列名有机硫化合物,309,荷兰,40211,千克,0,—,111222
29309090,未列名有机硫化合物,312,西班牙,68,千克,0,—,1692
29309090,未列名有机硫化合物,316,保加利亚,60000,千克,0,—,220700
29309090,未列名有机硫化合物,321,匈牙利,0,千克,0,—,283
29309090,未列名有机硫化合物,326,挪威,0,千克,0,—,326
29309090,未列名有机硫化合物,327,波兰,0,千克,0,—,760
29309090,未列名有机硫化合物,336,立陶宛,0,千克,0,—,124
29309090,未列名有机硫化合物,410,巴西,8400,千克,0,—,192670
29309090,未列名有机硫化合物,429,墨西哥,0,千克,0,—,499
29309090,未列名有机硫化合物,501,加拿大,441,千克,0,—,311482
29313990,其他有机磷衍生物,301,比利时,10,千克,0,—,62
29313990,其他有机磷衍生物,305,法国,1,千克,0,—,1438
29313990,其他有机磷衍生物,327,波兰,0,千克,0,—,35
29313990,其他有机磷衍生物,501,加拿大,7,千克,0,—,6562
29319000,未列名有机无机化合物,301,比利时,2,千克,0,—,11495
29319000,未列名有机无机化合物,305,法国,403,千克,0,—,331700
29319000,未列名有机无机化合物,307,意大利,121568,千克,0,—,917237
29319000,未列名有机无机化合物,309,荷兰,57625,千克,0,—,236017
29319000,未列名有机无机化合物,312,西班牙,12,千克,0,—,9819
29319000,未列名有机无机化合物,327,波兰,1777,千克,0,—,388375
29319000,未列名有机无机化合物,429,墨西哥,800,千克,0,—,196877
29321100,四氢呋喃,305,法国,28,千克,0,—,4556
29321100,四氢呋喃,309,荷兰,0,千克,0,—,1989
29321100,四氢呋喃,312,西班牙,18,千克,0,—,253
29321300,糠醇及四氢糠醇,301,比利时,3,千克,0,—,228
29321900,其他结构上含有一个非...,305,法国,603,千克,0,—,59610
29321900,其他结构上含有一个非...,309,荷兰,809,千克,0,—,185849
29321900,其他结构上含有一个非...,312,西班牙,186,千克,0,—,34822
29321900,其他结构上含有一个非...,327,波兰,0,千克,0,—,104
29321900,其他结构上含有一个非...,429,墨西哥,50,千克,0,—,2476
29322010,香豆素、甲基香豆素及...,309,荷兰,40,千克,0,—,2649
29322010,香豆素、甲基香豆素及...,312,西班牙,200,千克,0,—,4337
29322090,其他内酯,305,法国,1536,千克,0,—,15826
29322090,其他内酯,307,意大利,19000,千克,0,—,38950
29322090,其他内酯,309,荷兰,8,千克,0,—,915
29322090,其他内酯,312,西班牙,2025,千克,0,—,50952
29322090,其他内酯,336,立陶宛,0,千克,0,—,39
29322090,其他内酯,501,加拿大,3,千克,0,—,4131
29329990,其他仅含有氧杂原子的...,138,阿联酋,0,千克,0,—,424
29329990,其他仅含有氧杂原子的...,301,比利时,0,千克,0,—,206
29329990,其他仅含有氧杂原子的...,305,法国,851,千克,0,—,43399
29329990,其他仅含有氧杂原子的...,306,爱尔兰,151,千克,0,—,32019
29329990,其他仅含有氧杂原子的...,307,意大利,7,千克,0,—,1085
29329990,其他仅含有氧杂原子的...,309,荷兰,0,千克,0,—,1548
29329990,其他仅含有氧杂原子的...,312,西班牙,847,千克,0,—,225426
29329990,其他仅含有氧杂原子的...,318,芬兰,6,千克,0,—,127200
29329990,其他仅含有氧杂原子的...,321,匈牙利,1,千克,0,—,1326600
29329990,其他仅含有氧杂原子的...,326,挪威,29,千克,0,—,382602
29329990,其他仅含有氧杂原子的...,327,波兰,0,千克,0,—,106
29329990,其他仅含有氧杂原子的...,336,立陶宛,0,千克,0,—,368
29329990,其他仅含有氧杂原子的...,340,白俄罗斯,0,千克,0,—,18524
29329990,其他仅含有氧杂原子的...,410,巴西,97600,千克,0,—,200152
29329990,其他仅含有氧杂原子的...,429,墨西哥,200,千克,0,—,3820
29329990,其他仅含有氧杂原子的...,501,加拿大,0,千克,0,—,10381
29331990,未列名结构上含有非稠...,312,西班牙,0,千克,0,—,24
29331990,未列名结构上含有非稠...,336,立陶宛,0,千克,0,—,951
29331990,未列名结构上含有非稠...,501,加拿大,0,千克,0,—,186
29332100,乙内酰脲及其衍生物,305,法国,14,千克,0,—,200
29332100,乙内酰脲及其衍生物,312,西班牙,0,千克,0,—,62
29332900,其他结构上含有非稠合...,137,土耳其,0,千克,0,—,85
29332900,其他结构上含有非稠合...,301,比利时,4013,千克,0,—,2506100
29332900,其他结构上含有非稠合...,305,法国,2,千克,0,—,3565
29332900,其他结构上含有非稠合...,306,爱尔兰,0,千克,0,—,19
29332900,其他结构上含有非稠合...,307,意大利,1800,千克,0,—,14798
29332900,其他结构上含有非稠合...,309,荷兰,0,千克,0,—,40
29332900,其他结构上含有非稠合...,350,斯洛文尼亚,20,千克,0,—,4811
29333100,吡啶及其盐,305,法国,4,千克,0,—,1282
29333100,吡啶及其盐,501,加拿大,0,千克,0,—,491
29333990,未列名结构上含有一个...,301,比利时,18,千克,0,—,160920
29333990,未列名结构上含有一个...,305,法国,0,千克,0,—,1133
29333990,未列名结构上含有一个...,306,爱尔兰,603,千克,0,—,1180561
29333990,未列名结构上含有一个...,307,意大利,50,千克,0,—,152806
29333990,未列名结构上含有一个...,309,荷兰,0,千克,0,—,2949
29333990,未列名结构上含有一个...,312,西班牙,1,千克,0,—,57310
29333990,未列名结构上含有一个...,315,奥地利,0,千克,0,—,114
29333990,未列名结构上含有一个...,318,芬兰,450,千克,0,—,18403239
29333990,未列名结构上含有一个...,327,波兰,0,千克,0,—,92
29333990,未列名结构上含有一个...,336,立陶宛,0,千克,0,—,237
29333990,未列名结构上含有一个...,501,加拿大,0,千克,0,—,584
29334900,其他结构上含有一个喹...,301,比利时,0,千克,0,—,43
29334900,其他结构上含有一个喹...,305,法国,0,千克,0,—,683
29334900,其他结构上含有一个喹...,307,意大利,41,千克,0,—,311133
29334900,其他结构上含有一个喹...,309,荷兰,0,千克,0,—,1184
29334900,其他结构上含有一个喹...,312,西班牙,61,千克,0,—,452091
29334900,其他结构上含有一个喹...,315,奥地利,0,千克,0,—,451
29334900,其他结构上含有一个喹...,321,匈牙利,0,千克,0,—,477
29334900,其他结构上含有一个喹...,336,立陶宛,4,千克,0,—,6188
29334900,其他结构上含有一个喹...,501,加拿大,0,千克,0,—,513
29335990,其他结构上含有一个嘧...,301,比利时,114006,千克,0,—,341803
29335990,其他结构上含有一个嘧...,305,法国,306,千克,0,—,1167262
29335990,其他结构上含有一个嘧...,306,爱尔兰,200,千克,0,—,1651794
29335990,其他结构上含有一个嘧...,307,意大利,200,千克,0,—,32131
29335990,其他结构上含有一个嘧...,309,荷兰,50018,千克,0,—,260018
29335990,其他结构上含有一个嘧...,312,西班牙,100,千克,0,—,14166
29335990,其他结构上含有一个嘧...,318,芬兰,1,千克,0,—,20416
29335990,其他结构上含有一个嘧...,321,匈牙利,340,千克,0,—,8953
29335990,其他结构上含有一个嘧...,327,波兰,0,千克,0,—,126
29335990,其他结构上含有一个嘧...,336,立陶宛,0,千克,0,—,423
29335990,其他结构上含有一个嘧...,429,墨西哥,465,千克,0,—,186550
29335990,其他结构上含有一个嘧...,501,加拿大,0,千克,0,—,1153
29336100,三聚氰胺（蜜胺）,309,荷兰,10000,千克,0,—,27317
29336100,三聚氰胺（蜜胺）,312,西班牙,6500,千克,0,—,31688
29336100,三聚氰胺（蜜胺）,327,波兰,0,千克,0,—,43
29336922,三氯异氰脲酸,301,比利时,1,千克,0,—,53
29336990,未列名结构上含有非稠...,301,比利时,1,千克,0,—,100
29336990,未列名结构上含有非稠...,312,西班牙,1000,千克,0,—,10394
29336990,未列名结构上含有非稠...,315,奥地利,0,千克,0,—,7
29336990,未列名结构上含有非稠...,327,波兰,0,千克,0,—,790
29336990,未列名结构上含有非稠...,336,立陶宛,0,千克,0,—,134
29336990,未列名结构上含有非稠...,350,斯洛文尼亚,43200,千克,0,—,97306
29337100,6-己内酰胺,301,比利时,3480000,千克,0,—,6472420
29337100,6-己内酰胺,309,荷兰,864000,千克,0,—,1696281
29337100,6-己内酰胺,429,墨西哥,540000,千克,0,—,1058467
29337900,其他内酰胺,301,比利时,0,千克,0,—,432
29337900,其他内酰胺,305,法国,500221,千克,0,—,3332250
29337900,其他内酰胺,306,爱尔兰,0,千克,0,—,2
29337900,其他内酰胺,307,意大利,1,千克,0,—,420
29337900,其他内酰胺,309,荷兰,215,千克,0,—,4953
29337900,其他内酰胺,312,西班牙,149,千克,0,—,2156
29337900,其他内酰胺,410,巴西,17476,千克,0,—,91599
29337900,其他内酰胺,501,加拿大,0,千克,0,—,217
29339900,未列名仅含有氮杂原子...,137,土耳其,0,千克,0,—,204
29339900,未列名仅含有氮杂原子...,301,比利时,13,千克,0,—,84829
29339900,未列名仅含有氮杂原子...,305,法国,181,千克,0,—,8487614
29339900,未列名仅含有氮杂原子...,306,爱尔兰,4133,千克,0,—,69536242
29339900,未列名仅含有氮杂原子...,307,意大利,10080,千克,0,—,183249
29339900,未列名仅含有氮杂原子...,309,荷兰,6,千克,0,—,11327
29339900,未列名仅含有氮杂原子...,312,西班牙,4408,千克,0,—,89438
29339900,未列名仅含有氮杂原子...,315,奥地利,0,千克,0,—,7715
29339900,未列名仅含有氮杂原子...,321,匈牙利,0,千克,0,—,16080
29339900,未列名仅含有氮杂原子...,327,波兰,0,千克,0,—,257
29339900,未列名仅含有氮杂原子...,336,立陶宛,0,千克,0,—,2655
29339900,未列名仅含有氮杂原子...,350,斯洛文尼亚,0,千克,0,—,105
29339900,未列名仅含有氮杂原子...,429,墨西哥,9881,千克,0,—,360062
29339900,未列名仅含有氮杂原子...,501,加拿大,0,千克,0,—,3005
29341090,其他结构上含有一个非...,301,比利时,0,千克,0,—,43
29341090,其他结构上含有一个非...,307,意大利,75,千克,0,—,187920
29341090,其他结构上含有一个非...,309,荷兰,0,千克,0,—,1780
29341090,其他结构上含有一个非...,312,西班牙,0,千克,0,—,549
29341090,其他结构上含有一个非...,315,奥地利,13,千克,0,—,30894
29342000,含一个苯并噻唑环系未...,307,意大利,20,千克,0,—,620
29342000,含一个苯并噻唑环系未...,309,荷兰,2,千克,0,—,52683
29342000,含一个苯并噻唑环系未...,315,奥地利,20,千克,0,—,1226
29342000,含一个苯并噻唑环系未...,501,加拿大,0,千克,0,—,13
29343000,含一个吩噻嗪环系的未...,301,比利时,0,千克,0,—,90
29343000,含一个吩噻嗪环系的未...,309,荷兰,0,千克,0,—,40
29343000,含一个吩噻嗪环系的未...,321,匈牙利,250,千克,0,—,60366
29349910,磺内酯及磺内酰胺,312,西班牙,6,千克,0,—,294
29349930,核酸及其盐,127,巴基斯坦,0,千克,0,—,146
29349930,核酸及其盐,137,土耳其,0,千克,0,—,2
29349930,核酸及其盐,244,南非,10,千克,0,—,46071
29349930,核酸及其盐,301,比利时,0,千克,0,—,53838
29349930,核酸及其盐,305,法国,36,千克,0,—,3279234
29349930,核酸及其盐,306,爱尔兰,0,千克,0,—,8
29349930,核酸及其盐,307,意大利,0,千克,0,—,7
29349930,核酸及其盐,309,荷兰,0,千克,0,—,17452
29349930,核酸及其盐,312,西班牙,0,千克,0,—,503
29349930,核酸及其盐,315,奥地利,0,千克,0,—,158
29349930,核酸及其盐,336,立陶宛,3,千克,0,—,4679
29349930,核酸及其盐,350,斯洛文尼亚,0,千克,0,—,82
29349930,核酸及其盐,410,巴西,0,千克,0,—,17
29349930,核酸及其盐,501,加拿大,1,千克,0,—,770
29349950,克拉维酸及其盐,305,法国,0,千克,0,—,2185
29349960,7-苯乙酰基-3-氯...,307,意大利,2,千克,0,—,928
29349990,未列名杂环化合物,137,土耳其,0,千克,0,—,111
29349990,未列名杂环化合物,138,阿联酋,1000,千克,0,—,530000
29349990,未列名杂环化合物,301,比利时,210559,千克,0,—,9405260
29349990,未列名杂环化合物,305,法国,6259,千克,0,—,667147
29349990,未列名杂环化合物,306,爱尔兰,31,千克,0,—,1640576
29349990,未列名杂环化合物,307,意大利,10057,千克,0,—,1237502
29349990,未列名杂环化合物,309,荷兰,1,千克,0,—,14452
29349990,未列名杂环化合物,310,希腊,2,千克,0,—,500
29349990,未列名杂环化合物,312,西班牙,2404,千克,0,—,22743
29349990,未列名杂环化合物,315,奥地利,80003,千克,0,—,400986
29349990,未列名杂环化合物,318,芬兰,1,千克,0,—,803
29349990,未列名杂环化合物,321,匈牙利,77609,千克,0,—,299900
29349990,未列名杂环化合物,326,挪威,4,千克,0,—,2571
29349990,未列名杂环化合物,327,波兰,1,千克,0,—,615
29349990,未列名杂环化合物,336,立陶宛,8,千克,0,—,292355
29349990,未列名杂环化合物,350,斯洛文尼亚,0,千克,0,—,18
29349990,未列名杂环化合物,410,巴西,91,千克,0,—,15872
29349990,未列名杂环化合物,429,墨西哥,20,千克,0,—,352583
29349990,未列名杂环化合物,501,加拿大,1,千克,0,—,12876
29359000,其他磺(酰)胺,301,比利时,18000,千克,0,—,49934
29359000,其他磺(酰)胺,305,法国,334,千克,0,—,1546921
29359000,其他磺(酰)胺,306,爱尔兰,969,千克,0,—,29533225
29359000,其他磺(酰)胺,307,意大利,0,千克,0,—,18353
29359000,其他磺(酰)胺,309,荷兰,0,千克,0,—,310
29359000,其他磺(酰)胺,312,西班牙,0,千克,0,—,24
29359000,其他磺(酰)胺,501,加拿大,0,千克,0,—,37312
29362100,未混合的维生素A及其...,305,法国,500,千克,0,—,26205
29362200,未混合的维生素B1及...,301,比利时,0,千克,0,—,14
29362300,未混合的维生素B2及...,301,比利时,0,千克,0,—,21
29362400,未混合的D或DL-泛...,301,比利时,0,千克,0,—,3
29362400,未混合的D或DL-泛...,305,法国,0,千克,0,—,9
29362400,未混合的D或DL-泛...,501,加拿大,33,千克,0,—,94230
29362500,未混合的维生素B6及...,301,比利时,0,千克,0,—,12
29362500,未混合的维生素B6及...,307,意大利,0,千克,0,—,736
29362600,未混合的维生素B12...,301,比利时,0,千克,0,—,3
29362600,未混合的维生素B12...,305,法国,2,千克,0,—,23503
29362600,未混合的维生素B12...,501,加拿大,0,千克,0,—,18
29362700,未混合的维生素C及其...,301,比利时,0,千克,0,—,34
29362700,未混合的维生素C及其...,305,法国,44,千克,0,—,3851
29362700,未混合的维生素C及其...,307,意大利,1800,千克,0,—,4191
29362700,未混合的维生素C及其...,501,加拿大,22,千克,0,—,1677
29362800,未混合的维生素E及其...,301,比利时,0,千克,0,—,7
29362800,未混合的维生素E及其...,305,法国,16001,千克,0,—,260146
29362800,未混合的维生素E及其...,309,荷兰,35,千克,0,—,1365
29362800,未混合的维生素E及其...,312,西班牙,760,千克,0,—,29512
29362800,未混合的维生素E及其...,501,加拿大,0,千克,0,—,35
29362900,其他未混合的维生素及...,301,比利时,1,千克,0,—,100
29362900,其他未混合的维生素及...,305,法国,4,千克,0,—,1846
29362900,其他未混合的维生素及...,307,意大利,1281,千克,0,—,190946
29362900,其他未混合的维生素及...,309,荷兰,1,千克,0,—,134
29362900,其他未混合的维生素及...,312,西班牙,11,千克,0,—,486
29362900,其他未混合的维生素及...,318,芬兰,0,千克,0,—,5
29362900,其他未混合的维生素及...,326,挪威,0,千克,0,—,2976
29362900,其他未混合的维生素及...,327,波兰,1400,千克,0,—,315611
29362900,其他未混合的维生素及...,410,巴西,0,千克,0,—,68
29362900,其他未混合的维生素及...,429,墨西哥,1,千克,0,—,850
29362900,其他未混合的维生素及...,501,加拿大,134,千克,0,—,81311
29369010,维生素AD3,501,加拿大,0,千克,0,—,8
29369090,天然或合成再制的维生...,305,法国,12,千克,0,—,906
29369090,天然或合成再制的维生...,306,爱尔兰,6,千克,0,—,310
29369090,天然或合成再制的维生...,307,意大利,85,千克,0,—,7174
29369090,天然或合成再制的维生...,309,荷兰,40,千克,0,—,2768
29369090,天然或合成再制的维生...,312,西班牙,370,千克,0,—,7869
29369090,天然或合成再制的维生...,321,匈牙利,6,千克,0,—,348
29369090,天然或合成再制的维生...,327,波兰,1,千克,0,—,83
29369090,天然或合成再制的维生...,501,加拿大,4,千克,0,—,126
29371210,重组人胰岛素及其盐,435,波多黎各,26,千克,0,—,5271745
29371900,其他多肽等激素及其衍...,309,荷兰,0,千克,0,—,24434
29371900,其他多肽等激素及其衍...,312,西班牙,0,千克,0,—,567610
29372210,地塞米松,305,法国,10,千克,0,—,53379
29372290,其他皮质甾类激素的卤...,307,意大利,20,千克,0,—,35000
29372290,其他皮质甾类激素的卤...,312,西班牙,0,千克,0,—,97
29372390,其他雌（甾）激素和孕...,307,意大利,0,千克,0,—,179
29372390,其他雌（甾）激素和孕...,429,墨西哥,15,千克,0,—,16710
29372390,其他雌（甾）激素和孕...,501,加拿大,0,千克,0,—,775
29372900,其他甾族激素及其衍生...,305,法国,9,千克,0,—,90852
29372900,其他甾族激素及其衍生...,307,意大利,925,千克,0,—,557476
29375000,前列腺素、血栓烷等及...,305,法国,0,千克,0,—,1986
29375000,前列腺素、血栓烷等及...,312,西班牙,0,千克,0,—,4
29375000,前列腺素、血栓烷等及...,321,匈牙利,0,千克,0,—,72000
29379000,其他天然或合成再制的...,307,意大利,1,千克,0,—,22600
29389090,其他苷及其盐、醚、酯...,301,比利时,0,千克,0,—,865
29389090,其他苷及其盐、醚、酯...,305,法国,165,千克,0,—,102487
29389090,其他苷及其盐、醚、酯...,307,意大利,111,千克,0,—,50775
29389090,其他苷及其盐、醚、酯...,312,西班牙,115,千克,0,—,26969
29389090,其他苷及其盐、醚、酯...,327,波兰,0,千克,0,—,1608
29391100,罂粟杆浓缩物、丁丙诺...,305,法国,400,千克,0,—,409518
29392000,金鸡纳生物碱及其衍生...,252,刚果民主共和国,810,千克,0,—,84240
29396900,其他麦角生物碱及其衍...,307,意大利,6,千克,0,—,58502
29397990,植物来源的其他天然或...,318,芬兰,0,千克,0,—,1907
29400090,其他化学纯糖，但蔗糖...,244,南非,89600,千克,0,—,448000
29413020,四环素衍生物及其盐,305,法国,0,千克,0,—,118
29413020,四环素衍生物及其盐,307,意大利,950,千克,0,—,1254000
29419053,头孢唑啉及其盐,307,意大利,923,千克,0,—,274596
29419058,头孢克罗及其盐,307,意大利,3074,千克,0,—,2573559
29419059,其他头孢菌素及其衍生...,307,意大利,35,千克,0,—,546569
29419090,未列名抗菌素,305,法国,0,千克,0,—,214124
29419090,未列名抗菌素,307,意大利,5,千克,0,—,2358192
29419090,未列名抗菌素,321,匈牙利,840,千克,0,—,2378819
29420000,其他有机化合物,305,法国,0,千克,0,—,2071
29420000,其他有机化合物,307,意大利,30300,千克,0,—,507537
29420000,其他有机化合物,318,芬兰,0,千克,0,—,257
29420000,其他有机化合物,501,加拿大,79200,千克,0,—,77713
30019010,肝素及其盐,309,荷兰,220,千克,0,—,1879910
30019010,肝素及其盐,312,西班牙,1842,千克,0,—,820810
30019010,肝素及其盐,327,波兰,157,千克,0,—,1268191
30019010,肝素及其盐,410,巴西,230,千克,0,—,1124145
30019090,未列名供防治病用的人...,301,比利时,10,千克,0,—,537
30021200,抗血清及其他血份,137,土耳其,0,千克,0,—,882
30021200,抗血清及其他血份,301,比利时,15,千克,0,—,35168
30021200,抗血清及其他血份,305,法国,1933,千克,0,—,1266904
30021200,抗血清及其他血份,306,爱尔兰,119,千克,0,—,90075
30021200,抗血清及其他血份,307,意大利,1851,千克,0,—,447017
30021200,抗血清及其他血份,309,荷兰,31,千克,0,—,22450
30021200,抗血清及其他血份,310,希腊,0,千克,0,—,50
30021200,抗血清及其他血份,312,西班牙,48748,千克,0,—,13588274
30021200,抗血清及其他血份,315,奥地利,87071,千克,0,—,21619804
30021200,抗血清及其他血份,316,保加利亚,0,千克,0,—,110
30021200,抗血清及其他血份,318,芬兰,987,千克,0,—,1625320
30021200,抗血清及其他血份,321,匈牙利,0,千克,0,—,150
30021200,抗血清及其他血份,327,波兰,0,千克,0,—,434
30021200,抗血清及其他血份,336,立陶宛,0,千克,0,—,280
30021200,抗血清及其他血份,429,墨西哥,0,千克,0,—,140
30021200,抗血清及其他血份,444,乌拉圭,4098,千克,0,—,1052597
30021200,抗血清及其他血份,501,加拿大,323140,千克,0,—,394220
30021300,非混合的免疫制品，未...,301,比利时,0,千克,0,—,120209
30021300,非混合的免疫制品，未...,305,法国,209,千克,0,—,241367
30021300,非混合的免疫制品，未...,307,意大利,0,千克,0,—,196
30021300,非混合的免疫制品，未...,309,荷兰,0,千克,0,—,2283
30021300,非混合的免疫制品，未...,312,西班牙,0,千克,0,—,18356
30021300,非混合的免疫制品，未...,318,芬兰,0,千克,0,—,1026353
30021300,非混合的免疫制品，未...,501,加拿大,19,千克,0,—,164122
30021400,混合的免疫制品，未配...,301,比利时,61,千克,0,—,70374
30021400,混合的免疫制品，未配...,305,法国,8,千克,0,—,171684
30021400,混合的免疫制品，未配...,309,荷兰,0,千克,0,—,12301
30021400,混合的免疫制品，未配...,312,西班牙,1,千克,0,—,26718
30021400,混合的免疫制品，未配...,315,奥地利,0,千克,0,—,764
30021400,混合的免疫制品，未配...,318,芬兰,0,千克,0,—,14229
30021400,混合的免疫制品，未配...,336,立陶宛,0,千克,0,—,3
30021400,混合的免疫制品，未配...,501,加拿大,25,千克,0,—,116159
30021500,免疫制品，已配定剂量...,137,土耳其,2,千克,0,—,2409
30021500,免疫制品，已配定剂量...,244,南非,48,千克,0,—,522467
30021500,免疫制品，已配定剂量...,258,厄立特里亚,1,千克,0,—,6316
30021500,免疫制品，已配定剂量...,301,比利时,43,千克,0,—,70383
30021500,免疫制品，已配定剂量...,305,法国,20987,千克,0,—,11100143
30021500,免疫制品，已配定剂量...,306,爱尔兰,9904,千克,0,—,20284179
30021500,免疫制品，已配定剂量...,307,意大利,6828,千克,0,—,10199395
30021500,免疫制品，已配定剂量...,309,荷兰,32,千克,0,—,137958
30021500,免疫制品，已配定剂量...,312,西班牙,3529,千克,0,—,5216212
30021500,免疫制品，已配定剂量...,315,奥地利,433,千克,0,—,215147
30021500,免疫制品，已配定剂量...,318,芬兰,13088,千克,0,—,4240459
30021500,免疫制品，已配定剂量...,321,匈牙利,49,千克,0,—,777005
30021500,免疫制品，已配定剂量...,326,挪威,1605,千克,0,—,179734
30021500,免疫制品，已配定剂量...,336,立陶宛,10,千克,0,—,896062
30021500,免疫制品，已配定剂量...,435,波多黎各,27,千克,0,—,319574
30021500,免疫制品，已配定剂量...,501,加拿大,790,千克,0,—,860927
30021900,其他血份及免疫制品,309,荷兰,1,千克,0,—,1413
30021900,其他血份及免疫制品,444,乌拉圭,1374,千克,0,—,324352
30022000,人用疫苗,138,阿联酋,12,千克,0,—,6031
30022000,人用疫苗,301,比利时,27252,千克,0,—,81003060
30022000,人用疫苗,305,法国,3093,千克,0,—,17492640
30022000,人用疫苗,306,爱尔兰,54214,千克,0,—,206719414
30022000,人用疫苗,307,意大利,338,千克,0,—,167555
30023000,兽用疫苗,305,法国,2079,千克,0,—,2643417
30023000,兽用疫苗,309,荷兰,21360,千克,0,—,4579885
30023000,兽用疫苗,312,西班牙,19710,千克,0,—,3255157
30023000,兽用疫苗,321,匈牙利,352,千克,0,—,1644537
30029030,细菌及病毒,301,比利时,0,千克,12,株,1301
30029030,细菌及病毒,305,法国,7584,千克,602026100043,株,2778279
30029030,细菌及病毒,307,意大利,595,千克,861600007374,株,190174
30029030,细菌及病毒,309,荷兰,1,千克,70,株,553
30029030,细菌及病毒,312,西班牙,200,千克,5000000000,株,43077
30029030,细菌及病毒,315,奥地利,5,千克,2,株,11489
30029030,细菌及病毒,429,墨西哥,89460,千克,5,株,254653
30029030,细菌及病毒,501,加拿大,1048,千克,21,株,240820
30029040,遗传物质和基因修饰生...,301,比利时,0,千克,0,—,87
30029040,遗传物质和基因修饰生...,315,奥地利,0,千克,0,—,469
30029090,人血；治病、防病或诊...,127,巴基斯坦,0,千克,0,—,20
30029090,人血；治病、防病或诊...,305,法国,1,千克,0,—,13320
30029090,人血；治病、防病或诊...,306,爱尔兰,3921,千克,0,—,32699575
30029090,人血；治病、防病或诊...,309,荷兰,81,千克,0,—,25005
30029090,人血；治病、防病或诊...,312,西班牙,19,千克,0,—,19900
30032090,未列名含有抗菌素的药...,306,爱尔兰,0,千克,0,—,23798
30032090,未列名含有抗菌素的药...,350,斯洛文尼亚,4200,千克,0,—,361200
30032090,未列名含有抗菌素的药...,501,加拿大,1,千克,0,—,22766
30039000,未列名两种或两种以上...,244,南非,179200,千克,0,—,878080
30039000,未列名两种或两种以上...,301,比利时,1144,千克,0,—,1056481
30039000,未列名两种或两种以上...,305,法国,38610,千克,0,—,8437208
30039000,未列名两种或两种以上...,307,意大利,38889,千克,0,—,9257332
30039000,未列名两种或两种以上...,309,荷兰,5388,千克,0,—,8247719
30039000,未列名两种或两种以上...,327,波兰,80,千克,0,—,56369
30039000,未列名两种或两种以上...,350,斯洛文尼亚,9000,千克,0,—,750000
30041012,羟氨苄青霉素制剂,305,法国,4010,千克,0,—,339158
30041012,羟氨苄青霉素制剂,307,意大利,7184,千克,0,—,430444
30041013,青霉素Ｖ制剂,315,奥地利,8576,千克,0,—,259832
30041019,其他含有青霉素及具有...,307,意大利,39168,千克,0,—,7272065
30041090,含有链霉素及其衍生物...,305,法国,7,千克,0,—,1063
30042012,头孢他啶制剂,307,意大利,4048,千克,0,—,9178714
30042016,头孢呋辛制剂,307,意大利,29922,千克,0,—,1014161
30042019,其他含有头孢菌素的药...,305,法国,211,千克,0,—,119324
30042019,其他含有头孢菌素的药...,307,意大利,20,千克,0,—,1132
30042019,其他含有头孢菌素的药...,312,西班牙,4128,千克,0,—,524145
30042090,未列名含有抗菌素的药...,301,比利时,2823,千克,0,—,367432
30042090,未列名含有抗菌素的药...,305,法国,24767,千克,0,—,29700034
30042090,未列名含有抗菌素的药...,306,爱尔兰,11117,千克,0,—,17639430
30042090,未列名含有抗菌素的药...,307,意大利,1572,千克,0,—,1103821
30042090,未列名含有抗菌素的药...,310,希腊,27951,千克,0,—,24412938
30042090,未列名含有抗菌素的药...,312,西班牙,12441,千克,0,—,2171848
30042090,未列名含有抗菌素的药...,316,保加利亚,52712,千克,0,—,747946
30042090,未列名含有抗菌素的药...,410,巴西,5076,千克,0,—,3680952
30042090,未列名含有抗菌素的药...,501,加拿大,2,千克,0,—,23501
30043110,含有重组人胰岛素的药...,305,法国,28592,千克,0,—,9909234
30043110,含有重组人胰岛素的药...,307,意大利,6679,千克,0,—,2723584
30043110,含有重组人胰岛素的药...,309,荷兰,3,千克,0,—,13224
30043110,含有重组人胰岛素的药...,327,波兰,2592,千克,0,—,432000
30043200,含有皮质甾类激素及其...,301,比利时,7909,千克,0,—,1122696
30043200,含有皮质甾类激素及其...,305,法国,109145,千克,0,—,33594951
30043200,含有皮质甾类激素及其...,306,爱尔兰,6889,千克,0,—,10985073
30043200,含有皮质甾类激素及其...,307,意大利,23307,千克,0,—,4484608
30043200,含有皮质甾类激素及其...,312,西班牙,29059,千克,0,—,3061344
30043900,未列名含有激素或品目...,301,比利时,3786,千克,0,—,1332617
30043900,未列名含有激素或品目...,305,法国,75274,千克,0,—,23574725
30043900,未列名含有激素或品目...,307,意大利,8855,千克,0,—,36260541
30043900,未列名含有激素或品目...,309,荷兰,12593,千克,0,—,55837524
30043900,未列名含有激素或品目...,312,西班牙,9379,千克,0,—,3663990
30043900,未列名含有激素或品目...,315,奥地利,159,千克,0,—,147095
30043900,未列名含有激素或品目...,321,匈牙利,13,千克,0,—,300570
30043900,未列名含有激素或品目...,435,波多黎各,4738,千克,0,—,11662758
30043900,未列名含有激素或品目...,501,加拿大,700,千克,0,—,7058418
30044900,未列名含有其他生物碱...,305,法国,83872,千克,0,—,4050336
30044900,未列名含有其他生物碱...,307,意大利,530,千克,0,—,182322
30045000,其他含有维生素或品目...,305,法国,1180,千克,0,—,597151
30045000,其他含有维生素或品目...,306,爱尔兰,576,千克,0,—,422096
30045000,其他含有维生素或品目...,309,荷兰,530933,千克,0,—,2381925
30045000,其他含有维生素或品目...,312,西班牙,167,千克,0,—,1144955
30045000,其他含有维生素或品目...,501,加拿大,9,千克,0,—,3765
30049010,含有磺胺类的药品，已...,301,比利时,1856,千克,0,—,363708
30049010,含有磺胺类的药品，已...,305,法国,13260,千克,0,—,2616519
30049010,含有磺胺类的药品，已...,307,意大利,2763,千克,0,—,4441286
30049010,含有磺胺类的药品，已...,310,希腊,2164,千克,0,—,618248
30049010,含有磺胺类的药品，已...,312,西班牙,29,千克,0,—,26603
30049010,含有磺胺类的药品，已...,350,斯洛文尼亚,3420,千克,0,—,362810
30049010,含有磺胺类的药品，已...,435,波多黎各,12278,千克,0,—,18407311
30049010,含有磺胺类的药品，已...,501,加拿大,195,千克,0,—,212304
30049054,清凉油,305,法国,2250,千克,0,—,348909
30049090,未列名混合或非混合产...,108,塞浦路斯,2,千克,0,—,1958
30049090,未列名混合或非混合产...,137,土耳其,1,千克,0,—,263
30049090,未列名混合或非混合产...,301,比利时,99139,千克,0,—,15608572
30049090,未列名混合或非混合产...,305,法国,1070244,千克,0,—,105981835
30049090,未列名混合或非混合产...,306,爱尔兰,54054,千克,0,—,65440440
30049090,未列名混合或非混合产...,307,意大利,372042,千克,0,—,202215448
30049090,未列名混合或非混合产...,309,荷兰,263901,千克,0,—,10702174
30049090,未列名混合或非混合产...,310,希腊,14646,千克,0,—,8584912
30049090,未列名混合或非混合产...,312,西班牙,30188,千克,0,—,18121356
30049090,未列名混合或非混合产...,315,奥地利,257254,千克,0,—,9318331
30049090,未列名混合或非混合产...,318,芬兰,2576,千克,0,—,3398169
30049090,未列名混合或非混合产...,321,匈牙利,13569,千克,0,—,1136238
30049090,未列名混合或非混合产...,326,挪威,153,千克,0,—,29908
30049090,未列名混合或非混合产...,327,波兰,28806,千克,0,—,6208506
30049090,未列名混合或非混合产...,350,斯洛文尼亚,3,千克,0,—,6891
30049090,未列名混合或非混合产...,435,波多黎各,17593,千克,0,—,14569046
30049090,未列名混合或非混合产...,501,加拿大,14725,千克,0,—,23557458
30051010,橡皮膏,318,芬兰,74,千克,0,—,47584
30051010,橡皮膏,327,波兰,0,千克,0,—,24
30051090,未列名胶粘敷料及其他...,129,菲律宾,2,千克,0,—,15
30051090,未列名胶粘敷料及其他...,301,比利时,147,千克,0,—,7145
30051090,未列名胶粘敷料及其他...,305,法国,897,千克,0,—,147236
30051090,未列名胶粘敷料及其他...,306,爱尔兰,4277,千克,0,—,318568
30051090,未列名胶粘敷料及其他...,307,意大利,2464,千克,0,—,4802
30051090,未列名胶粘敷料及其他...,309,荷兰,1249,千克,0,—,62658
30051090,未列名胶粘敷料及其他...,312,西班牙,2786,千克,0,—,31697
30051090,未列名胶粘敷料及其他...,315,奥地利,149,千克,0,—,18173
30051090,未列名胶粘敷料及其他...,318,芬兰,5552,千克,0,—,1957368
30051090,未列名胶粘敷料及其他...,321,匈牙利,7679,千克,0,—,1530760
30051090,未列名胶粘敷料及其他...,327,波兰,940,千克,0,—,33140
30051090,未列名胶粘敷料及其他...,410,巴西,0,千克,0,—,2
30051090,未列名胶粘敷料及其他...,429,墨西哥,21357,千克,0,—,589040
30051090,未列名胶粘敷料及其他...,501,加拿大,350,千克,0,—,4742
30059010,药棉、纱布、绷带,305,法国,61,千克,0,—,2956
30059010,药棉、纱布、绷带,307,意大利,64,千克,0,—,10077
30059010,药棉、纱布、绷带,309,荷兰,50,千克,0,—,67050
30059010,药棉、纱布、绷带,315,奥地利,402,千克,0,—,12942
30059010,药棉、纱布、绷带,326,挪威,521,千克,0,—,36516
30059010,药棉、纱布、绷带,327,波兰,335,千克,0,—,13617
30059010,药棉、纱布、绷带,429,墨西哥,11,千克,0,—,538
30059090,未列名软填料及类似物...,129,菲律宾,23,千克,0,—,7794
30059090,未列名软填料及类似物...,137,土耳其,24,千克,0,—,5704
30059090,未列名软填料及类似物...,301,比利时,361,千克,0,—,21771
30059090,未列名软填料及类似物...,305,法国,35244,千克,0,—,1288664
30059090,未列名软填料及类似物...,306,爱尔兰,668,千克,0,—,254288
30059090,未列名软填料及类似物...,307,意大利,1192,千克,0,—,7099
30059090,未列名软填料及类似物...,315,奥地利,220,千克,0,—,80608
30059090,未列名软填料及类似物...,318,芬兰,6061,千克,0,—,409725
30059090,未列名软填料及类似物...,321,匈牙利,247,千克,0,—,33496
30059090,未列名软填料及类似物...,327,波兰,33,千克,0,—,38909
30059090,未列名软填料及类似物...,429,墨西哥,3384,千克,0,—,108022
30059090,未列名软填料及类似物...,501,加拿大,10,千克,0,—,19
30061000,无菌外科肠线，昆布，...,301,比利时,136,千克,0,—,64038
30061000,无菌外科肠线，昆布，...,306,爱尔兰,698,千克,0,—,426767
30061000,无菌外科肠线，昆布，...,307,意大利,70,千克,0,—,230010
30061000,无菌外科肠线，昆布，...,309,荷兰,953,千克,0,—,977493
30061000,无菌外科肠线，昆布，...,312,西班牙,691,千克,0,—,71214
30061000,无菌外科肠线，昆布，...,410,巴西,407,千克,0,—,191025
30061000,无菌外科肠线，昆布，...,429,墨西哥,385,千克,0,—,261230
30061000,无菌外科肠线，昆布，...,435,波多黎各,30,千克,0,—,8352
30061000,无菌外科肠线，昆布，...,501,加拿大,0,千克,0,—,48
30062000,血型试剂,305,法国,108,千克,0,—,31079
30062000,血型试剂,309,荷兰,35,千克,0,—,43455
30062000,血型试剂,312,西班牙,14184,千克,0,—,2422723
30062000,血型试剂,501,加拿大,100,千克,0,—,47700
30063000,X光检查造影剂；用于...,305,法国,15417,千克,0,—,2940639
30063000,X光检查造影剂；用于...,306,爱尔兰,8582,千克,0,—,3822520
30063000,X光检查造影剂；用于...,307,意大利,7816,千克,0,—,633787
30063000,X光检查造影剂；用于...,501,加拿大,5105,千克,0,—,816405
30064000,牙科粘固剂及其他牙科...,305,法国,2786,千克,0,—,381647
30064000,牙科粘固剂及其他牙科...,306,爱尔兰,1726,千克,0,—,69548
30064000,牙科粘固剂及其他牙科...,307,意大利,6374,千克,0,—,1089449
30064000,牙科粘固剂及其他牙科...,309,荷兰,8052,千克,0,—,62564
30064000,牙科粘固剂及其他牙科...,315,奥地利,5,千克,0,—,1511
30064000,牙科粘固剂及其他牙科...,318,芬兰,0,千克,0,—,1028
30064000,牙科粘固剂及其他牙科...,429,墨西哥,1229,千克,0,—,130801
30064000,牙科粘固剂及其他牙科...,442,特立尼达和多巴哥,1,千克,0,—,207
30064000,牙科粘固剂及其他牙科...,501,加拿大,17,千克,0,—,555720
30065000,急救药箱、药包,307,意大利,0,千克,0,—,330
30065000,急救药箱、药包,309,荷兰,198,千克,0,—,2424
30065000,急救药箱、药包,315,奥地利,5,千克,0,—,642
30065000,急救药箱、药包,429,墨西哥,5,千克,0,—,3733
30066010,以激素为基本成分的避...,309,荷兰,8073,千克,0,—,3104685
30066010,以激素为基本成分的避...,318,芬兰,823,千克,0,—,2009256
30066010,以激素为基本成分的避...,321,匈牙利,3340,千克,0,—,1847222
30067000,专用于人类或兽药的凝...,137,土耳其,2500,千克,0,—,45269
30067000,专用于人类或兽药的凝...,306,爱尔兰,709,千克,0,—,26434
30067000,专用于人类或兽药的凝...,309,荷兰,352,千克,0,—,141717
30067000,专用于人类或兽药的凝...,312,西班牙,1203,千克,0,—,42433
30067000,专用于人类或兽药的凝...,429,墨西哥,9,千克,0,—,492
30069100,可确定用于造口术的用...,137,土耳其,0,千克,0,—,109
30069100,可确定用于造口术的用...,318,芬兰,785,千克,0,—,78736
30069100,可确定用于造口术的用...,321,匈牙利,30757,千克,0,—,3766685
30069100,可确定用于造口术的用...,415,哥斯达黎加,661,千克,0,—,124060
31010090,经化学处理的动植物肥...,309,荷兰,148500,千克,0,—,87388
31021000,尿素，不论是否水溶液,137,土耳其,10,千克,0,—,25
31021000,尿素，不论是否水溶液,305,法国,0,千克,0,—,14
31022100,硫酸铵,312,西班牙,24,千克,0,—,1163
31026000,硝酸钙和硝酸铵的复盐...,326,挪威,695910,千克,0,—,176761
31026000,硝酸钙和硝酸铵的复盐...,327,波兰,84000,千克,0,—,50904
31029090,其他矿物氮肥及化学氮...,305,法国,12384,千克,0,—,19783
31029090,其他矿物氮肥及化学氮...,307,意大利,100918,千克,0,—,251409
31029090,其他矿物氮肥及化学氮...,309,荷兰,85200,千克,0,—,52320
31029090,其他矿物氮肥及化学氮...,312,西班牙,11900,千克,0,—,14831
31029090,其他矿物氮肥及化学氮...,327,波兰,48000,千克,0,—,24288
31042020,纯氯化钾,501,加拿大,10200000,千克,0,—,2754129
31042090,其他氯化钾,340,白俄罗斯,94245630,千克,0,—,21643222
31042090,其他氯化钾,501,加拿大,114533000,千克,0,—,29053111
31043000,硫酸钾,109,朝鲜,2500000,千克,0,—,875000
31043000,硫酸钾,301,比利时,308000,千克,0,—,166936
31051000,制成片状等或每包毛重...,301,比利时,10138,千克,0,—,31923
31051000,制成片状等或每包毛重...,305,法国,2880,千克,0,—,6982
31051000,制成片状等或每包毛重...,307,意大利,49438,千克,0,—,127928
31051000,制成片状等或每包毛重...,309,荷兰,70,千克,0,—,8924
31051000,制成片状等或每包毛重...,312,西班牙,131402,千克,0,—,398024
31051000,制成片状等或每包毛重...,316,保加利亚,21000,千克,0,—,49175
31051000,制成片状等或每包毛重...,327,波兰,50400,千克,0,—,29177
31052000,含氮、磷、钾三种元素...,137,土耳其,186000,千克,0,—,228010
31052000,含氮、磷、钾三种元素...,301,比利时,7285160,千克,0,—,4010693
31052000,含氮、磷、钾三种元素...,305,法国,712200,千克,0,—,503013
31052000,含氮、磷、钾三种元素...,307,意大利,776880,千克,0,—,1009481
31052000,含氮、磷、钾三种元素...,309,荷兰,734480,千克,0,—,1297818
31052000,含氮、磷、钾三种元素...,310,希腊,96000,千克,0,—,99360
31052000,含氮、磷、钾三种元素...,312,西班牙,482063,千克,0,—,462908
31052000,含氮、磷、钾三种元素...,318,芬兰,22214611,千克,0,—,12332836
31052000,含氮、磷、钾三种元素...,326,挪威,45931740,千克,0,—,23632167
31052000,含氮、磷、钾三种元素...,501,加拿大,57224,千克,0,—,133311
31055900,其他含氮、磷两种元素...,305,法国,8700,千克,0,—,13303
31056000,含磷、钾两种肥效元素...,307,意大利,44500,千克,0,—,86172
31056000,含磷、钾两种肥效元素...,312,西班牙,6540,千克,0,—,11228
31056000,含磷、钾两种肥效元素...,316,保加利亚,1000,千克,0,—,2124
31059090,其他肥料,244,南非,217183,千克,0,—,634580
31059090,其他肥料,301,比利时,154080,千克,0,—,130226
31059090,其他肥料,307,意大利,153560,千克,0,—,310059
31059090,其他肥料,309,荷兰,39600,千克,0,—,16980
31059090,其他肥料,312,西班牙,166237,千克,0,—,355164
31059090,其他肥料,316,保加利亚,1000,千克,0,—,1892
31059090,其他肥料,326,挪威,23360,千克,0,—,70100
31059090,其他肥料,501,加拿大,45952,千克,0,—,91688
32012000,荆树皮浸膏,244,南非,368400,千克,0,—,551509
32012000,荆树皮浸膏,410,巴西,158550,千克,0,—,247577
32019010,其他植物鞣料浸膏,244,南非,6000,千克,0,—,10500
32019010,其他植物鞣料浸膏,305,法国,27300,千克,0,—,50292
32019010,其他植物鞣料浸膏,307,意大利,93500,千克,0,—,195073
32019010,其他植物鞣料浸膏,350,斯洛文尼亚,17500,千克,0,—,23695
32019010,其他植物鞣料浸膏,410,巴西,34800,千克,0,—,55668
32019090,鞣酸及其盐、醚、酯和...,137,土耳其,20000,千克,0,—,17800
32019090,鞣酸及其盐、醚、酯和...,301,比利时,1,千克,0,—,52
32019090,鞣酸及其盐、醚、酯和...,305,法国,770,千克,0,—,17089
32019090,鞣酸及其盐、醚、酯和...,307,意大利,73017,千克,0,—,182402
32019090,鞣酸及其盐、醚、酯和...,312,西班牙,21000,千克,0,—,30450
32021000,有机合成鞣料,137,土耳其,220035,千克,0,—,290440
32021000,有机合成鞣料,305,法国,272820,千克,0,—,452675
32021000,有机合成鞣料,307,意大利,1865962,千克,0,—,2942351
32021000,有机合成鞣料,309,荷兰,221400,千克,0,—,413614
32021000,有机合成鞣料,310,希腊,3000,千克,0,—,4651
32021000,有机合成鞣料,312,西班牙,553425,千克,0,—,903139
32021000,有机合成鞣料,327,波兰,22000,千克,0,—,52841
32021000,有机合成鞣料,350,斯洛文尼亚,2625,千克,0,—,4287
32021000,有机合成鞣料,410,巴西,142400,千克,0,—,177123
32021000,有机合成鞣料,429,墨西哥,53200,千克,0,—,81004
32021000,有机合成鞣料,501,加拿大,6880,千克,0,—,25048
32029000,无机鞣料；鞣料制剂；...,137,土耳其,1283850,千克,0,—,1083157
32029000,无机鞣料；鞣料制剂；...,244,南非,180000,千克,0,—,154200
32029000,无机鞣料；鞣料制剂；...,301,比利时,15000,千克,0,—,32850
32029000,无机鞣料；鞣料制剂；...,305,法国,175850,千克,0,—,195701
32029000,无机鞣料；鞣料制剂；...,307,意大利,467890,千克,0,—,738479
32029000,无机鞣料；鞣料制剂；...,309,荷兰,11700,千克,0,—,54443
32029000,无机鞣料；鞣料制剂；...,312,西班牙,143759,千克,0,—,238153
32029000,无机鞣料；鞣料制剂；...,410,巴西,11500,千克,0,—,11451
32029000,无机鞣料；鞣料制剂；...,429,墨西哥,2990,千克,0,—,17760
32030019,其他植物质着色料及以...,305,法国,637,千克,0,—,7822
32030019,其他植物质着色料及以...,307,意大利,460,千克,0,—,13925
32030019,其他植物质着色料及以...,309,荷兰,113,千克,0,—,5399
32030019,其他植物质着色料及以...,312,西班牙,1275,千克,0,—,30003
32030020,动物质着色料及以其为...,312,西班牙,504,千克,0,—,8490
32041100,分散染料及以其为基本...,305,法国,20,千克,0,—,1081
32041100,分散染料及以其为基本...,307,意大利,77,千克,0,—,1787
32041100,分散染料及以其为基本...,312,西班牙,275,千克,0,—,948
32041100,分散染料及以其为基本...,429,墨西哥,7750,千克,0,—,307347
32041200,酸性染料和媒染染料及...,137,土耳其,10000,千克,0,—,115903
32041200,酸性染料和媒染染料及...,301,比利时,704,千克,0,—,6621
32041200,酸性染料和媒染染料及...,305,法国,706,千克,0,—,21220
32041200,酸性染料和媒染染料及...,307,意大利,9839,千克,0,—,78497
32041200,酸性染料和媒染染料及...,309,荷兰,5040,千克,0,—,43308
32041200,酸性染料和媒染染料及...,310,希腊,14800,千克,0,—,127611
32041200,酸性染料和媒染染料及...,312,西班牙,7899,千克,0,—,67537
32041200,酸性染料和媒染染料及...,429,墨西哥,12190,千克,0,—,240206
32041300,碱性染料及以其为基本...,301,比利时,770,千克,0,—,14404
32041300,碱性染料及以其为基本...,305,法国,2,千克,0,—,1736
32041400,直接染料及以其为基本...,309,荷兰,40,千克,0,—,352
32041400,直接染料及以其为基本...,312,西班牙,3265,千克,0,—,24289
32041400,直接染料及以其为基本...,429,墨西哥,3030,千克,0,—,10525
32041510,合成靛蓝（还原靛蓝）,301,比利时,2,千克,0,—,362
32041590,其他瓮染染料及以其为...,305,法国,160,千克,0,—,11507
32041590,其他瓮染染料及以其为...,429,墨西哥,380,千克,0,—,8040
32041600,活性染料及以其为基本...,137,土耳其,52870,千克,0,—,232226
32041600,活性染料及以其为基本...,307,意大利,375,千克,0,—,4393
32041600,活性染料及以其为基本...,429,墨西哥,8105,千克,0,—,145843
32041700,颜料及以其为基本成分...,137,土耳其,2236,千克,0,—,16746
32041700,颜料及以其为基本成分...,301,比利时,23123,千克,0,—,267929
32041700,颜料及以其为基本成分...,305,法国,6664,千克,0,—,277420
32041700,颜料及以其为基本成分...,306,爱尔兰,150,千克,0,—,2536
32041700,颜料及以其为基本成分...,307,意大利,23015,千克,0,—,278596
32041700,颜料及以其为基本成分...,309,荷兰,110,千克,0,—,2164
32041700,颜料及以其为基本成分...,312,西班牙,3475,千克,0,—,35716
32041700,颜料及以其为基本成分...,314,安道尔,25,千克,0,—,679
32041700,颜料及以其为基本成分...,315,奥地利,8020,千克,0,—,52267
32041700,颜料及以其为基本成分...,318,芬兰,1767,千克,0,—,13622
32041700,颜料及以其为基本成分...,321,匈牙利,0,千克,0,—,128
32041700,颜料及以其为基本成分...,326,挪威,951,千克,0,—,8817
32041700,颜料及以其为基本成分...,327,波兰,50,千克,0,—,958
32041700,颜料及以其为基本成分...,410,巴西,50,千克,0,—,662
32041700,颜料及以其为基本成分...,429,墨西哥,5020,千克,0,—,55388
32041700,颜料及以其为基本成分...,501,加拿大,5540,千克,0,—,63989
32041919,其他硫化染料及以其为...,305,法国,30,千克,0,—,1712
32041919,其他硫化染料及以其为...,307,意大利,1920,千克,0,—,9848
32041919,其他硫化染料及以其为...,312,西班牙,44200,千克,0,—,185250
32041919,其他硫化染料及以其为...,429,墨西哥,40300,千克,0,—,56875
32041990,未列名有机合成着色料...,129,菲律宾,3,千克,0,—,34
32041990,未列名有机合成着色料...,301,比利时,52,千克,0,—,9740
32041990,未列名有机合成着色料...,305,法国,37845,千克,0,—,2011130
32041990,未列名有机合成着色料...,307,意大利,1108,千克,0,—,28328
32041990,未列名有机合成着色料...,309,荷兰,274,千克,0,—,9991
32041990,未列名有机合成着色料...,312,西班牙,5707,千克,0,—,95586
32041990,未列名有机合成着色料...,315,奥地利,75,千克,0,—,2072
32041990,未列名有机合成着色料...,410,巴西,50,千克,0,—,888
32042000,用作荧光增白剂的有机...,309,荷兰,500,千克,0,—,4101
32042000,用作荧光增白剂的有机...,429,墨西哥,2340,千克,0,—,39980
32049010,有机合成的生物染色剂...,309,荷兰,5,千克,0,—,2196
32049010,有机合成的生物染色剂...,321,匈牙利,28,千克,0,—,5401
32049010,有机合成的生物染色剂...,336,立陶宛,0,千克,0,—,11760
32049010,有机合成的生物染色剂...,429,墨西哥,50,千克,0,—,27841
32049010,有机合成的生物染色剂...,501,加拿大,472,千克,0,—,163202
32049020,有机合成的胡萝卜素及...,312,西班牙,50,千克,0,—,702
32049090,其他用作发光体的有机...,301,比利时,8945,千克,0,—,136188
32049090,其他用作发光体的有机...,305,法国,9320,千克,0,—,92812
32049090,其他用作发光体的有机...,429,墨西哥,0,千克,0,—,1
32049090,其他用作发光体的有机...,501,加拿大,0,千克,0,—,11541
32050000,色淀；本章注释3所述...,301,比利时,50,千克,0,—,4072
32050000,色淀；本章注释3所述...,305,法国,75,千克,0,—,13714
32050000,色淀；本章注释3所述...,429,墨西哥,10,千克,0,—,3954
32061110,钛白粉,301,比利时,20000,千克,0,—,61915
32061110,钛白粉,305,法国,10,千克,0,—,712
32061110,钛白粉,307,意大利,180000,千克,0,—,787700
32061110,钛白粉,309,荷兰,45000,千克,0,—,208025
32061110,钛白粉,312,西班牙,259000,千克,0,—,755300
32061110,钛白粉,429,墨西哥,3932450,千克,0,—,11110211
32061110,钛白粉,501,加拿大,2000,千克,0,—,19200
32061190,其他干物质计二氧化钛...,305,法国,24220,千克,0,—,174676
32061190,其他干物质计二氧化钛...,307,意大利,57520,千克,0,—,210692
32061190,其他干物质计二氧化钛...,309,荷兰,859,千克,0,—,5370
32061190,其他干物质计二氧化钛...,312,西班牙,2187,千克,0,—,93137
32061190,其他干物质计二氧化钛...,318,芬兰,600,千克,0,—,21302
32061190,其他干物质计二氧化钛...,501,加拿大,149,千克,0,—,1853
32061900,其他以二氧化钛为基本...,301,比利时,122535,千克,0,—,535907
32061900,其他以二氧化钛为基本...,305,法国,334,千克,0,—,7605
32061900,其他以二氧化钛为基本...,306,爱尔兰,5257,千克,0,—,47124
32061900,其他以二氧化钛为基本...,307,意大利,43208,千克,0,—,266751
32061900,其他以二氧化钛为基本...,309,荷兰,4176,千克,0,—,52334
32061900,其他以二氧化钛为基本...,312,西班牙,1175,千克,0,—,5667
32061900,其他以二氧化钛为基本...,315,奥地利,1379,千克,0,—,11386
32061900,其他以二氧化钛为基本...,318,芬兰,410,千克,0,—,24067
32061900,其他以二氧化钛为基本...,321,匈牙利,29525,千克,0,—,256116
32061900,其他以二氧化钛为基本...,327,波兰,0,千克,0,—,26
32061900,其他以二氧化钛为基本...,429,墨西哥,10,千克,0,—,42
32061900,其他以二氧化钛为基本...,501,加拿大,21942,千克,0,—,107373
32062000,以铬化合物为基本成分...,305,法国,30000,千克,0,—,122170
32062000,以铬化合物为基本成分...,309,荷兰,65,千克,0,—,2190
32064100,群青及以其为基本成分...,305,法国,134680,千克,0,—,625245
32064100,群青及以其为基本成分...,307,意大利,2,千克,0,—,33
32064100,群青及以其为基本成分...,309,荷兰,50,千克,0,—,2969
32064100,群青及以其为基本成分...,312,西班牙,37052,千克,0,—,178638
32064100,群青及以其为基本成分...,327,波兰,25,千克,0,—,989
32064210,锌钡白（立德粉）,305,法国,500,千克,0,—,2322
32064290,其他以硫化锌为基本成...,305,法国,99,千克,0,—,5222
32064911,以钒酸铋为基本成分的...,315,奥地利,1336,千克,0,—,30922
32064919,其他以铋化合物为基本...,307,意大利,46,千克,0,—,1184
32064990,未列名着色料及其他制...,129,菲律宾,25,千克,0,—,70
32064990,未列名着色料及其他制...,138,阿联酋,300,千克,0,—,1178
32064990,未列名着色料及其他制...,301,比利时,64434,千克,0,—,268698
32064990,未列名着色料及其他制...,305,法国,47904,千克,0,—,291595
32064990,未列名着色料及其他制...,306,爱尔兰,40,千克,0,—,295
32064990,未列名着色料及其他制...,307,意大利,36970,千克,0,—,208158
32064990,未列名着色料及其他制...,309,荷兰,5734,千克,0,—,93271
32064990,未列名着色料及其他制...,310,希腊,18,千克,0,—,264
32064990,未列名着色料及其他制...,312,西班牙,40204,千克,0,—,320567
32064990,未列名着色料及其他制...,315,奥地利,1589,千克,0,—,22715
32064990,未列名着色料及其他制...,318,芬兰,6548,千克,0,—,179835
32064990,未列名着色料及其他制...,321,匈牙利,4968,千克,0,—,47069
32064990,未列名着色料及其他制...,327,波兰,4,千克,0,—,17
32064990,未列名着色料及其他制...,410,巴西,665,千克,0,—,10225
32064990,未列名着色料及其他制...,429,墨西哥,489,千克,0,—,12426
32064990,未列名着色料及其他制...,501,加拿大,214,千克,0,—,2545
32071000,陶瓷、搪瓷及玻璃工业...,301,比利时,31,千克,0,—,2424
32071000,陶瓷、搪瓷及玻璃工业...,307,意大利,20624,千克,0,—,227223
32071000,陶瓷、搪瓷及玻璃工业...,309,荷兰,43188,千克,0,—,656407
32071000,陶瓷、搪瓷及玻璃工业...,312,西班牙,537252,千克,0,—,3902745
32071000,陶瓷、搪瓷及玻璃工业...,429,墨西哥,4650,千克,0,—,74267
32072000,珐琅和釉料、釉底料（...,137,土耳其,272000,千克,0,—,400760
32072000,珐琅和釉料、釉底料（...,301,比利时,4000,千克,0,—,15402
32072000,珐琅和釉料、釉底料（...,305,法国,136,千克,0,—,37026
32072000,珐琅和釉料、釉底料（...,307,意大利,317310,千克,0,—,731017
32072000,珐琅和釉料、釉底料（...,309,荷兰,4325,千克,0,—,92033
32072000,珐琅和釉料、釉底料（...,312,西班牙,733408,千克,0,—,1813613
32072000,珐琅和釉料、釉底料（...,327,波兰,100,千克,0,—,1265
32072000,珐琅和釉料、釉底料（...,429,墨西哥,40,千克,0,—,244
32073000,光瓷釉及类似制品,137,土耳其,852,千克,0,—,81041
32073000,光瓷釉及类似制品,305,法国,4,千克,0,—,5093
32073000,光瓷釉及类似制品,315,奥地利,6,千克,0,—,4040
32074000,搪瓷玻璃料及其他玻璃...,137,土耳其,194500,千克,0,—,348142
32074000,搪瓷玻璃料及其他玻璃...,301,比利时,1142046,千克,0,—,973047
32074000,搪瓷玻璃料及其他玻璃...,305,法国,6000,千克,0,—,76246
32074000,搪瓷玻璃料及其他玻璃...,307,意大利,185675,千克,0,—,416078
32074000,搪瓷玻璃料及其他玻璃...,312,西班牙,5900,千克,0,—,29080
32074000,搪瓷玻璃料及其他玻璃...,327,波兰,100,千克,0,—,6874
32074000,搪瓷玻璃料及其他玻璃...,350,斯洛文尼亚,44000,千克,0,—,171558
32074000,搪瓷玻璃料及其他玻璃...,435,波多黎各,21,千克,0,—,851
32074000,搪瓷玻璃料及其他玻璃...,501,加拿大,1697,千克,0,—,232590
32081000,以聚酯为基本成分的油...,301,比利时,837,千克,0,—,25747
32081000,以聚酯为基本成分的油...,305,法国,21535,千克,0,—,151571
32081000,以聚酯为基本成分的油...,307,意大利,1850,千克,0,—,24951
32081000,以聚酯为基本成分的油...,309,荷兰,8061,千克,0,—,86246
32081000,以聚酯为基本成分的油...,312,西班牙,525,千克,0,—,1304
32081000,以聚酯为基本成分的油...,315,奥地利,1127,千克,0,—,15543
32081000,以聚酯为基本成分的油...,318,芬兰,4332,千克,0,—,16840
32082010,以丙烯酸聚合物为基本...,305,法国,124275,千克,0,—,433659
32082010,以丙烯酸聚合物为基本...,307,意大利,22836,千克,0,—,103427
32082010,以丙烯酸聚合物为基本...,309,荷兰,93162,千克,0,—,673503
32082010,以丙烯酸聚合物为基本...,312,西班牙,22812,千克,0,—,164675
32082010,以丙烯酸聚合物为基本...,315,奥地利,33600,千克,0,—,234384
32082010,以丙烯酸聚合物为基本...,327,波兰,4455,千克,0,—,32452
32082020,以乙烯聚合物为基本成...,305,法国,1137,千克,0,—,5099
32082020,以乙烯聚合物为基本成...,309,荷兰,4480,千克,0,—,21842
32089010,聚氨酯化合物油漆及清...,305,法国,9058,千克,0,—,54327
32089010,聚氨酯化合物油漆及清...,307,意大利,4135,千克,0,—,39234
32089010,聚氨酯化合物油漆及清...,309,荷兰,15117,千克,0,—,149737
32089010,聚氨酯化合物油漆及清...,312,西班牙,14220,千克,0,—,68438
32089010,聚氨酯化合物油漆及清...,318,芬兰,4400,千克,0,—,24976
32089090,未列名溶于非水介质聚...,301,比利时,9797,千克,0,—,553390
32089090,未列名溶于非水介质聚...,305,法国,34209,千克,0,—,288127
32089090,未列名溶于非水介质聚...,306,爱尔兰,16980,千克,0,—,178917
32089090,未列名溶于非水介质聚...,307,意大利,19069,千克,0,—,178756
32089090,未列名溶于非水介质聚...,309,荷兰,83057,千克,0,—,537245
32089090,未列名溶于非水介质聚...,312,西班牙,3023,千克,0,—,22615
32089090,未列名溶于非水介质聚...,315,奥地利,30944,千克,0,—,334212
32089090,未列名溶于非水介质聚...,318,芬兰,7619,千克,0,—,21188
32089090,未列名溶于非水介质聚...,326,挪威,24,千克,0,—,129
32089090,未列名溶于非水介质聚...,327,波兰,272,千克,0,—,3531
32091000,丙烯酸或乙烯聚合物油...,301,比利时,6000,千克,0,—,43001
32091000,丙烯酸或乙烯聚合物油...,305,法国,47656,千克,0,—,164786
32091000,丙烯酸或乙烯聚合物油...,307,意大利,306440,千克,0,—,1463906
32091000,丙烯酸或乙烯聚合物油...,309,荷兰,71913,千克,0,—,600325
32091000,丙烯酸或乙烯聚合物油...,312,西班牙,80394,千克,0,—,258722
32091000,丙烯酸或乙烯聚合物油...,315,奥地利,150,千克,0,—,2503
32091000,丙烯酸或乙烯聚合物油...,318,芬兰,163736,千克,0,—,406059
32091000,丙烯酸或乙烯聚合物油...,326,挪威,14983,千克,0,—,44364
32091000,丙烯酸或乙烯聚合物油...,327,波兰,2290,千克,0,—,5684
32091000,丙烯酸或乙烯聚合物油...,429,墨西哥,49,千克,0,—,915
32091000,丙烯酸或乙烯聚合物油...,501,加拿大,44631,千克,0,—,142825
32099010,以环氧树脂为基本成分...,305,法国,50,千克,0,—,3095
32099010,以环氧树脂为基本成分...,307,意大利,11276,千克,0,—,62195
32099010,以环氧树脂为基本成分...,315,奥地利,36627,千克,0,—,630703
32099010,以环氧树脂为基本成分...,318,芬兰,661,千克,0,—,2940
32099010,以环氧树脂为基本成分...,326,挪威,16,千克,0,—,81
32099020,以氟树脂为基本成分的...,301,比利时,720,千克,0,—,31176
32099020,以氟树脂为基本成分的...,305,法国,5363,千克,0,—,82785
32099090,以未列名聚合物为基本...,305,法国,3398,千克,0,—,22942
32099090,以未列名聚合物为基本...,307,意大利,36355,千克,0,—,193371
32099090,以未列名聚合物为基本...,309,荷兰,185964,千克,0,—,1212689
32099090,以未列名聚合物为基本...,312,西班牙,880,千克,0,—,1714
32099090,以未列名聚合物为基本...,315,奥地利,25918,千克,0,—,201310
32099090,以未列名聚合物为基本...,429,墨西哥,12556,千克,0,—,56830
32099090,以未列名聚合物为基本...,501,加拿大,19,千克,0,—,999
32100000,其他油漆及清漆；加工...,301,比利时,987,千克,0,—,9366
32100000,其他油漆及清漆；加工...,305,法国,229,千克,0,—,28529
32100000,其他油漆及清漆；加工...,307,意大利,135761,千克,0,—,627454
32100000,其他油漆及清漆；加工...,309,荷兰,4560,千克,0,—,24896
32100000,其他油漆及清漆；加工...,312,西班牙,7600,千克,0,—,67606
32100000,其他油漆及清漆；加工...,315,奥地利,4002,千克,0,—,59488
32100000,其他油漆及清漆；加工...,327,波兰,15,千克,0,—,736
32100000,其他油漆及清漆；加工...,501,加拿大,136,千克,0,—,4047
32110000,配制的催干剂,137,土耳其,476,千克,0,—,1428
32110000,配制的催干剂,305,法国,9514,千克,0,—,121115
32110000,配制的催干剂,307,意大利,13977,千克,0,—,181081
32110000,配制的催干剂,309,荷兰,143,千克,0,—,2111
32110000,配制的催干剂,318,芬兰,2539,千克,0,—,17838
32110000,配制的催干剂,327,波兰,1942,千克,0,—,23704
32110000,配制的催干剂,501,加拿大,4087,千克,0,—,58281
32121000,压印箔,307,意大利,91,千克,0,—,20174
32121000,压印箔,501,加拿大,5,千克,0,—,14
32129000,制造油漆（含瓷漆）用...,127,巴基斯坦,300,千克,0,—,210
32129000,制造油漆（含瓷漆）用...,301,比利时,6776,千克,0,—,57649
32129000,制造油漆（含瓷漆）用...,305,法国,23071,千克,0,—,226784
32129000,制造油漆（含瓷漆）用...,307,意大利,144618,千克,0,—,952497
32129000,制造油漆（含瓷漆）用...,309,荷兰,5546,千克,0,—,73960
32129000,制造油漆（含瓷漆）用...,312,西班牙,14480,千克,0,—,227525
32129000,制造油漆（含瓷漆）用...,315,奥地利,2235,千克,0,—,27591
32129000,制造油漆（含瓷漆）用...,318,芬兰,696,千克,0,—,5746
32129000,制造油漆（含瓷漆）用...,321,匈牙利,0,千克,0,—,231
32129000,制造油漆（含瓷漆）用...,326,挪威,1211,千克,0,—,32350
32129000,制造油漆（含瓷漆）用...,327,波兰,1478,千克,0,—,32088
32129000,制造油漆（含瓷漆）用...,336,立陶宛,0,千克,0,—,22433
32129000,制造油漆（含瓷漆）用...,410,巴西,12,千克,0,—,486
32129000,制造油漆（含瓷漆）用...,429,墨西哥,873,千克,0,—,13175
32129000,制造油漆（含瓷漆）用...,501,加拿大,321,千克,0,—,8640
32131000,成套的颜料,305,法国,1703,千克,0,—,39403
32131000,成套的颜料,307,意大利,16302,千克,0,—,113406
32131000,成套的颜料,309,荷兰,3544,千克,0,—,137517
32131000,成套的颜料,312,西班牙,8,千克,0,—,1105
32131000,成套的颜料,321,匈牙利,65,千克,0,—,1609
32139000,其他颜料、调色料、文...,305,法国,12380,千克,0,—,157537
32139000,其他颜料、调色料、文...,307,意大利,16896,千克,0,—,71452
32139000,其他颜料、调色料、文...,309,荷兰,2173,千克,0,—,101757
32139000,其他颜料、调色料、文...,312,西班牙,11,千克,0,—,3781
32139000,其他颜料、调色料、文...,429,墨西哥,5132,千克,0,—,10743
32141010,封装半导体器件用树脂...,301,比利时,821,千克,0,—,15974
32141010,封装半导体器件用树脂...,501,加拿大,180,千克,0,—,3978
32141090,其他安装玻璃用油灰、...,137,土耳其,16914,千克,0,—,18712
32141090,其他安装玻璃用油灰、...,138,阿联酋,912,千克,0,—,26900
32141090,其他安装玻璃用油灰、...,244,南非,186,千克,0,—,15850
32141090,其他安装玻璃用油灰、...,301,比利时,85268,千克,0,—,590777
32141090,其他安装玻璃用油灰、...,305,法国,113233,千克,0,—,340506
32141090,其他安装玻璃用油灰、...,306,爱尔兰,694,千克,0,—,55778
32141090,其他安装玻璃用油灰、...,307,意大利,261219,千克,0,—,1222728
32141090,其他安装玻璃用油灰、...,309,荷兰,11328,千克,0,—,61769
32141090,其他安装玻璃用油灰、...,312,西班牙,11885,千克,0,—,28261
32141090,其他安装玻璃用油灰、...,315,奥地利,1297,千克,0,—,10537
32141090,其他安装玻璃用油灰、...,318,芬兰,728,千克,0,—,9262
32141090,其他安装玻璃用油灰、...,327,波兰,27943,千克,0,—,61631
32141090,其他安装玻璃用油灰、...,350,斯洛文尼亚,40,千克,0,—,406
32141090,其他安装玻璃用油灰、...,501,加拿大,10697,千克,0,—,269657
32149000,非耐火涂面制剂，涂门...,301,比利时,720,千克,0,—,2890
32149000,非耐火涂面制剂，涂门...,305,法国,782,千克,0,—,27655
32149000,非耐火涂面制剂，涂门...,307,意大利,19039,千克,0,—,44506
32149000,非耐火涂面制剂，涂门...,309,荷兰,5836,千克,0,—,56007
32149000,非耐火涂面制剂，涂门...,327,波兰,11479,千克,0,—,25225
32149000,非耐火涂面制剂，涂门...,501,加拿大,16,千克,0,—,1584
32151100,黑色印刷油墨,129,菲律宾,1,千克,0,—,116
32151100,黑色印刷油墨,244,南非,36,千克,0,—,1920
32151100,黑色印刷油墨,301,比利时,4020,千克,0,—,97427
32151100,黑色印刷油墨,305,法国,8320,千克,0,—,394966
32151100,黑色印刷油墨,306,爱尔兰,20,千克,0,—,6612
32151100,黑色印刷油墨,307,意大利,1721,千克,0,—,24797
32151100,黑色印刷油墨,309,荷兰,1204,千克,0,—,50379
32151100,黑色印刷油墨,312,西班牙,1208,千克,0,—,17549
32151100,黑色印刷油墨,415,哥斯达黎加,11,千克,0,—,8354
32151100,黑色印刷油墨,429,墨西哥,1597,千克,0,—,13799
32151900,其他印刷油墨,129,菲律宾,2,千克,0,—,203
32151900,其他印刷油墨,137,土耳其,100,千克,0,—,880
32151900,其他印刷油墨,138,阿联酋,1,千克,0,—,66
32151900,其他印刷油墨,244,南非,777,千克,0,—,25165
32151900,其他印刷油墨,301,比利时,28331,千克,0,—,725438
32151900,其他印刷油墨,305,法国,7027,千克,0,—,289225
32151900,其他印刷油墨,306,爱尔兰,0,千克,0,—,296
32151900,其他印刷油墨,307,意大利,2097,千克,0,—,32996
32151900,其他印刷油墨,309,荷兰,25,千克,0,—,7719
32151900,其他印刷油墨,312,西班牙,12172,千克,0,—,82982
32151900,其他印刷油墨,415,哥斯达黎加,446,千克,0,—,12541
32151900,其他印刷油墨,429,墨西哥,5539,千克,0,—,91635
32159010,书写墨水,305,法国,5015,千克,0,—,47365
32159010,书写墨水,307,意大利,3953,千克,0,—,18854
32159010,书写墨水,312,西班牙,1,千克,0,—,57
32159010,书写墨水,315,奥地利,1846,千克,0,—,12105
32159010,书写墨水,429,墨西哥,120,千克,0,—,370
32159020,水性喷墨墨水,129,菲律宾,48361,千克,0,—,953757
32159020,水性喷墨墨水,301,比利时,92,千克,0,—,1944
32159020,水性喷墨墨水,307,意大利,525,千克,0,—,5112
32159020,水性喷墨墨水,309,荷兰,37841,千克,0,—,839459
32159020,水性喷墨墨水,415,哥斯达黎加,27,千克,0,—,2251
32159090,其他绘图墨水及其他墨...,129,菲律宾,3357,千克,0,—,164815
32159090,其他绘图墨水及其他墨...,305,法国,1084,千克,0,—,17254
32159090,其他绘图墨水及其他墨...,306,爱尔兰,1864,千克,0,—,82642
32159090,其他绘图墨水及其他墨...,307,意大利,11882,千克,0,—,217470
32159090,其他绘图墨水及其他墨...,309,荷兰,9,千克,0,—,3577
32159090,其他绘图墨水及其他墨...,312,西班牙,14830,千克,0,—,49308
32159090,其他绘图墨水及其他墨...,315,奥地利,9664,千克,0,—,104678
32159090,其他绘图墨水及其他墨...,614,汤加,0,千克,0,—,97
33011200,橙油,244,南非,1800,千克,0,—,5760
33011200,橙油,305,法国,578,千克,0,—,64559
33011200,橙油,306,爱尔兰,3363,千克,0,—,59232
33011200,橙油,307,意大利,3055,千克,0,—,54053
33011200,橙油,410,巴西,163519,千克,0,—,940445
33011200,橙油,429,墨西哥,240,千克,0,—,14288
33011300,柠檬油,244,南非,12420,千克,0,—,94624
33011300,柠檬油,305,法国,3126,千克,0,—,74658
33011300,柠檬油,307,意大利,57073,千克,0,—,970254
33011300,柠檬油,312,西班牙,360,千克,0,—,6361
33011300,柠檬油,410,巴西,2106,千克,0,—,22573
33011300,柠檬油,429,墨西哥,150,千克,0,—,2422
33011910,白柠檬油（酸橙油）,307,意大利,415,千克,0,—,7507
33011910,白柠檬油（酸橙油）,410,巴西,75,千克,0,—,4485
33011910,白柠檬油（酸橙油）,429,墨西哥,8349,千克,0,—,350913
33011910,白柠檬油（酸橙油）,501,加拿大,13,千克,0,—,2554
33011990,其他柑桔属果实精油,244,南非,3790,千克,0,—,45535
33011990,其他柑桔属果实精油,305,法国,446,千克,0,—,21062
33011990,其他柑桔属果实精油,307,意大利,4116,千克,0,—,204067
33011990,其他柑桔属果实精油,312,西班牙,403,千克,0,—,8013
33011990,其他柑桔属果实精油,410,巴西,1100,千克,0,—,69173
33012400,胡椒薄荷油,305,法国,114,千克,0,—,12680
33012500,其他薄荷油,305,法国,5,千克,0,—,676
33012930,茴香油,305,法国,360,千克,0,—,19467
33012930,茴香油,315,奥地利,1,千克,0,—,42
33012940,桂油,305,法国,15,千克,0,—,3268
33012960,桉叶油,244,南非,25,千克,0,—,2131
33012960,桉叶油,305,法国,2,千克,0,—,246
33012960,桉叶油,312,西班牙,400,千克,0,—,15600
33012960,桉叶油,410,巴西,180,千克,0,—,3069
33012991,老鹳草油（香叶油）,227,马达加斯加,2,千克,0,—,1467
33012991,老鹳草油（香叶油）,305,法国,54,千克,0,—,14681
33012999,未列名非柑桔属果实精...,137,土耳其,27,千克,0,—,7819
33012999,未列名非柑桔属果实精...,224,肯尼亚,10,千克,0,—,1242
33012999,未列名非柑桔属果实精...,227,马达加斯加,223,千克,0,—,20885
33012999,未列名非柑桔属果实精...,244,南非,1283,千克,0,—,80524
33012999,未列名非柑桔属果实精...,301,比利时,0,千克,0,—,2247
33012999,未列名非柑桔属果实精...,305,法国,7619,千克,0,—,892994
33012999,未列名非柑桔属果实精...,307,意大利,18,千克,0,—,5416
33012999,未列名非柑桔属果实精...,309,荷兰,120,千克,0,—,28294
33012999,未列名非柑桔属果实精...,310,希腊,11,千克,0,—,9399
33012999,未列名非柑桔属果实精...,312,西班牙,6459,千克,0,—,352527
33012999,未列名非柑桔属果实精...,313,阿尔巴尼亚,2,千克,0,—,643
33012999,未列名非柑桔属果实精...,315,奥地利,834,千克,0,—,40220
33012999,未列名非柑桔属果实精...,316,保加利亚,417,千克,0,—,99515
33012999,未列名非柑桔属果实精...,318,芬兰,2,千克,0,—,351
33012999,未列名非柑桔属果实精...,321,匈牙利,56,千克,0,—,3574
33012999,未列名非柑桔属果实精...,327,波兰,0,千克,0,—,86
33012999,未列名非柑桔属果实精...,410,巴西,245,千克,0,—,13860
33012999,未列名非柑桔属果实精...,427,牙买加,1,千克,0,—,97
33012999,未列名非柑桔属果实精...,429,墨西哥,700,千克,0,—,24903
33012999,未列名非柑桔属果实精...,501,加拿大,171,千克,0,—,29122
33013010,鸢尾凝脂,305,法国,2,千克,0,—,14581
33013090,其他香膏,305,法国,230,千克,0,—,45196
33013090,其他香膏,307,意大利,0,千克,0,—,122
33013090,其他香膏,309,荷兰,1,千克,0,—,12
33013090,其他香膏,312,西班牙,20,千克,0,—,2420
33013090,其他香膏,410,巴西,25,千克,0,—,725
33019010,提取的油树脂,305,法国,358,千克,0,—,38897
33019010,提取的油树脂,312,西班牙,11,千克,0,—,1476
33019010,提取的油树脂,410,巴西,82,千克,0,—,2056
33019010,提取的油树脂,501,加拿大,100,千克,0,—,32580
33019020,柑桔属果实的精油脱萜...,306,爱尔兰,1400,千克,0,—,11874
33019020,柑桔属果实的精油脱萜...,307,意大利,175,千克,0,—,2328
33019020,柑桔属果实的精油脱萜...,309,荷兰,0,千克,0,—,7
33019020,柑桔属果实的精油脱萜...,410,巴西,30,千克,0,—,594
33019020,柑桔属果实的精油脱萜...,429,墨西哥,2,千克,0,—,115
33019090,含浓缩精油的制品；其...,137,土耳其,1937,千克,0,—,30413
33019090,含浓缩精油的制品；其...,305,法国,3225,千克,0,—,26062
33019090,含浓缩精油的制品；其...,307,意大利,26,千克,0,—,309
33019090,含浓缩精油的制品；其...,312,西班牙,10,千克,0,—,581
33019090,含浓缩精油的制品；其...,316,保加利亚,75574,千克,0,—,322934
33019090,含浓缩精油的制品；其...,327,波兰,6,千克,0,—,821
33019090,含浓缩精油的制品；其...,410,巴西,504,千克,0,—,14941
33021010,酒精浓度≤0.5%以...,305,法国,101,千克,0,—,5258
33021010,酒精浓度≤0.5%以...,306,爱尔兰,89773,千克,0,—,2143713
33021010,酒精浓度≤0.5%以...,307,意大利,4896,千克,0,—,21906
33021010,酒精浓度≤0.5%以...,309,荷兰,0,千克,0,—,10
33021010,酒精浓度≤0.5%以...,410,巴西,22076,千克,0,—,238915
33021090,其他食品饮料工业用混...,137,土耳其,60,千克,0,—,1764
33021090,其他食品饮料工业用混...,227,马达加斯加,5,千克,0,—,505
33021090,其他食品饮料工业用混...,244,南非,100,千克,0,—,8031
33021090,其他食品饮料工业用混...,301,比利时,5500,千克,0,—,57764
33021090,其他食品饮料工业用混...,305,法国,34390,千克,0,—,748001
33021090,其他食品饮料工业用混...,306,爱尔兰,5614,千克,0,—,189257
33021090,其他食品饮料工业用混...,307,意大利,10090,千克,0,—,170923
33021090,其他食品饮料工业用混...,309,荷兰,13972,千克,0,—,1112848
33021090,其他食品饮料工业用混...,312,西班牙,1847,千克,0,—,40461
33021090,其他食品饮料工业用混...,321,匈牙利,16856,千克,0,—,321195
33021090,其他食品饮料工业用混...,326,挪威,1800,千克,0,—,50352
33021090,其他食品饮料工业用混...,350,斯洛文尼亚,6561,千克,0,—,188108
33021090,其他食品饮料工业用混...,410,巴西,76724,千克,0,—,836462
33021090,其他食品饮料工业用混...,429,墨西哥,800,千克,0,—,20935
33029000,其他工业用混合香料及...,137,土耳其,370,千克,0,—,19392
33029000,其他工业用混合香料及...,138,阿联酋,40,千克,0,—,5186
33029000,其他工业用混合香料及...,224,肯尼亚,20,千克,0,—,601
33029000,其他工业用混合香料及...,227,马达加斯加,50,千克,0,—,1774
33029000,其他工业用混合香料及...,301,比利时,2,千克,0,—,156
33029000,其他工业用混合香料及...,305,法国,24177,千克,0,—,1264470
33029000,其他工业用混合香料及...,306,爱尔兰,20,千克,0,—,512
33029000,其他工业用混合香料及...,307,意大利,1817,千克,0,—,36755
33029000,其他工业用混合香料及...,309,荷兰,509,千克,0,—,13673
33029000,其他工业用混合香料及...,312,西班牙,6205,千克,0,—,391337
33029000,其他工业用混合香料及...,326,挪威,1,千克,0,—,72
33029000,其他工业用混合香料及...,327,波兰,1,千克,0,—,55
33029000,其他工业用混合香料及...,410,巴西,132,千克,0,—,5998
33029000,其他工业用混合香料及...,429,墨西哥,5027,千克,0,—,49795
33030000,香水及花露水,137,土耳其,1984,千克,29370,件,80478
33030000,香水及花露水,138,阿联酋,303,千克,1296,件,12219
33030000,香水及花露水,301,比利时,14,千克,251,件,19502
33030000,香水及花露水,305,法国,84699,千克,3218228,件,45451463
33030000,香水及花露水,307,意大利,24038,千克,825499,件,11325006
33030000,香水及花露水,309,荷兰,156,千克,1897,件,81011
33030000,香水及花露水,310,希腊,204,千克,4080,件,13133
33030000,香水及花露水,312,西班牙,30848,千克,491867,件,5933458
33030000,香水及花露水,327,波兰,5,千克,49,件,408
33030000,香水及花露水,429,墨西哥,71,千克,300,件,2415
33030000,香水及花露水,501,加拿大,29,千克,1687,件,14863
33041000,唇用化妆品,137,土耳其,0,千克,6,件,47
33041000,唇用化妆品,301,比利时,4430,千克,616559,件,3832048
33041000,唇用化妆品,305,法国,22580,千克,5920396,件,57210429
33041000,唇用化妆品,306,爱尔兰,0,千克,3,件,33
33041000,唇用化妆品,307,意大利,9156,千克,963296,件,5679261
33041000,唇用化妆品,309,荷兰,21,千克,260,件,3685
33041000,唇用化妆品,310,希腊,10,千克,2250,件,19290
33041000,唇用化妆品,312,西班牙,0,千克,7,件,172
33041000,唇用化妆品,316,保加利亚,1,千克,126,件,225
33041000,唇用化妆品,327,波兰,0,千克,51,件,1195
33041000,唇用化妆品,336,立陶宛,2,千克,432,件,1282
33041000,唇用化妆品,429,墨西哥,0,千克,32,件,7
33041000,唇用化妆品,446,英属维尔京群岛,0,千克,11,件,49
33041000,唇用化妆品,501,加拿大,1347,千克,294581,件,1308900
33042000,眼用化妆品,137,土耳其,0,千克,4,件,86
33042000,眼用化妆品,301,比利时,575,千克,3346,件,115031
33042000,眼用化妆品,305,法国,5736,千克,1067028,件,3589496
33042000,眼用化妆品,306,爱尔兰,3,千克,16,件,192
33042000,眼用化妆品,307,意大利,4453,千克,211683,件,2540591
33042000,眼用化妆品,309,荷兰,1,千克,220,件,6839
33042000,眼用化妆品,310,希腊,0,千克,1,件,34
33042000,眼用化妆品,312,西班牙,36,千克,21074,件,75215
33042000,眼用化妆品,314,安道尔,0,千克,1,件,29
33042000,眼用化妆品,315,奥地利,0,千克,12,件,31
33042000,眼用化妆品,316,保加利亚,1,千克,48,件,314
33042000,眼用化妆品,318,芬兰,0,千克,1,件,30
33042000,眼用化妆品,327,波兰,43,千克,4376,件,13193
33042000,眼用化妆品,410,巴西,0,千克,7,件,25
33042000,眼用化妆品,429,墨西哥,208,千克,49121,件,194236
33042000,眼用化妆品,446,英属维尔京群岛,1,千克,618,件,1933
33042000,眼用化妆品,501,加拿大,856,千克,128200,件,317033
33043000,指（趾）甲化妆品,305,法国,638,千克,27422,件,181254
33043000,指（趾）甲化妆品,307,意大利,28051,千克,459072,件,192603
33043000,指（趾）甲化妆品,309,荷兰,0,千克,1,件,44
33043000,指（趾）甲化妆品,312,西班牙,10,千克,3856,件,16390
33043000,指（趾）甲化妆品,327,波兰,0,千克,12,件,127
33043000,指（趾）甲化妆品,501,加拿大,3,千克,211,件,3232
33049100,粉，不论是否压紧,137,土耳其,0,千克,2,件,22
33049100,粉，不论是否压紧,301,比利时,10,千克,354,件,7492
33049100,粉，不论是否压紧,305,法国,5720,千克,438406,件,6188945
33049100,粉，不论是否压紧,306,爱尔兰,10,千克,747,件,4481
33049100,粉，不论是否压紧,307,意大利,14114,千克,1043040,件,16290184
33049100,粉，不论是否压紧,309,荷兰,2,千克,15,件,808
33049100,粉，不论是否压紧,312,西班牙,2,千克,19,件,82
33049100,粉，不论是否压紧,315,奥地利,1,千克,6,件,50
33049100,粉，不论是否压紧,327,波兰,83,千克,15070,件,118778
33049100,粉，不论是否压紧,446,英属维尔京群岛,0,千克,5,件,55
33049100,粉，不论是否压紧,501,加拿大,2609,千克,154868,件,1574166
33049900,其他美容品或化妆品及...,109,朝鲜,2,千克,86,件,340
33049900,其他美容品或化妆品及...,118,科威特,1,千克,3,件,30
33049900,其他美容品或化妆品及...,127,巴基斯坦,1,千克,6,件,344
33049900,其他美容品或化妆品及...,129,菲律宾,112,千克,1886,件,8598
33049900,其他美容品或化妆品及...,137,土耳其,10730,千克,67207,件,239990
33049900,其他美容品或化妆品及...,138,阿联酋,366,千克,515,件,1655
33049900,其他美容品或化妆品及...,219,冈比亚,3,千克,30,件,223
33049900,其他美容品或化妆品及...,220,加纳,5,千克,12,件,246
33049900,其他美容品或化妆品及...,224,肯尼亚,1,千克,2,件,10
33049900,其他美容品或化妆品及...,244,南非,19016,千克,220616,件,299639
33049900,其他美容品或化妆品及...,250,乌干达,4,千克,26,件,1127
33049900,其他美容品或化妆品及...,301,比利时,67716,千克,1959389,件,21675140
33049900,其他美容品或化妆品及...,305,法国,2496730,千克,53912982,件,313545550
33049900,其他美容品或化妆品及...,306,爱尔兰,660,千克,5995,件,22290
33049900,其他美容品或化妆品及...,307,意大利,52411,千克,2178868,件,6699003
33049900,其他美容品或化妆品及...,309,荷兰,9879,千克,159048,件,2634815
33049900,其他美容品或化妆品及...,310,希腊,12449,千克,230489,件,4331300
33049900,其他美容品或化妆品及...,312,西班牙,260507,千克,2444045,件,14001176
33049900,其他美容品或化妆品及...,313,阿尔巴尼亚,0,千克,1,件,45
33049900,其他美容品或化妆品及...,315,奥地利,128,千克,1616,件,60375
33049900,其他美容品或化妆品及...,316,保加利亚,8966,千克,84504,件,196527
33049900,其他美容品或化妆品及...,318,芬兰,25,千克,176,件,1192
33049900,其他美容品或化妆品及...,321,匈牙利,279,千克,7185,件,132587
33049900,其他美容品或化妆品及...,326,挪威,0,千克,1,件,39
33049900,其他美容品或化妆品及...,327,波兰,111713,千克,994996,件,4150492
33049900,其他美容品或化妆品及...,336,立陶宛,23,千克,400,件,2483
33049900,其他美容品或化妆品及...,340,白俄罗斯,0,千克,1,件,32
33049900,其他美容品或化妆品及...,350,斯洛文尼亚,0,千克,2,件,26
33049900,其他美容品或化妆品及...,429,墨西哥,881,千克,2341,件,68418
33049900,其他美容品或化妆品及...,446,英属维尔京群岛,12,千克,63,件,365
33049900,其他美容品或化妆品及...,501,加拿大,860778,千克,5451539,件,19017616
33051000,洗发剂（香波）,129,菲律宾,983,千克,0,—,7643
33051000,洗发剂（香波）,137,土耳其,22762,千克,0,—,138212
33051000,洗发剂（香波）,138,阿联酋,0,千克,0,—,21
33051000,洗发剂（香波）,301,比利时,122,千克,0,—,1567
33051000,洗发剂（香波）,305,法国,250278,千克,0,—,4992088
33051000,洗发剂（香波）,306,爱尔兰,0,千克,0,—,23
33051000,洗发剂（香波）,307,意大利,31944,千克,0,—,990463
33051000,洗发剂（香波）,309,荷兰,183,千克,0,—,2299
33051000,洗发剂（香波）,310,希腊,1497,千克,0,—,46752
33051000,洗发剂（香波）,312,西班牙,201596,千克,0,—,2642573
33051000,洗发剂（香波）,314,安道尔,1,千克,0,—,14
33051000,洗发剂（香波）,315,奥地利,1,千克,0,—,86
33051000,洗发剂（香波）,316,保加利亚,0,千克,0,—,50
33051000,洗发剂（香波）,321,匈牙利,815,千克,0,—,10468
33051000,洗发剂（香波）,327,波兰,8537,千克,0,—,225855
33051000,洗发剂（香波）,429,墨西哥,440,千克,0,—,7844
33051000,洗发剂（香波）,446,英属维尔京群岛,11,千克,0,—,364
33051000,洗发剂（香波）,501,加拿大,12084,千克,0,—,116820
33052000,烫发剂,305,法国,51,千克,0,—,2576
33052000,烫发剂,307,意大利,57,千克,0,—,2803
33052000,烫发剂,312,西班牙,7,千克,0,—,293
33052000,烫发剂,326,挪威,1,千克,0,—,26
33052000,烫发剂,501,加拿大,0,千克,0,—,11
33053000,定型剂,305,法国,13168,千克,0,—,85116
33053000,定型剂,307,意大利,27,千克,0,—,1869
33053000,定型剂,309,荷兰,21,千克,0,—,317
33053000,定型剂,312,西班牙,971,千克,0,—,6403
33053000,定型剂,321,匈牙利,6677,千克,0,—,30757
33053000,定型剂,350,斯洛文尼亚,9,千克,0,—,65
33053000,定型剂,429,墨西哥,13263,千克,0,—,90523
33053000,定型剂,501,加拿大,2,千克,0,—,126
33059000,其他护发品,129,菲律宾,253,千克,0,—,2263
33059000,其他护发品,137,土耳其,0,千克,0,—,53
33059000,其他护发品,138,阿联酋,0,千克,0,—,35
33059000,其他护发品,301,比利时,47,千克,0,—,1208
33059000,其他护发品,305,法国,90786,千克,0,—,2969779
33059000,其他护发品,307,意大利,46736,千克,0,—,1687858
33059000,其他护发品,309,荷兰,44,千克,0,—,2905
33059000,其他护发品,310,希腊,493,千克,0,—,51924
33059000,其他护发品,312,西班牙,126835,千克,0,—,3181070
33059000,其他护发品,314,安道尔,0,千克,0,—,56
33059000,其他护发品,321,匈牙利,2291,千克,0,—,44750
33059000,其他护发品,327,波兰,460,千克,0,—,109764
33059000,其他护发品,350,斯洛文尼亚,2222,千克,0,—,63876
33059000,其他护发品,410,巴西,86,千克,0,—,2093
33059000,其他护发品,429,墨西哥,379,千克,0,—,24191
33059000,其他护发品,446,英属维尔京群岛,4,千克,0,—,91
33059000,其他护发品,501,加拿大,3535,千克,0,—,218083
33061010,牙膏,244,南非,160,千克,0,—,3444
33061010,牙膏,305,法国,4785,千克,0,—,133198
33061010,牙膏,306,爱尔兰,549,千克,0,—,8631
33061010,牙膏,307,意大利,37567,千克,0,—,3643573
33061010,牙膏,309,荷兰,21,千克,0,—,366
33061010,牙膏,312,西班牙,5277,千克,0,—,71248
33061010,牙膏,315,奥地利,0,千克,0,—,1
33061010,牙膏,321,匈牙利,3,千克,0,—,94
33061010,牙膏,326,挪威,1,千克,0,—,47
33061010,牙膏,327,波兰,116292,千克,0,—,928054
33061010,牙膏,336,立陶宛,1857,千克,0,—,25696
33061010,牙膏,429,墨西哥,22459,千克,0,—,149449
33061010,牙膏,617,萨摩亚,0,千克,0,—,19
33061090,其他洁齿品,138,阿联酋,1,千克,0,—,23
33061090,其他洁齿品,305,法国,1171,千克,0,—,68867
33061090,其他洁齿品,306,爱尔兰,45372,千克,0,—,445257
33061090,其他洁齿品,307,意大利,507,千克,0,—,80813
33061090,其他洁齿品,309,荷兰,308,千克,0,—,6497
33061090,其他洁齿品,312,西班牙,5552,千克,0,—,14194
33061090,其他洁齿品,501,加拿大,2,千克,0,—,423
33062000,清洁牙缝用纱线（牙线...,306,爱尔兰,4108,千克,0,—,80382
33062000,清洁牙缝用纱线（牙线...,307,意大利,60,千克,0,—,4486
33062000,清洁牙缝用纱线（牙线...,429,墨西哥,0,千克,0,—,45
33062000,清洁牙缝用纱线（牙线...,501,加拿大,0,千克,0,—,9
33069010,漱口剂,108,塞浦路斯,0,千克,0,—,22
33069010,漱口剂,307,意大利,4310,千克,0,—,34814
33069010,漱口剂,312,西班牙,3559,千克,0,—,17178
33069010,漱口剂,501,加拿大,36,千克,0,—,1039
33069090,其他口腔清洁剂，包括...,305,法国,38,千克,0,—,8871
33069090,其他口腔清洁剂，包括...,306,爱尔兰,0,千克,0,—,9
33069090,其他口腔清洁剂，包括...,307,意大利,523,千克,0,—,38229
33071000,剃须用制剂,301,比利时,156,千克,0,—,4367
33071000,剃须用制剂,305,法国,1696,千克,0,—,101517
33071000,剃须用制剂,307,意大利,52,千克,0,—,2919
33071000,剃须用制剂,309,荷兰,13,千克,0,—,1018
33071000,剃须用制剂,312,西班牙,9,千克,0,—,518
33071000,剃须用制剂,327,波兰,0,千克,0,—,14
33072000,人体除臭剂及止汗剂,129,菲律宾,5804,千克,0,—,37749
33072000,人体除臭剂及止汗剂,305,法国,2927,千克,0,—,341324
33072000,人体除臭剂及止汗剂,307,意大利,42,千克,0,—,3525
33072000,人体除臭剂及止汗剂,309,荷兰,49,千克,0,—,3798
33072000,人体除臭剂及止汗剂,312,西班牙,3747,千克,0,—,17625
33072000,人体除臭剂及止汗剂,315,奥地利,0,千克,0,—,6
33072000,人体除臭剂及止汗剂,327,波兰,0,千克,0,—,84
33072000,人体除臭剂及止汗剂,501,加拿大,2,千克,0,—,73
33073000,香浴盐及其他泡澡用制...,137,土耳其,1,千克,0,—,25
33073000,香浴盐及其他泡澡用制...,301,比利时,931,千克,0,—,11164
33073000,香浴盐及其他泡澡用制...,305,法国,43755,千克,0,—,306455
33073000,香浴盐及其他泡澡用制...,306,爱尔兰,2,千克,0,—,54
33073000,香浴盐及其他泡澡用制...,307,意大利,3701,千克,0,—,23059
33073000,香浴盐及其他泡澡用制...,309,荷兰,2849,千克,0,—,49734
33073000,香浴盐及其他泡澡用制...,310,希腊,3,千克,0,—,67
33073000,香浴盐及其他泡澡用制...,312,西班牙,18,千克,0,—,443
33073000,香浴盐及其他泡澡用制...,315,奥地利,3,千克,0,—,11
33073000,香浴盐及其他泡澡用制...,321,匈牙利,69,千克,0,—,1886
33073000,香浴盐及其他泡澡用制...,327,波兰,17,千克,0,—,183
33073000,香浴盐及其他泡澡用制...,429,墨西哥,19,千克,0,—,397
33073000,香浴盐及其他泡澡用制...,501,加拿大,1518,千克,0,—,19073
33074100,神香及其他室内通过燃...,305,法国,32,千克,0,—,2689
33074100,神香及其他室内通过燃...,307,意大利,18,千克,0,—,2540
33074100,神香及其他室内通过燃...,309,荷兰,76,千克,0,—,3104
33074100,神香及其他室内通过燃...,312,西班牙,2,千克,0,—,43
33074900,室内除臭制品,137,土耳其,3142,千克,0,—,18186
33074900,室内除臭制品,301,比利时,2,千克,0,—,87
33074900,室内除臭制品,305,法国,14261,千克,0,—,729118
33074900,室内除臭制品,307,意大利,33205,千克,0,—,937305
33074900,室内除臭制品,309,荷兰,3560,千克,0,—,254844
33074900,室内除臭制品,312,西班牙,9925,千克,0,—,216764
33074900,室内除臭制品,314,安道尔,2,千克,0,—,381
33074900,室内除臭制品,315,奥地利,77,千克,0,—,12298
33074900,室内除臭制品,316,保加利亚,4504,千克,0,—,171441
33074900,室内除臭制品,321,匈牙利,78,千克,0,—,708
33074900,室内除臭制品,327,波兰,610,千克,0,—,28865
33074900,室内除臭制品,429,墨西哥,1134,千克,0,—,30950
33074900,室内除臭制品,501,加拿大,76,千克,0,—,5185
33079000,脱毛剂和未列名的芳香...,137,土耳其,3374,千克,0,—,5090
33079000,脱毛剂和未列名的芳香...,301,比利时,41,千克,0,—,1802
33079000,脱毛剂和未列名的芳香...,305,法国,101856,千克,0,—,2922215
33079000,脱毛剂和未列名的芳香...,306,爱尔兰,6971,千克,0,—,21773
33079000,脱毛剂和未列名的芳香...,307,意大利,89488,千克,0,—,855372
33079000,脱毛剂和未列名的芳香...,309,荷兰,854,千克,0,—,74544
33079000,脱毛剂和未列名的芳香...,310,希腊,56,千克,0,—,4620
33079000,脱毛剂和未列名的芳香...,312,西班牙,62440,千克,0,—,1060701
33079000,脱毛剂和未列名的芳香...,315,奥地利,11,千克,0,—,1189
33079000,脱毛剂和未列名的芳香...,316,保加利亚,456,千克,0,—,2762
33079000,脱毛剂和未列名的芳香...,318,芬兰,1901,千克,0,—,260777
33079000,脱毛剂和未列名的芳香...,321,匈牙利,19,千克,0,—,273
33079000,脱毛剂和未列名的芳香...,327,波兰,3010,千克,0,—,20472
33079000,脱毛剂和未列名的芳香...,415,哥斯达黎加,2175,千克,0,—,52200
33079000,脱毛剂和未列名的芳香...,501,加拿大,6648,千克,0,—,121309
34011100,盥洗用条块状肥皂及有...,129,菲律宾,113,千克,0,—,1401
34011100,盥洗用条块状肥皂及有...,137,土耳其,10,千克,0,—,47
34011100,盥洗用条块状肥皂及有...,138,阿联酋,0,千克,0,—,32
34011100,盥洗用条块状肥皂及有...,220,加纳,686,千克,0,—,3551
34011100,盥洗用条块状肥皂及有...,305,法国,22016,千克,0,—,766336
34011100,盥洗用条块状肥皂及有...,306,爱尔兰,12,千克,0,—,98
34011100,盥洗用条块状肥皂及有...,307,意大利,7570,千克,0,—,80030
34011100,盥洗用条块状肥皂及有...,309,荷兰,9,千克,0,—,213
34011100,盥洗用条块状肥皂及有...,310,希腊,1,千克,0,—,47
34011100,盥洗用条块状肥皂及有...,312,西班牙,3802,千克,0,—,11152
34011100,盥洗用条块状肥皂及有...,327,波兰,916,千克,0,—,13535
34011100,盥洗用条块状肥皂及有...,429,墨西哥,210,千克,0,—,168
34011100,盥洗用条块状肥皂及有...,501,加拿大,14,千克,0,—,159
34011910,洗衣皂（条状、块状或...,129,菲律宾,28,千克,0,—,163
34011910,洗衣皂（条状、块状或...,305,法国,0,千克,0,—,14
34011910,洗衣皂（条状、块状或...,307,意大利,205133,千克,0,—,545927
34011910,洗衣皂（条状、块状或...,312,西班牙,1908,千克,0,—,4547
34011990,未列名条块状肥皂及有...,137,土耳其,1157,千克,0,—,16669
34011990,未列名条块状肥皂及有...,301,比利时,5,千克,0,—,215
34011990,未列名条块状肥皂及有...,305,法国,4963,千克,0,—,95613
34011990,未列名条块状肥皂及有...,306,爱尔兰,312,千克,0,—,4802
34011990,未列名条块状肥皂及有...,307,意大利,9978,千克,0,—,172832
34011990,未列名条块状肥皂及有...,312,西班牙,0,千克,0,—,6
34011990,未列名条块状肥皂及有...,315,奥地利,1,千克,0,—,313
34011990,未列名条块状肥皂及有...,327,波兰,4,千克,0,—,160
34011990,未列名条块状肥皂及有...,429,墨西哥,55,千克,0,—,979
34011990,未列名条块状肥皂及有...,501,加拿大,5950,千克,0,—,29298
34012000,其他形状的肥皂,301,比利时,8000,千克,0,—,17691
34012000,其他形状的肥皂,305,法国,3512,千克,0,—,69170
34012000,其他形状的肥皂,307,意大利,470835,千克,0,—,482159
34012000,其他形状的肥皂,312,西班牙,640,千克,0,—,1520
34012000,其他形状的肥皂,327,波兰,480,千克,0,—,720
34013000,洁肤用有机表面活性产...,129,菲律宾,120,千克,0,—,1664
34013000,洁肤用有机表面活性产...,137,土耳其,60,千克,0,—,957
34013000,洁肤用有机表面活性产...,220,加纳,1,千克,0,—,9
34013000,洁肤用有机表面活性产...,301,比利时,60681,千克,0,—,6010809
34013000,洁肤用有机表面活性产...,305,法国,1492074,千克,0,—,22594564
34013000,洁肤用有机表面活性产...,307,意大利,293973,千克,0,—,1449539
34013000,洁肤用有机表面活性产...,309,荷兰,12004,千克,0,—,102446
34013000,洁肤用有机表面活性产...,310,希腊,18339,千克,0,—,1345452
34013000,洁肤用有机表面活性产...,312,西班牙,136120,千克,0,—,545103
34013000,洁肤用有机表面活性产...,314,安道尔,4,千克,0,—,56
34013000,洁肤用有机表面活性产...,315,奥地利,0,千克,0,—,27
34013000,洁肤用有机表面活性产...,316,保加利亚,212,千克,0,—,3640
34013000,洁肤用有机表面活性产...,321,匈牙利,55,千克,0,—,22742
34013000,洁肤用有机表面活性产...,327,波兰,11357,千克,0,—,131629
34013000,洁肤用有机表面活性产...,429,墨西哥,3,千克,0,—,144
34013000,洁肤用有机表面活性产...,446,英属维尔京群岛,0,千克,0,—,13
34013000,洁肤用有机表面活性产...,501,加拿大,28524,千克,0,—,412086
34021100,阴离子型有机表面活性...,129,菲律宾,34000,千克,0,—,35020
34021100,阴离子型有机表面活性...,301,比利时,480,千克,0,—,2840
34021100,阴离子型有机表面活性...,305,法国,53687,千克,0,—,207841
34021100,阴离子型有机表面活性...,307,意大利,59091,千克,0,—,207839
34021100,阴离子型有机表面活性...,309,荷兰,72020,千克,0,—,321750
34021100,阴离子型有机表面活性...,312,西班牙,153107,千克,0,—,379897
34021100,阴离子型有机表面活性...,327,波兰,23261,千克,0,—,69598
34021200,阳离子型有机表面活性...,129,菲律宾,32000,千克,0,—,57920
34021200,阳离子型有机表面活性...,305,法国,486,千克,0,—,4977
34021200,阳离子型有机表面活性...,307,意大利,2400,千克,0,—,42608
34021200,阳离子型有机表面活性...,312,西班牙,6001,千克,0,—,17519
34021200,阳离子型有机表面活性...,429,墨西哥,3,千克,0,—,620
34021200,阳离子型有机表面活性...,501,加拿大,282,千克,0,—,9579
34021300,非离子型有机表面活性...,129,菲律宾,45400,千克,0,—,83834
34021300,非离子型有机表面活性...,137,土耳其,5,千克,0,—,114
34021300,非离子型有机表面活性...,301,比利时,69022,千克,0,—,196116
34021300,非离子型有机表面活性...,305,法国,209370,千克,0,—,1689905
34021300,非离子型有机表面活性...,307,意大利,157842,千克,0,—,870510
34021300,非离子型有机表面活性...,309,荷兰,221196,千克,0,—,590751
34021300,非离子型有机表面活性...,312,西班牙,151794,千克,0,—,646005
34021300,非离子型有机表面活性...,315,奥地利,2000,千克,0,—,6461
34021300,非离子型有机表面活性...,410,巴西,44601,千克,0,—,161909
34021300,非离子型有机表面活性...,429,墨西哥,4400,千克,0,—,39592
34021900,其他有机表面活性剂,305,法国,173,千克,0,—,16323
34021900,其他有机表面活性剂,307,意大利,48050,千克,0,—,66304
34021900,其他有机表面活性剂,309,荷兰,0,千克,0,—,11
34021900,其他有机表面活性剂,312,西班牙,14344,千克,0,—,24538
34021900,其他有机表面活性剂,315,奥地利,90,千克,0,—,425
34021900,其他有机表面活性剂,327,波兰,4,千克,0,—,60
34021900,其他有机表面活性剂,429,墨西哥,1,千克,0,—,34
34022010,零售包装的合成洗涤粉,129,菲律宾,6024,千克,0,—,8536
34022010,零售包装的合成洗涤粉,301,比利时,1308,千克,0,—,7795
34022010,零售包装的合成洗涤粉,307,意大利,2064,千克,0,—,3737
34022010,零售包装的合成洗涤粉,309,荷兰,240,千克,0,—,4116
34022010,零售包装的合成洗涤粉,315,奥地利,24,千克,0,—,974
34022010,零售包装的合成洗涤粉,327,波兰,66662,千克,0,—,133220
34022010,零售包装的合成洗涤粉,501,加拿大,1156,千克,0,—,2190
34022090,零售包装其他表面活性...,129,菲律宾,15725,千克,0,—,19191
34022090,零售包装其他表面活性...,137,土耳其,6168,千克,0,—,5618
34022090,零售包装其他表面活性...,244,南非,0,千克,0,—,46
34022090,零售包装其他表面活性...,301,比利时,13869,千克,0,—,73543
34022090,零售包装其他表面活性...,305,法国,63164,千克,0,—,246997
34022090,零售包装其他表面活性...,306,爱尔兰,462581,千克,0,—,4613108
34022090,零售包装其他表面活性...,307,意大利,2459299,千克,0,—,4766996
34022090,零售包装其他表面活性...,309,荷兰,65552,千克,0,—,280103
34022090,零售包装其他表面活性...,310,希腊,1,千克,0,—,75
34022090,零售包装其他表面活性...,312,西班牙,80333,千克,0,—,92093
34022090,零售包装其他表面活性...,315,奥地利,5755,千克,0,—,34082
34022090,零售包装其他表面活性...,318,芬兰,0,千克,0,—,43
34022090,零售包装其他表面活性...,321,匈牙利,73228,千克,0,—,268803
34022090,零售包装其他表面活性...,327,波兰,891102,千克,0,—,1839072
34022090,零售包装其他表面活性...,336,立陶宛,146,千克,0,—,2680
34022090,零售包装其他表面活性...,415,哥斯达黎加,12,千克,0,—,144
34022090,零售包装其他表面活性...,429,墨西哥,16895,千克,0,—,13085
34022090,零售包装其他表面活性...,501,加拿大,7754,千克,0,—,46203
34029000,其他表面活性剂制品、...,129,菲律宾,32100,千克,0,—,58184
34029000,其他表面活性剂制品、...,137,土耳其,10962,千克,0,—,20304
34029000,其他表面活性剂制品、...,138,阿联酋,43044,千克,0,—,125523
34029000,其他表面活性剂制品、...,301,比利时,103824,千克,0,—,749440
34029000,其他表面活性剂制品、...,305,法国,251893,千克,0,—,2396131
34029000,其他表面活性剂制品、...,306,爱尔兰,1,千克,0,—,43
34029000,其他表面活性剂制品、...,307,意大利,284045,千克,0,—,791018
34029000,其他表面活性剂制品、...,309,荷兰,204940,千克,0,—,860754
34029000,其他表面活性剂制品、...,312,西班牙,75547,千克,0,—,203547
34029000,其他表面活性剂制品、...,315,奥地利,36654,千克,0,—,137412
34029000,其他表面活性剂制品、...,326,挪威,208495,千克,0,—,451414
34029000,其他表面活性剂制品、...,327,波兰,18600,千克,0,—,64110
34029000,其他表面活性剂制品、...,350,斯洛文尼亚,150,千克,0,—,1126
34029000,其他表面活性剂制品、...,410,巴西,80,千克,0,—,4196
34029000,其他表面活性剂制品、...,429,墨西哥,36,千克,0,—,885
34029000,其他表面活性剂制品、...,501,加拿大,49464,千克,0,—,204927
34031100,矿物油＜70％的纺织...,305,法国,159780,千克,0,—,281856
34031100,矿物油＜70％的纺织...,307,意大利,24480,千克,0,—,83177
34031100,矿物油＜70％的纺织...,309,荷兰,76600,千克,0,—,167986
34031100,矿物油＜70％的纺织...,312,西班牙,196650,千克,0,—,320390
34031900,矿物油＜70％的润滑...,137,土耳其,216,千克,0,—,3604
34031900,矿物油＜70％的润滑...,244,南非,43,千克,0,—,244
34031900,矿物油＜70％的润滑...,301,比利时,70402,千克,0,—,672212
34031900,矿物油＜70％的润滑...,305,法国,471459,千克,0,—,2885165
34031900,矿物油＜70％的润滑...,307,意大利,79323,千克,0,—,267914
34031900,矿物油＜70％的润滑...,309,荷兰,512140,千克,0,—,1403172
34031900,矿物油＜70％的润滑...,310,希腊,6264,千克,0,—,31539
34031900,矿物油＜70％的润滑...,312,西班牙,172364,千克,0,—,728468
34031900,矿物油＜70％的润滑...,315,奥地利,6776,千克,0,—,261478
34031900,矿物油＜70％的润滑...,316,保加利亚,40,千克,0,—,3769
34031900,矿物油＜70％的润滑...,318,芬兰,0,千克,0,—,114
34031900,矿物油＜70％的润滑...,321,匈牙利,13680,千克,0,—,59600
34031900,矿物油＜70％的润滑...,326,挪威,3,千克,0,—,251
34031900,矿物油＜70％的润滑...,327,波兰,51,千克,0,—,590
34031900,矿物油＜70％的润滑...,336,立陶宛,4176,千克,0,—,7646
34031900,矿物油＜70％的润滑...,410,巴西,8550,千克,0,—,33847
34031900,矿物油＜70％的润滑...,429,墨西哥,1,千克,0,—,731
34031900,矿物油＜70％的润滑...,501,加拿大,38959,千克,0,—,275531
34039100,不含矿物油的纺织材料...,137,土耳其,42400,千克,0,—,104994
34039100,不含矿物油的纺织材料...,301,比利时,17640,千克,0,—,36119
34039100,不含矿物油的纺织材料...,305,法国,4270,千克,0,—,18403
34039100,不含矿物油的纺织材料...,307,意大利,1079195,千克,0,—,2310238
34039100,不含矿物油的纺织材料...,309,荷兰,287930,千克,0,—,592342
34039100,不含矿物油的纺织材料...,312,西班牙,280058,千克,0,—,542783
34039100,不含矿物油的纺织材料...,315,奥地利,69200,千克,0,—,217932
34039100,不含矿物油的纺织材料...,327,波兰,16000,千克,0,—,28411
34039100,不含矿物油的纺织材料...,410,巴西,65390,千克,0,—,108115
34039100,不含矿物油的纺织材料...,501,加拿大,107720,千克,0,—,206272
34039900,不含石油或从沥青矿物...,244,南非,226,千克,0,—,4170
34039900,不含石油或从沥青矿物...,301,比利时,361775,千克,0,—,1506731
34039900,不含石油或从沥青矿物...,305,法国,623840,千克,0,—,2651962
34039900,不含石油或从沥青矿物...,307,意大利,256935,千克,0,—,1343175
34039900,不含石油或从沥青矿物...,309,荷兰,193123,千克,0,—,1010605
34039900,不含石油或从沥青矿物...,312,西班牙,231426,千克,0,—,1765597
34039900,不含石油或从沥青矿物...,315,奥地利,44469,千克,0,—,822697
34039900,不含石油或从沥青矿物...,321,匈牙利,16,千克,0,—,302
34039900,不含石油或从沥青矿物...,326,挪威,1370,千克,0,—,7512
34039900,不含石油或从沥青矿物...,327,波兰,1169,千克,0,—,37666
34039900,不含石油或从沥青矿物...,336,立陶宛,16957,千克,0,—,50956
34039900,不含石油或从沥青矿物...,410,巴西,75972,千克,0,—,234966
34039900,不含石油或从沥青矿物...,429,墨西哥,18,千克,0,—,961
34039900,不含石油或从沥青矿物...,501,加拿大,5490,千克,0,—,82021
34042000,聚氧乙烯（聚乙二醇）...,301,比利时,8847,千克,0,—,28600
34042000,聚氧乙烯（聚乙二醇）...,305,法国,93,千克,0,—,13950
34042000,聚氧乙烯（聚乙二醇）...,307,意大利,360,千克,0,—,4496
34042000,聚氧乙烯（聚乙二醇）...,429,墨西哥,36454,千克,0,—,66656
34049000,其他人造蜡及调制蜡,138,阿联酋,551570,千克,0,—,598113
34049000,其他人造蜡及调制蜡,301,比利时,4158,千克,0,—,13752
34049000,其他人造蜡及调制蜡,305,法国,164379,千克,0,—,809997
34049000,其他人造蜡及调制蜡,307,意大利,191666,千克,0,—,635754
34049000,其他人造蜡及调制蜡,309,荷兰,162504,千克,0,—,475058
34049000,其他人造蜡及调制蜡,312,西班牙,21377,千克,0,—,147198
34049000,其他人造蜡及调制蜡,315,奥地利,150,千克,0,—,4678
34049000,其他人造蜡及调制蜡,327,波兰,90860,千克,0,—,254853
34049000,其他人造蜡及调制蜡,410,巴西,2150,千克,0,—,11433
34049000,其他人造蜡及调制蜡,429,墨西哥,2,千克,0,—,278
34049000,其他人造蜡及调制蜡,501,加拿大,19598,千克,0,—,96574
34051000,鞋靴或皮革用的上光剂...,137,土耳其,0,千克,0,—,12
34051000,鞋靴或皮革用的上光剂...,305,法国,1034,千克,0,—,26416
34051000,鞋靴或皮革用的上光剂...,307,意大利,7013,千克,0,—,28340
34051000,鞋靴或皮革用的上光剂...,312,西班牙,2081,千克,0,—,16560
34051000,鞋靴或皮革用的上光剂...,410,巴西,200,千克,0,—,718
34052000,保养木制品用的上光剂...,301,比利时,1032,千克,0,—,22076
34052000,保养木制品用的上光剂...,307,意大利,2285,千克,0,—,8070
34052000,保养木制品用的上光剂...,309,荷兰,927,千克,0,—,7817
34052000,保养木制品用的上光剂...,312,西班牙,15,千克,0,—,1506
34053000,车身用的上光剂及类似...,137,土耳其,3823,千克,0,—,53145
34053000,车身用的上光剂及类似...,244,南非,985,千克,0,—,21790
34053000,车身用的上光剂及类似...,301,比利时,309,千克,0,—,1755
34053000,车身用的上光剂及类似...,307,意大利,5344,千克,0,—,55616
34054000,擦洗膏、去污粉及类似...,305,法国,5291,千克,0,—,28708
34054000,擦洗膏、去污粉及类似...,307,意大利,2012,千克,0,—,10096
34054000,擦洗膏、去污粉及类似...,309,荷兰,259,千克,0,—,4825
34054000,擦洗膏、去污粉及类似...,312,西班牙,6585,千克,0,—,23286
34054000,擦洗膏、去污粉及类似...,429,墨西哥,3240,千克,0,—,7892
34059000,玻璃或金属用的光洁剂...,129,菲律宾,87,千克,0,—,561
34059000,玻璃或金属用的光洁剂...,137,土耳其,22993,千克,0,—,59641
34059000,玻璃或金属用的光洁剂...,305,法国,85651,千克,0,—,251709
34059000,玻璃或金属用的光洁剂...,307,意大利,20878,千克,0,—,151712
34059000,玻璃或金属用的光洁剂...,309,荷兰,0,千克,0,—,109
34059000,玻璃或金属用的光洁剂...,312,西班牙,1500,千克,0,—,6337
34059000,玻璃或金属用的光洁剂...,315,奥地利,3,千克,0,—,1274
34059000,玻璃或金属用的光洁剂...,410,巴西,4,千克,0,—,41
34060000,各种蜡烛及类似品,305,法国,14024,千克,0,—,573555
34060000,各种蜡烛及类似品,307,意大利,2002,千克,0,—,75860
34060000,各种蜡烛及类似品,309,荷兰,965,千克,0,—,47721
34060000,各种蜡烛及类似品,312,西班牙,6095,千克,0,—,111940
34060000,各种蜡烛及类似品,318,芬兰,1,千克,0,—,58
34060000,各种蜡烛及类似品,327,波兰,68681,千克,0,—,208410
34060000,各种蜡烛及类似品,336,立陶宛,0,千克,0,—,72
34060000,各种蜡烛及类似品,501,加拿大,6,千克,0,—,157
34070010,成套、零售包装或制成...,307,意大利,21702,千克,0,—,363200
34070010,成套、零售包装或制成...,309,荷兰,912,千克,0,—,19388
34070020,以熟石膏为基本成分的...,305,法国,6580,千克,0,—,28634
34070020,以熟石膏为基本成分的...,326,挪威,222,千克,0,—,414
34070090,其他塑型用膏,305,法国,5291,千克,0,—,16291
34070090,其他塑型用膏,307,意大利,56165,千克,0,—,54050
34070090,其他塑型用膏,309,荷兰,157,千克,0,—,471
34070090,其他塑型用膏,312,西班牙,309,千克,0,—,9096
34070090,其他塑型用膏,326,挪威,474,千克,0,—,1408
35011000,酪蛋白,305,法国,1200,千克,0,—,13016
35011000,酪蛋白,306,爱尔兰,20000,千克,0,—,189280
35011000,酪蛋白,501,加拿大,66000,千克,0,—,568986
35019000,酪蛋白酸盐及其他酪蛋...,305,法国,318175,千克,0,—,2950279
35019000,酪蛋白酸盐及其他酪蛋...,309,荷兰,291882,千克,0,—,2856498
35021100,干的卵清蛋白,305,法国,32,千克,0,—,2769
35021100,干的卵清蛋白,309,荷兰,0,千克,0,—,154
35021100,干的卵清蛋白,312,西班牙,221,千克,0,—,8541
35022000,乳白蛋白，两种或两种...,305,法国,34480,千克,0,—,284618
35022000,乳白蛋白，两种或两种...,309,荷兰,163161,千克,0,—,1107543
35022000,乳白蛋白，两种或两种...,310,希腊,50400,千克,0,—,1687930
35022000,乳白蛋白，两种或两种...,327,波兰,60000,千克,0,—,108000
35022000,乳白蛋白，两种或两种...,336,立陶宛,3,千克,0,—,109
35029000,其他白蛋白、白蛋白盐...,305,法国,80,千克,0,—,54068
35030010,明胶及其衍生物,250,乌干达,364175,千克,0,—,1103105
35030010,明胶及其衍生物,305,法国,160000,千克,0,—,1032800
35030010,明胶及其衍生物,312,西班牙,119928,千克,0,—,584257
35030010,明胶及其衍生物,501,加拿大,10262,千克,0,—,125032
35040010,蛋白胨,305,法国,1202,千克,0,—,40218
35040010,蛋白胨,307,意大利,500,千克,0,—,11150
35040010,蛋白胨,312,西班牙,1,千克,0,—,143
35040010,蛋白胨,336,立陶宛,0,千克,0,—,67
35040010,蛋白胨,429,墨西哥,4,千克,0,—,1019
35040090,蛋白胨衍生物；未列名...,129,菲律宾,0,千克,0,—,68
35040090,蛋白胨衍生物；未列名...,301,比利时,18830,千克,0,—,126040
35040090,蛋白胨衍生物；未列名...,305,法国,204959,千克,0,—,1201420
35040090,蛋白胨衍生物；未列名...,307,意大利,65525,千克,0,—,173580
35040090,蛋白胨衍生物；未列名...,309,荷兰,88415,千克,0,—,319291
35040090,蛋白胨衍生物；未列名...,312,西班牙,11513,千克,0,—,27273
35040090,蛋白胨衍生物；未列名...,318,芬兰,0,千克,0,—,1674
35040090,蛋白胨衍生物；未列名...,326,挪威,6930,千克,0,—,18918
35040090,蛋白胨衍生物；未列名...,336,立陶宛,0,千克,0,—,57
35040090,蛋白胨衍生物；未列名...,410,巴西,15000,千克,0,—,120000
35040090,蛋白胨衍生物；未列名...,501,加拿大,0,千克,0,—,6318
35051000,糊精及其他改性淀粉,301,比利时,3,千克,0,—,187
35051000,糊精及其他改性淀粉,305,法国,1848101,千克,0,—,2120811
35051000,糊精及其他改性淀粉,307,意大利,316950,千克,0,—,415024
35051000,糊精及其他改性淀粉,309,荷兰,1971398,千克,0,—,3713287
35051000,糊精及其他改性淀粉,312,西班牙,60,千克,0,—,2483
35051000,糊精及其他改性淀粉,315,奥地利,196050,千克,0,—,457677
35051000,糊精及其他改性淀粉,316,保加利亚,10000,千克,0,—,9840
35051000,糊精及其他改性淀粉,321,匈牙利,105,千克,0,—,63367
35051000,糊精及其他改性淀粉,327,波兰,0,千克,0,—,16
35051000,糊精及其他改性淀粉,410,巴西,80487,千克,0,—,142091
35051000,糊精及其他改性淀粉,429,墨西哥,56250,千克,0,—,53493
35052000,以淀粉、糊精或其他改...,307,意大利,20160,千克,0,—,21591
35052000,以淀粉、糊精或其他改...,312,西班牙,33,千克,0,—,946
35061000,零售包装每件净重≤1...,129,菲律宾,6,千克,0,—,1464
35061000,零售包装每件净重≤1...,244,南非,695,千克,0,—,45630
35061000,零售包装每件净重≤1...,301,比利时,2418,千克,0,—,152730
35061000,零售包装每件净重≤1...,305,法国,1739,千克,0,—,208781
35061000,零售包装每件净重≤1...,306,爱尔兰,2129,千克,0,—,186116
35061000,零售包装每件净重≤1...,307,意大利,10957,千克,0,—,458555
35061000,零售包装每件净重≤1...,309,荷兰,585,千克,0,—,61793
35061000,零售包装每件净重≤1...,312,西班牙,148,千克,0,—,5685
35061000,零售包装每件净重≤1...,315,奥地利,23,千克,0,—,852
35061000,零售包装每件净重≤1...,318,芬兰,20,千克,0,—,4460
35061000,零售包装每件净重≤1...,321,匈牙利,1,千克,0,—,89
35061000,零售包装每件净重≤1...,327,波兰,8123,千克,0,—,43325
35061000,零售包装每件净重≤1...,410,巴西,32,千克,0,—,3273
35061000,零售包装每件净重≤1...,429,墨西哥,6,千克,0,—,481
35061000,零售包装每件净重≤1...,501,加拿大,236,千克,0,—,10040
35069110,以聚酰胺为基本成分的...,301,比利时,1939,千克,0,—,44274
35069110,以聚酰胺为基本成分的...,305,法国,33060,千克,0,—,222022
35069110,以聚酰胺为基本成分的...,306,爱尔兰,4,千克,0,—,3976
35069110,以聚酰胺为基本成分的...,307,意大利,121736,千克,0,—,1018664
35069110,以聚酰胺为基本成分的...,309,荷兰,1107,千克,0,—,8446
35069120,以环氧树脂为基本成分...,138,阿联酋,5292,千克,0,—,24274
35069120,以环氧树脂为基本成分...,244,南非,3,千克,0,—,330
35069120,以环氧树脂为基本成分...,301,比利时,1024,千克,0,—,50052
35069120,以环氧树脂为基本成分...,305,法国,10176,千克,0,—,313641
35069120,以环氧树脂为基本成分...,306,爱尔兰,401,千克,0,—,13851
35069120,以环氧树脂为基本成分...,307,意大利,110416,千克,0,—,1674618
35069120,以环氧树脂为基本成分...,309,荷兰,151,千克,0,—,29145
35069120,以环氧树脂为基本成分...,312,西班牙,63834,千克,0,—,419350
35069120,以环氧树脂为基本成分...,326,挪威,1003,千克,0,—,43754
35069120,以环氧树脂为基本成分...,410,巴西,215,千克,0,—,6330
35069190,其他以橡胶或39章聚...,137,土耳其,184,千克,0,—,6072
35069190,其他以橡胶或39章聚...,138,阿联酋,5508,千克,0,—,20729
35069190,其他以橡胶或39章聚...,301,比利时,42287,千克,0,—,178284
35069190,其他以橡胶或39章聚...,305,法国,264692,千克,0,—,1276418
35069190,其他以橡胶或39章聚...,306,爱尔兰,3528,千克,0,—,155853
35069190,其他以橡胶或39章聚...,307,意大利,216197,千克,0,—,1031545
35069190,其他以橡胶或39章聚...,309,荷兰,38793,千克,0,—,171076
35069190,其他以橡胶或39章聚...,312,西班牙,2548,千克,0,—,92907
35069190,其他以橡胶或39章聚...,315,奥地利,36,千克,0,—,2141
35069190,其他以橡胶或39章聚...,318,芬兰,19482,千克,0,—,103804
35069190,其他以橡胶或39章聚...,321,匈牙利,10629,千克,0,—,71700
35069190,其他以橡胶或39章聚...,326,挪威,530,千克,0,—,28230
35069190,其他以橡胶或39章聚...,327,波兰,9843,千克,0,—,98774
35069190,其他以橡胶或39章聚...,429,墨西哥,46757,千克,0,—,226920
35069190,其他以橡胶或39章聚...,501,加拿大,4557,千克,0,—,211774
35069900,未列名的调制胶及其他...,129,菲律宾,1,千克,0,—,3148
35069900,未列名的调制胶及其他...,137,土耳其,24000,千克,0,—,92141
35069900,未列名的调制胶及其他...,244,南非,32,千克,0,—,721
35069900,未列名的调制胶及其他...,301,比利时,655,千克,0,—,55682
35069900,未列名的调制胶及其他...,305,法国,51218,千克,0,—,307399
35069900,未列名的调制胶及其他...,306,爱尔兰,12605,千克,0,—,226969
35069900,未列名的调制胶及其他...,307,意大利,12599,千克,0,—,108149
35069900,未列名的调制胶及其他...,309,荷兰,104,千克,0,—,907
35069900,未列名的调制胶及其他...,310,希腊,260000,千克,0,—,78597
35069900,未列名的调制胶及其他...,312,西班牙,6560,千克,0,—,33613
35069900,未列名的调制胶及其他...,315,奥地利,1150,千克,0,—,1078
35069900,未列名的调制胶及其他...,318,芬兰,7,千克,0,—,1364
35069900,未列名的调制胶及其他...,327,波兰,3040,千克,0,—,14321
35069900,未列名的调制胶及其他...,350,斯洛文尼亚,0,千克,0,—,73
35069900,未列名的调制胶及其他...,429,墨西哥,0,千克,0,—,15
35069900,未列名的调制胶及其他...,501,加拿大,10185,千克,0,—,41898
35071000,粗制凝乳酶及其浓缩物,301,比利时,12000,千克,0,—,189000
35079010,碱性蛋白酶,301,比利时,168,千克,0,—,1971
35079010,碱性蛋白酶,309,荷兰,2160,千克,0,—,146506
35079010,碱性蛋白酶,315,奥地利,0,千克,0,—,457
35079010,碱性蛋白酶,318,芬兰,21000,千克,0,—,54101
35079010,碱性蛋白酶,336,立陶宛,0,千克,0,—,394
35079090,未列名的酶；未列名的...,137,土耳其,400,千克,0,—,15145
35079090,未列名的酶；未列名的...,244,南非,0,千克,0,—,427
35079090,未列名的酶；未列名的...,250,乌干达,1000,千克,0,—,21000
35079090,未列名的酶；未列名的...,301,比利时,42951,千克,0,—,750723
35079090,未列名的酶；未列名的...,305,法国,61467,千克,0,—,2698426
35079090,未列名的酶；未列名的...,306,爱尔兰,645,千克,0,—,18806
35079090,未列名的酶；未列名的...,307,意大利,168,千克,0,—,143269
35079090,未列名的酶；未列名的...,309,荷兰,14711,千克,0,—,902344
35079090,未列名的酶；未列名的...,312,西班牙,503,千克,0,—,73474
35079090,未列名的酶；未列名的...,315,奥地利,375,千克,0,—,1770411
35079090,未列名的酶；未列名的...,316,保加利亚,82001,千克,0,—,442218
35079090,未列名的酶；未列名的...,318,芬兰,102712,千克,0,—,1301547
35079090,未列名的酶；未列名的...,326,挪威,0,千克,0,—,45737
35079090,未列名的酶；未列名的...,327,波兰,12,千克,0,—,22802
35079090,未列名的酶；未列名的...,336,立陶宛,29,千克,0,—,441031
35079090,未列名的酶；未列名的...,410,巴西,722,千克,0,—,8923
35079090,未列名的酶；未列名的...,429,墨西哥,616,千克,0,—,13058
35079090,未列名的酶；未列名的...,501,加拿大,15518,千克,0,—,678558
36030000,安全导火索；导爆索；...,429,墨西哥,385,千克,0,—,240431
36049000,信号弹、降雨火箭及其...,305,法国,1,千克,0,—,1102
36061000,打火机液体燃料，容器...,305,法国,125,千克,0,—,15958
36069011,已切成形可直接使用的...,315,奥地利,2,千克,0,—,1859
37011000,X光用摄影感光硬片及...,301,比利时,38294,千克,128368,平方米,1968145
37011000,X光用摄影感光硬片及...,318,芬兰,8,千克,0,平方米,17069
37012000,一次成像软片,309,荷兰,4101,千克,0,—,305263
37013021,激光照排片，任一边＞...,301,比利时,11419,千克,44298,平方米,250262
37013025,柔性印刷版，任何一边...,306,爱尔兰,48,千克,4,平方米,1790
37021000,X光用成卷的感光卷片,301,比利时,1821,千克,6489,平方米,81487
37023290,其他涂卤化银无齿孔卷...,301,比利时,1440,千克,7412,平方米,110278
37024229,其他照相制版单色无孔...,301,比利时,181899,千克,939866,平方米,3635068
37024329,其他照相制版无齿孔卷...,307,意大利,183,千克,827,平方米,4606
37024421,激光照排片，105m...,301,比利时,50679,千克,198272,平方米,1053076
37024429,其他照相制版无齿孔卷...,307,意大利,31,千克,118,平方米,1285
37032010,其他彩色摄影用感光纸...,309,荷兰,1,千克,0,—,143
37061090,其他已曝光已冲洗的电...,301,比利时,81,千克,13500,米,15455
37061090,其他已曝光已冲洗的电...,305,法国,141,千克,23500,米,24728
37061090,其他已曝光已冲洗的电...,307,意大利,36,千克,6000,米,6182
37071000,感光乳液,301,比利时,161,千克,0,—,398920
37079010,冲洗照相胶卷及相片用...,301,比利时,18884,千克,0,—,28252
37079020,复印机用化学制剂,305,法国,43200,千克,0,—,704735
37079020,复印机用化学制剂,309,荷兰,95,千克,0,—,3445
37079090,未列名摄影用化学制剂...,301,比利时,162902,千克,0,—,430838
37079090,未列名摄影用化学制剂...,309,荷兰,35344,千克,0,—,885669
37079090,未列名摄影用化学制剂...,312,西班牙,40,千克,0,—,1416
37079090,未列名摄影用化学制剂...,318,芬兰,1,千克,0,—,5650
37079090,未列名摄影用化学制剂...,429,墨西哥,19616,千克,0,—,683006
38011000,人造石墨,301,比利时,13200,千克,0,—,69168
38011000,人造石墨,305,法国,34941,千克,0,—,384242
38011000,人造石墨,307,意大利,14800,千克,0,—,308876
38011000,人造石墨,315,奥地利,11497,千克,0,—,178617
38011000,人造石墨,410,巴西,3200,千克,0,—,11510
38012000,胶态或半胶态石墨,305,法国,22205,千克,0,—,70648
38012000,胶态或半胶态石墨,312,西班牙,0,千克,0,—,382
38019090,未列名以石墨或其他碳...,305,法国,15130,千克,0,—,181795
38019090,未列名以石墨或其他碳...,307,意大利,59,千克,0,—,1264
38019090,未列名以石墨或其他碳...,312,西班牙,0,千克,0,—,636
38019090,未列名以石墨或其他碳...,315,奥地利,14617,千克,0,—,209589
38021010,木质活性碳,129,菲律宾,26160,千克,0,—,113281
38021010,木质活性碳,305,法国,68753,千克,0,—,389482
38021010,木质活性碳,307,意大利,5600,千克,0,—,42369
38021010,木质活性碳,309,荷兰,74360,千克,0,—,540584
38021010,木质活性碳,501,加拿大,15,千克,0,—,1793
38021090,其他活性碳,129,菲律宾,460514,千克,0,—,1059482
38021090,其他活性碳,301,比利时,2,千克,0,—,266
38021090,其他活性碳,305,法国,0,千克,0,—,44
38021090,其他活性碳,309,荷兰,8,千克,0,—,733
38021090,其他活性碳,429,墨西哥,7410,千克,0,—,264923
38021090,其他活性碳,501,加拿大,15655,千克,0,—,299835
38029000,活性天然矿产品；动物...,301,比利时,2175,千克,0,—,12170
38029000,活性天然矿产品；动物...,305,法国,179400,千克,0,—,81337
38029000,活性天然矿产品；动物...,312,西班牙,74001,千克,0,—,52332
38030000,妥尔油，不论是否精炼,318,芬兰,72360,千克,0,—,149522
38030000,妥尔油，不论是否精炼,410,巴西,330870,千克,0,—,207786
38040000,木桨残余碱液,244,南非,144000,千克,0,—,63360
38040000,木桨残余碱液,301,比利时,12000,千克,0,—,21060
38040000,木桨残余碱液,305,法国,1250,千克,0,—,3125
38040000,木桨残余碱液,307,意大利,72000,千克,0,—,39600
38040000,木桨残余碱液,326,挪威,948075,千克,0,—,640559
38040000,木桨残余碱液,501,加拿大,22000,千克,0,—,8958
38051000,脂松节油、木松节油和...,137,土耳其,21400,千克,0,—,29104
38051000,脂松节油、木松节油和...,305,法国,510,千克,0,—,5401
38051000,脂松节油、木松节油和...,307,意大利,389,千克,0,—,2291
38051000,脂松节油、木松节油和...,312,西班牙,50,千克,0,—,360
38051000,脂松节油、木松节油和...,410,巴西,100490,千克,0,—,329241
38051000,脂松节油、木松节油和...,429,墨西哥,60000,千克,0,—,246000
38059010,以α萜品醇为基本成分...,312,西班牙,3400,千克,0,—,23905
38061010,松香,301,比利时,23400,千克,0,—,26995
38061010,松香,305,法国,55200,千克,0,—,65136
38061010,松香,307,意大利,26,千克,0,—,2539
38061010,松香,309,荷兰,25,千克,0,—,252
38061010,松香,410,巴西,1098000,千克,0,—,1496920
38061010,松香,429,墨西哥,360000,千克,0,—,487449
38063000,酯胶,305,法国,181,千克,0,—,4152
38063000,酯胶,309,荷兰,177003,千克,0,—,316828
38063000,酯胶,318,芬兰,19500,千克,0,—,29250
38063000,酯胶,429,墨西哥,12500,千克,0,—,90907
38069000,其他松香和树脂酸衍生...,137,土耳其,650,千克,0,—,70356
38069000,其他松香和树脂酸衍生...,305,法国,34403,千克,0,—,45790
38069000,其他松香和树脂酸衍生...,306,爱尔兰,0,千克,0,—,14
38069000,其他松香和树脂酸衍生...,309,荷兰,10003,千克,0,—,66556
38069000,其他松香和树脂酸衍生...,312,西班牙,1000,千克,0,—,4592
38069000,其他松香和树脂酸衍生...,318,芬兰,80,千克,0,—,330
38069000,其他松香和树脂酸衍生...,410,巴西,24000,千克,0,—,34200
38086900,每包净重超过7.5千...,301,比利时,16480,千克,0,—,132628
38086900,每包净重超过7.5千...,305,法国,15451,千克,0,—,79624
38089119,其他零售包装的杀虫剂,305,法国,8417,千克,0,—,1070745
38089190,非零售包装的杀虫剂,305,法国,17369,千克,0,—,588315
38089290,非零售包装的杀菌剂,301,比利时,29920,千克,0,—,104720
38089290,非零售包装的杀菌剂,305,法国,256960,千克,0,—,3969399
38089290,非零售包装的杀菌剂,307,意大利,5214,千克,0,—,139259
38089290,非零售包装的杀菌剂,312,西班牙,301118,千克,0,—,3798391
38089290,非零售包装的杀菌剂,316,保加利亚,132000,千克,0,—,629007
38089290,非零售包装的杀菌剂,326,挪威,22098,千克,0,—,211035
38089290,非零售包装的杀菌剂,410,巴西,25900,千克,0,—,226628
38089290,非零售包装的杀菌剂,501,加拿大,20,千克,0,—,448
38089319,非零售包装除草剂,307,意大利,8000,千克,0,—,531497
38089400,消毒剂,108,塞浦路斯,448,千克,0,—,22538
38089400,消毒剂,129,菲律宾,390,千克,0,—,1364
38089400,消毒剂,138,阿联酋,36000,千克,0,—,68269
38089400,消毒剂,301,比利时,135664,千克,0,—,382914
38089400,消毒剂,305,法国,63978,千克,0,—,223713
38089400,消毒剂,306,爱尔兰,116,千克,0,—,1269
38089400,消毒剂,307,意大利,103056,千克,0,—,257221
38089400,消毒剂,309,荷兰,215974,千克,0,—,407999
38089400,消毒剂,312,西班牙,47918,千克,0,—,279533
38089400,消毒剂,327,波兰,12500,千克,0,—,17158
38089400,消毒剂,501,加拿大,5,千克,0,—,64
38099100,纺织等工业用的其他整...,137,土耳其,19680,千克,0,—,35223
38099100,纺织等工业用的其他整...,301,比利时,54068,千克,0,—,573177
38099100,纺织等工业用的其他整...,305,法国,3392,千克,0,—,101518
38099100,纺织等工业用的其他整...,307,意大利,211071,千克,0,—,620103
38099100,纺织等工业用的其他整...,309,荷兰,56130,千克,0,—,333023
38099100,纺织等工业用的其他整...,310,希腊,50,千克,0,—,3117
38099100,纺织等工业用的其他整...,312,西班牙,13123,千克,0,—,35120
38099100,纺织等工业用的其他整...,315,奥地利,600,千克,0,—,1530
38099100,纺织等工业用的其他整...,429,墨西哥,21300,千克,0,—,310665
38099100,纺织等工业用的其他整...,444,乌拉圭,36000,千克,0,—,73080
38099100,纺织等工业用的其他整...,501,加拿大,1,千克,0,—,21
38099200,造纸等工业用的其他整...,137,土耳其,20,千克,0,—,510
38099200,造纸等工业用的其他整...,301,比利时,40,千克,0,—,972
38099200,造纸等工业用的其他整...,307,意大利,18200,千克,0,—,37092
38099200,造纸等工业用的其他整...,315,奥地利,18100,千克,0,—,38846
38099200,造纸等工业用的其他整...,318,芬兰,72440,千克,0,—,123397
38099300,制革等工业用的其他整...,137,土耳其,68495,千克,0,—,128610
38099300,制革等工业用的其他整...,301,比利时,1,千克,0,—,198
38099300,制革等工业用的其他整...,305,法国,69250,千克,0,—,110702
38099300,制革等工业用的其他整...,307,意大利,1866583,千克,0,—,6388361
38099300,制革等工业用的其他整...,309,荷兰,124275,千克,0,—,589052
38099300,制革等工业用的其他整...,312,西班牙,585540,千克,0,—,1382131
38099300,制革等工业用的其他整...,327,波兰,37960,千克,0,—,69637
38099300,制革等工业用的其他整...,410,巴西,68359,千克,0,—,116880
38099300,制革等工业用的其他整...,501,加拿大,362,千克,0,—,959
38101000,金属表面酸洗剂；金属...,137,土耳其,3375,千克,0,—,90809
38101000,金属表面酸洗剂；金属...,301,比利时,6340,千克,0,—,176629
38101000,金属表面酸洗剂；金属...,305,法国,40,千克,0,—,6816
38101000,金属表面酸洗剂；金属...,307,意大利,14383,千克,0,—,122761
38101000,金属表面酸洗剂；金属...,316,保加利亚,45,千克,0,—,8140
38101000,金属表面酸洗剂；金属...,321,匈牙利,339,千克,0,—,31638
38101000,金属表面酸洗剂；金属...,429,墨西哥,94,千克,0,—,13031
38101000,金属表面酸洗剂；金属...,501,加拿大,1024,千克,0,—,52737
38109000,焊接辅助剂；作焊条芯...,301,比利时,24284,千克,0,—,121970
38109000,焊接辅助剂；作焊条芯...,305,法国,284594,千克,0,—,683017
38109000,焊接辅助剂；作焊条芯...,307,意大利,54,千克,0,—,1785
38109000,焊接辅助剂；作焊条芯...,309,荷兰,7,千克,0,—,1996
38109000,焊接辅助剂；作焊条芯...,315,奥地利,0,千克,0,—,45
38109000,焊接辅助剂；作焊条芯...,321,匈牙利,1930,千克,0,—,31448
38109000,焊接辅助剂；作焊条芯...,429,墨西哥,225,千克,0,—,9798
38109000,焊接辅助剂；作焊条芯...,501,加拿大,201,千克,0,—,3938
38112100,含石油或从沥青矿物提...,301,比利时,210872,千克,0,—,1175903
38112100,含石油或从沥青矿物提...,305,法国,1889741,千克,0,—,5528446
38112100,含石油或从沥青矿物提...,307,意大利,1253643,千克,0,—,3597409
38112100,含石油或从沥青矿物提...,309,荷兰,160824,千克,0,—,459816
38112100,含石油或从沥青矿物提...,312,西班牙,48352,千克,0,—,131473
38112100,含石油或从沥青矿物提...,410,巴西,1752,千克,0,—,13604
38112100,含石油或从沥青矿物提...,429,墨西哥,442505,千克,0,—,1385224
38112100,含石油或从沥青矿物提...,501,加拿大,17550,千克,0,—,115729
38112900,其他润滑油添加剂,301,比利时,35120,千克,0,—,191700
38112900,其他润滑油添加剂,305,法国,513352,千克,0,—,1018143
38112900,其他润滑油添加剂,307,意大利,128122,千克,0,—,471570
38112900,其他润滑油添加剂,309,荷兰,19920,千克,0,—,111147
38112900,其他润滑油添加剂,312,西班牙,6450,千克,0,—,14084
38112900,其他润滑油添加剂,410,巴西,10800,千克,0,—,45522
38112900,其他润滑油添加剂,429,墨西哥,400,千克,0,—,10432
38112900,其他润滑油添加剂,501,加拿大,800,千克,0,—,1480
38119000,其他供矿物油等同样用...,129,菲律宾,85920,千克,0,—,174178
38119000,其他供矿物油等同样用...,301,比利时,20435,千克,0,—,614643
38119000,其他供矿物油等同样用...,305,法国,83751,千克,0,—,403873
38119000,其他供矿物油等同样用...,307,意大利,33840,千克,0,—,241315
38119000,其他供矿物油等同样用...,309,荷兰,22035,千克,0,—,33508
38119000,其他供矿物油等同样用...,312,西班牙,100,千克,0,—,240
38119000,其他供矿物油等同样用...,326,挪威,742,千克,0,—,4288
38119000,其他供矿物油等同样用...,336,立陶宛,416,千克,0,—,2195
38119000,其他供矿物油等同样用...,429,墨西哥,7,千克,0,—,16
38121000,配制的橡胶促进剂,137,土耳其,1,千克,0,—,34
38121000,配制的橡胶促进剂,301,比利时,32560,千克,0,—,61462
38121000,配制的橡胶促进剂,305,法国,22484,千克,0,—,329238
38121000,配制的橡胶促进剂,307,意大利,49655,千克,0,—,297090
38121000,配制的橡胶促进剂,309,荷兰,9475,千克,0,—,81735
38121000,配制的橡胶促进剂,312,西班牙,500,千克,0,—,11582
38121000,配制的橡胶促进剂,315,奥地利,60,千克,0,—,1051
38121000,配制的橡胶促进剂,429,墨西哥,2495,千克,0,—,17912
38122000,橡胶或塑料用复合增塑...,301,比利时,291,千克,0,—,12962
38122000,橡胶或塑料用复合增塑...,305,法国,13400,千克,0,—,24740
38122000,橡胶或塑料用复合增塑...,307,意大利,24100,千克,0,—,170755
38122000,橡胶或塑料用复合增塑...,315,奥地利,5850,千克,0,—,35568
38122000,橡胶或塑料用复合增塑...,327,波兰,4140,千克,0,—,20700
38122000,橡胶或塑料用复合增塑...,410,巴西,237880,千克,0,—,345349
38123910,其他橡胶防老剂,305,法国,1280,千克,0,—,13064
38123910,其他橡胶防老剂,307,意大利,1500,千克,0,—,8908
38123990,未列名橡胶或塑料用抗...,137,土耳其,22000,千克,0,—,21230
38123990,未列名橡胶或塑料用抗...,301,比利时,4520,千克,0,—,19884
38123990,未列名橡胶或塑料用抗...,305,法国,14520,千克,0,—,139162
38123990,未列名橡胶或塑料用抗...,306,爱尔兰,500,千克,0,—,6214
38123990,未列名橡胶或塑料用抗...,307,意大利,255901,千克,0,—,2499942
38123990,未列名橡胶或塑料用抗...,309,荷兰,87480,千克,0,—,346184
38123990,未列名橡胶或塑料用抗...,312,西班牙,240,千克,0,—,1252
38123990,未列名橡胶或塑料用抗...,315,奥地利,17349,千克,0,—,88046
38123990,未列名橡胶或塑料用抗...,410,巴西,598,千克,0,—,6882
38123990,未列名橡胶或塑料用抗...,429,墨西哥,1800,千克,0,—,26100
38123990,未列名橡胶或塑料用抗...,501,加拿大,18000,千克,0,—,192407
38130010,灭火器的装配药,301,比利时,19700,千克,0,—,69303
38130010,灭火器的装配药,305,法国,600,千克,0,—,1435
38140000,未列名的有机复合溶剂...,301,比利时,3319,千克,0,—,15105
38140000,未列名的有机复合溶剂...,305,法国,3322,千克,0,—,47355
38140000,未列名的有机复合溶剂...,307,意大利,3974,千克,0,—,47012
38140000,未列名的有机复合溶剂...,309,荷兰,12131,千克,0,—,147067
38140000,未列名的有机复合溶剂...,312,西班牙,28085,千克,0,—,121246
38140000,未列名的有机复合溶剂...,315,奥地利,410,千克,0,—,1384
38140000,未列名的有机复合溶剂...,435,波多黎各,1,千克,0,—,595
38140000,未列名的有机复合溶剂...,501,加拿大,18760,千克,0,—,72242
38151100,以镍及其化合物为活性...,301,比利时,4000,千克,0,—,29120
38151100,以镍及其化合物为活性...,305,法国,16920,千克,0,—,390664
38151100,以镍及其化合物为活性...,309,荷兰,42753,千克,0,—,1700712
38151200,以贵金属及其化合物为...,244,南非,3534,千克,0,—,1137935
38151200,以贵金属及其化合物为...,305,法国,2680,千克,0,—,139410
38151200,以贵金属及其化合物为...,307,意大利,37708,千克,0,—,15404306
38151200,以贵金属及其化合物为...,315,奥地利,5303,千克,0,—,489159
38151200,以贵金属及其化合物为...,321,匈牙利,1,千克,0,—,1868
38151200,以贵金属及其化合物为...,501,加拿大,364,千克,0,—,57051
38151900,其他载体催化剂,244,南非,13964,千克,0,—,590077
38151900,其他载体催化剂,301,比利时,36580,千克,0,—,3546591
38151900,其他载体催化剂,305,法国,179274,千克,0,—,2022968
38151900,其他载体催化剂,307,意大利,14947,千克,0,—,7182189
38151900,其他载体催化剂,309,荷兰,205784,千克,0,—,4366908
38151900,其他载体催化剂,312,西班牙,1216,千克,0,—,445727
38151900,其他载体催化剂,315,奥地利,6831,千克,0,—,150339
38151900,其他载体催化剂,327,波兰,18,千克,0,—,4600
38151900,其他载体催化剂,429,墨西哥,500,千克,0,—,41609
38159000,未列名的反应引发剂、...,301,比利时,42344,千克,0,—,442998
38159000,未列名的反应引发剂、...,305,法国,12254,千克,0,—,147768
38159000,未列名的反应引发剂、...,306,爱尔兰,4134,千克,0,—,56164
38159000,未列名的反应引发剂、...,307,意大利,67393,千克,0,—,669502
38159000,未列名的反应引发剂、...,309,荷兰,3754,千克,0,—,176842
38159000,未列名的反应引发剂、...,312,西班牙,30,千克,0,—,2826
38159000,未列名的反应引发剂、...,315,奥地利,41191,千克,0,—,583008
38159000,未列名的反应引发剂、...,321,匈牙利,29760,千克,0,—,142371
38159000,未列名的反应引发剂、...,326,挪威,85,千克,0,—,2048
38159000,未列名的反应引发剂、...,501,加拿大,11100,千克,0,—,38552
38160000,耐火的水泥、灰泥、混...,127,巴基斯坦,524,千克,0,—,2996
38160000,耐火的水泥、灰泥、混...,301,比利时,16780,千克,0,—,48232
38160000,耐火的水泥、灰泥、混...,305,法国,749437,千克,0,—,1258390
38160000,耐火的水泥、灰泥、混...,307,意大利,637073,千克,0,—,406114
38160000,耐火的水泥、灰泥、混...,309,荷兰,115390,千克,0,—,139484
38160000,耐火的水泥、灰泥、混...,312,西班牙,128185,千克,0,—,250564
38160000,耐火的水泥、灰泥、混...,315,奥地利,459800,千克,0,—,870211
38160000,耐火的水泥、灰泥、混...,321,匈牙利,819,千克,0,—,21483
38160000,耐火的水泥、灰泥、混...,326,挪威,24200,千克,0,—,321424
38160000,耐火的水泥、灰泥、混...,327,波兰,1600,千克,0,—,2552
38160000,耐火的水泥、灰泥、混...,429,墨西哥,4000,千克,0,—,24383
38160000,耐火的水泥、灰泥、混...,501,加拿大,2829,千克,0,—,9792
38170000,混合烷基苯及混合烷基...,138,阿联酋,199680,千克,0,—,200676
38180011,7.5cm≤直径≤1...,305,法国,16,千克,584,片,23458
38180011,7.5cm≤直径≤1...,307,意大利,0,千克,6,片,5566
38180011,7.5cm≤直径≤1...,318,芬兰,77,千克,4523,片,398012
38180011,7.5cm≤直径≤1...,340,白俄罗斯,1,千克,50,片,1176
38180011,7.5cm≤直径≤1...,501,加拿大,0,千克,8067,片,435
38180019,直径＞15.24cm...,129,菲律宾,2,千克,10,片,528
38180019,直径＞15.24cm...,301,比利时,11,千克,14,片,3519
38180019,直径＞15.24cm...,305,法国,205,千克,987,片,3394871
38180019,直径＞15.24cm...,307,意大利,437,千克,5464,片,229371
38180019,直径＞15.24cm...,309,荷兰,9,千克,73,片,68427
38180019,直径＞15.24cm...,318,芬兰,703,千克,9934,片,714955
38180019,直径＞15.24cm...,326,挪威,4431,千克,682106,片,70218
38180019,直径＞15.24cm...,340,白俄罗斯,3,千克,50,片,1435
38180019,直径＞15.24cm...,501,加拿大,1,千克,1,片,3133
38180090,其他经掺杂用于电子工...,129,菲律宾,0,千克,0,—,15148
38180090,其他经掺杂用于电子工...,301,比利时,0,千克,0,—,242
38180090,其他经掺杂用于电子工...,305,法国,11057,千克,0,—,513743
38180090,其他经掺杂用于电子工...,306,爱尔兰,0,千克,0,—,110
38180090,其他经掺杂用于电子工...,307,意大利,3,千克,0,—,8250
38180090,其他经掺杂用于电子工...,309,荷兰,0,千克,0,—,89219
38180090,其他经掺杂用于电子工...,315,奥地利,0,千克,0,—,4461
38180090,其他经掺杂用于电子工...,327,波兰,1,千克,0,—,37003
38180090,其他经掺杂用于电子工...,336,立陶宛,0,千克,0,—,4040
38190000,闸用液压油等液压传动...,301,比利时,30,千克,0,—,1135
38190000,闸用液压油等液压传动...,305,法国,31617,千克,0,—,125002
38190000,闸用液压油等液压传动...,307,意大利,52906,千克,0,—,128879
38190000,闸用液压油等液压传动...,309,荷兰,987,千克,0,—,5684
38190000,闸用液压油等液压传动...,312,西班牙,61,千克,0,—,980
38190000,闸用液压油等液压传动...,315,奥地利,1401,千克,0,—,5769
38190000,闸用液压油等液压传动...,327,波兰,2984,千克,0,—,17344
38190000,闸用液压油等液压传动...,336,立陶宛,1891,千克,0,—,5658
38200000,防冻剂及解冻剂,137,土耳其,102,千克,0,—,1237
38200000,防冻剂及解冻剂,301,比利时,279828,千克,0,—,524909
38200000,防冻剂及解冻剂,305,法国,1669,千克,0,—,3539
38200000,防冻剂及解冻剂,307,意大利,3128,千克,0,—,5337
38200000,防冻剂及解冻剂,312,西班牙,1860,千克,0,—,2290
38200000,防冻剂及解冻剂,315,奥地利,430,千克,0,—,1050
38200000,防冻剂及解冻剂,501,加拿大,57,千克,0,—,600
38210000,制成的微生物或植物、...,301,比利时,4860,千克,0,—,766113
38210000,制成的微生物或植物、...,305,法国,9634,千克,0,—,350815
38210000,制成的微生物或植物、...,307,意大利,101,千克,0,—,4396
38210000,制成的微生物或植物、...,309,荷兰,49,千克,0,—,6851
38210000,制成的微生物或植物、...,312,西班牙,9004,千克,0,—,230349
38210000,制成的微生物或植物、...,318,芬兰,579,千克,0,—,28686
38210000,制成的微生物或植物、...,327,波兰,20,千克,0,—,6142
38210000,制成的微生物或植物、...,435,波多黎各,53838,千克,0,—,2482837
38210000,制成的微生物或植物、...,501,加拿大,1570,千克,0,—,427346
38220010,附于衬背上的诊断或实...,301,比利时,67,千克,0,—,25488
38220010,附于衬背上的诊断或实...,305,法国,94,千克,0,—,36972
38220010,附于衬背上的诊断或实...,307,意大利,462,千克,0,—,121851
38220010,附于衬背上的诊断或实...,312,西班牙,3750,千克,0,—,525111
38220010,附于衬背上的诊断或实...,315,奥地利,8,千克,0,—,6683
38220010,附于衬背上的诊断或实...,318,芬兰,31,千克,0,—,32514
38220010,附于衬背上的诊断或实...,326,挪威,43,千克,0,—,1650929
38220010,附于衬背上的诊断或实...,327,波兰,1426,千克,0,—,268091
38220010,附于衬背上的诊断或实...,336,立陶宛,16,千克,0,—,30150
38220010,附于衬背上的诊断或实...,501,加拿大,32225,千克,0,—,3912651
38220090,其他诊断或实验用试剂...,124,蒙古,0,千克,0,—,331
38220090,其他诊断或实验用试剂...,244,南非,104,千克,0,—,428301
38220090,其他诊断或实验用试剂...,301,比利时,955,千克,0,—,325395
38220090,其他诊断或实验用试剂...,305,法国,18303,千克,0,—,5002019
38220090,其他诊断或实验用试剂...,306,爱尔兰,64528,千克,0,—,4850092
38220090,其他诊断或实验用试剂...,307,意大利,1014,千克,0,—,269549
38220090,其他诊断或实验用试剂...,309,荷兰,644,千克,0,—,575127
38220090,其他诊断或实验用试剂...,310,希腊,111,千克,0,—,51731
38220090,其他诊断或实验用试剂...,312,西班牙,2866,千克,0,—,1063670
38220090,其他诊断或实验用试剂...,315,奥地利,1852,千克,0,—,615717
38220090,其他诊断或实验用试剂...,316,保加利亚,7,千克,0,—,19213
38220090,其他诊断或实验用试剂...,318,芬兰,5211,千克,0,—,2640764
38220090,其他诊断或实验用试剂...,321,匈牙利,112,千克,0,—,55543
38220090,其他诊断或实验用试剂...,326,挪威,2970,千克,0,—,433276
38220090,其他诊断或实验用试剂...,327,波兰,36680,千克,0,—,892938
38220090,其他诊断或实验用试剂...,336,立陶宛,2890,千克,0,—,3741898
38220090,其他诊断或实验用试剂...,429,墨西哥,19,千克,0,—,6671
38220090,其他诊断或实验用试剂...,501,加拿大,2877,千克,0,—,1880708
38231100,硬脂酸,305,法国,146,千克,0,—,1631
38231100,硬脂酸,309,荷兰,25,千克,0,—,536
38231200,油酸,301,比利时,7200,千克,0,—,17550
38231200,油酸,307,意大利,21600,千克,0,—,46180
38231900,其他工业用单羧脂肪酸...,129,菲律宾,2184355,千克,0,—,1985833
38231900,其他工业用单羧脂肪酸...,138,阿联酋,166890,千克,0,—,119013
38231900,其他工业用单羧脂肪酸...,301,比利时,6800,千克,0,—,19040
38231900,其他工业用单羧脂肪酸...,307,意大利,300,千克,0,—,2876
38231900,其他工业用单羧脂肪酸...,309,荷兰,25740,千克,0,—,115702
38237000,工业用脂肪醇,129,菲律宾,394630,千克,0,—,748311
38237000,工业用脂肪醇,244,南非,2553557,千克,0,—,3208306
38237000,工业用脂肪醇,305,法国,192764,千克,0,—,664922
38237000,工业用脂肪醇,307,意大利,141220,千克,0,—,332888
38237000,工业用脂肪醇,309,荷兰,341540,千克,0,—,690454
38241000,铸模及铸芯用粘合剂,137,土耳其,5250,千克,0,—,21783
38241000,铸模及铸芯用粘合剂,307,意大利,2312,千克,0,—,23332
38241000,铸模及铸芯用粘合剂,315,奥地利,20700,千克,0,—,60045
38243000,自身或与金属粘合剂混...,307,意大利,75,千克,0,—,7198
38244010,高效减水剂,301,比利时,202,千克,0,—,1657
38244010,高效减水剂,305,法国,8662,千克,0,—,6946
38244010,高效减水剂,307,意大利,17382,千克,0,—,43272
38244010,高效减水剂,312,西班牙,4440,千克,0,—,32656
38244090,其他水泥、灰泥及混凝...,301,比利时,7680,千克,0,—,24751
38244090,其他水泥、灰泥及混凝...,305,法国,2066,千克,0,—,8457
38244090,其他水泥、灰泥及混凝...,307,意大利,20870,千克,0,—,123031
38244090,其他水泥、灰泥及混凝...,309,荷兰,1318,千克,0,—,5459
38244090,其他水泥、灰泥及混凝...,310,希腊,186966,千克,0,—,193060
38244090,其他水泥、灰泥及混凝...,312,西班牙,16171,千克,0,—,102846
38244090,其他水泥、灰泥及混凝...,315,奥地利,1800,千克,0,—,7884
38244090,其他水泥、灰泥及混凝...,326,挪威,28800,千克,0,—,59461
38244090,其他水泥、灰泥及混凝...,501,加拿大,48000,千克,0,—,93188
38245000,非耐火的灰泥及混凝土,301,比利时,520000,千克,0,—,249600
38245000,非耐火的灰泥及混凝土,307,意大利,41168,千克,0,—,39513
38245000,非耐火的灰泥及混凝土,310,希腊,360,千克,0,—,576
38245000,非耐火的灰泥及混凝土,312,西班牙,24925,千克,0,—,48558
38245000,非耐火的灰泥及混凝土,501,加拿大,34200,千克,0,—,86738
38247800,含全氟烃（PFCs）...,305,法国,19200,千克,0,—,114100
38247800,含全氟烃（PFCs）...,307,意大利,32,千克,0,—,40104
38249100,主要由(5-乙基-2...,326,挪威,2040,千克,0,—,7980
38249920,除墨剂、蜡纸改正液及...,305,法国,56,千克,0,—,4560
38249992,按重量计含氧化镁70...,307,意大利,150,千克,0,—,1862
38249999,未列名化学工业及其相...,127,巴基斯坦,15200,千克,0,—,17488
38249999,未列名化学工业及其相...,129,菲律宾,2866180,千克,0,—,3223026
38249999,未列名化学工业及其相...,137,土耳其,110299,千克,0,—,321216
38249999,未列名化学工业及其相...,138,阿联酋,431911,千克,0,—,471440
38249999,未列名化学工业及其相...,244,南非,164834,千克,0,—,128334
38249999,未列名化学工业及其相...,301,比利时,796815,千克,0,—,4184871
38249999,未列名化学工业及其相...,305,法国,1592280,千克,0,—,14483989
38249999,未列名化学工业及其相...,306,爱尔兰,48756,千克,0,—,415695
38249999,未列名化学工业及其相...,307,意大利,1758704,千克,0,—,7345433
38249999,未列名化学工业及其相...,309,荷兰,490747,千克,0,—,3050107
38249999,未列名化学工业及其相...,310,希腊,44828,千克,0,—,52647
38249999,未列名化学工业及其相...,312,西班牙,716695,千克,0,—,2868852
38249999,未列名化学工业及其相...,315,奥地利,68013,千克,0,—,559079
38249999,未列名化学工业及其相...,316,保加利亚,3,千克,0,—,2223
38249999,未列名化学工业及其相...,318,芬兰,797,千克,0,—,70064
38249999,未列名化学工业及其相...,321,匈牙利,1736,千克,0,—,46578
38249999,未列名化学工业及其相...,326,挪威,22402,千克,0,—,48372
38249999,未列名化学工业及其相...,327,波兰,503410,千克,0,—,1229052
38249999,未列名化学工业及其相...,336,立陶宛,280,千克,0,—,86243
38249999,未列名化学工业及其相...,350,斯洛文尼亚,10583,千克,0,—,46224
38249999,未列名化学工业及其相...,408,玻利维亚,22000,千克,0,—,19368
38249999,未列名化学工业及其相...,410,巴西,111232,千克,0,—,610865
38249999,未列名化学工业及其相...,429,墨西哥,133431,千克,0,—,823263
38249999,未列名化学工业及其相...,435,波多黎各,728,千克,0,—,2937096
38249999,未列名化学工业及其相...,501,加拿大,492986,千克,0,—,1422264
38260000,生物柴油及其混合物，...,301,比利时,500,千克,568,升,1202
39011000,初级形状的聚乙烯，比...,127,巴基斯坦,26210,千克,0,—,14853
39011000,初级形状的聚乙烯，比...,137,土耳其,1163945,千克,0,—,800220
39011000,初级形状的聚乙烯，比...,138,阿联酋,25060069,千克,0,—,34665356
39011000,初级形状的聚乙烯，比...,244,南非,163230,千克,0,—,101202
39011000,初级形状的聚乙烯，比...,301,比利时,959520,千克,0,—,1499795
39011000,初级形状的聚乙烯，比...,305,法国,1011725,千克,0,—,1514193
39011000,初级形状的聚乙烯，比...,307,意大利,594620,千克,0,—,565099
39011000,初级形状的聚乙烯，比...,309,荷兰,1330469,千克,0,—,2923929
39011000,初级形状的聚乙烯，比...,310,希腊,222918,千克,0,—,239805
39011000,初级形状的聚乙烯，比...,312,西班牙,383588,千克,0,—,235162
39011000,初级形状的聚乙烯，比...,318,芬兰,11000,千克,0,—,36080
39011000,初级形状的聚乙烯，比...,321,匈牙利,121000,千克,0,—,84323
39011000,初级形状的聚乙烯，比...,326,挪威,411470,千克,0,—,766361
39011000,初级形状的聚乙烯，比...,327,波兰,154605,千克,0,—,215141
39011000,初级形状的聚乙烯，比...,339,阿塞拜疆（2023年起停用）,1237500,千克,0,—,1772764
39011000,初级形状的聚乙烯，比...,350,斯洛文尼亚,69700,千克,0,—,55927
39011000,初级形状的聚乙烯，比...,410,巴西,509454,千克,0,—,772016
39011000,初级形状的聚乙烯，比...,501,加拿大,95030,千克,0,—,167888
39012000,初级形状的聚乙烯，比...,118,科威特,19713360,千克,0,—,21793693
39012000,初级形状的聚乙烯，比...,127,巴基斯坦,27000,千克,0,—,22748
39012000,初级形状的聚乙烯，比...,129,菲律宾,25,千克,0,—,48
39012000,初级形状的聚乙烯，比...,138,阿联酋,80593322,千克,0,—,94595224
39012000,初级形状的聚乙烯，比...,301,比利时,4339115,千克,0,—,6322749
39012000,初级形状的聚乙烯，比...,305,法国,789752,千克,0,—,1898634
39012000,初级形状的聚乙烯，比...,307,意大利,1125415,千克,0,—,1223804
39012000,初级形状的聚乙烯，比...,309,荷兰,124637,千克,0,—,328892
39012000,初级形状的聚乙烯，比...,310,希腊,112768,千克,0,—,401931
39012000,初级形状的聚乙烯，比...,312,西班牙,320340,千克,0,—,237462
39012000,初级形状的聚乙烯，比...,318,芬兰,380100,千克,0,—,788839
39012000,初级形状的聚乙烯，比...,327,波兰,72270,千克,0,—,42704
39012000,初级形状的聚乙烯，比...,410,巴西,187150,千克,0,—,518907
39012000,初级形状的聚乙烯，比...,429,墨西哥,25200,千克,0,—,16128
39012000,初级形状的聚乙烯，比...,501,加拿大,1177393,千克,0,—,1449788
39013000,初级形状的乙烯-乙酸...,137,土耳其,25,千克,0,—,135
39013000,初级形状的乙烯-乙酸...,301,比利时,1644075,千克,0,—,3545360
39013000,初级形状的乙烯-乙酸...,305,法国,690350,千克,0,—,1474235
39013000,初级形状的乙烯-乙酸...,307,意大利,3611,千克,0,—,7754
39013000,初级形状的乙烯-乙酸...,312,西班牙,309975,千克,0,—,484292
39013000,初级形状的乙烯-乙酸...,410,巴西,123750,千克,0,—,370705
39013000,初级形状的乙烯-乙酸...,501,加拿大,2113019,千克,0,—,4613989
39014010,初级形状的乙烯-丙烯...,301,比利时,20400,千克,0,—,25806
39014010,初级形状的乙烯-丙烯...,307,意大利,33815,千克,0,—,78600
39014010,初级形状的乙烯-丙烯...,315,奥地利,1,千克,0,—,25
39014020,初级形状的线型低密度...,118,科威特,6534000,千克,0,—,7147961
39014020,初级形状的线型低密度...,129,菲律宾,302000,千克,0,—,361938
39014020,初级形状的线型低密度...,138,阿联酋,28115509,千克,0,—,33168932
39014020,初级形状的线型低密度...,244,南非,138620,千克,0,—,75313
39014020,初级形状的线型低密度...,301,比利时,301826,千克,0,—,432059
39014020,初级形状的线型低密度...,305,法国,2020020,千克,0,—,2651029
39014020,初级形状的线型低密度...,307,意大利,11000,千克,0,—,37539
39014020,初级形状的线型低密度...,309,荷兰,1405505,千克,0,—,3586249
39014020,初级形状的线型低密度...,310,希腊,48400,千克,0,—,42108
39014020,初级形状的线型低密度...,312,西班牙,694767,千克,0,—,1287372
39014020,初级形状的线型低密度...,316,保加利亚,73440,千克,0,—,48488
39014020,初级形状的线型低密度...,318,芬兰,22000,千克,0,—,42350
39014020,初级形状的线型低密度...,327,波兰,236614,千克,0,—,170096
39014020,初级形状的线型低密度...,410,巴西,95125,千克,0,—,259598
39014020,初级形状的线型低密度...,501,加拿大,2693810,千克,0,—,3163895
39014090,其他初级形状的乙烯-...,138,阿联酋,866250,千克,0,—,1074150
39014090,其他初级形状的乙烯-...,305,法国,8000,千克,0,—,24902
39014090,其他初级形状的乙烯-...,309,荷兰,173250,千克,0,—,321007
39014090,其他初级形状的乙烯-...,312,西班牙,11280055,千克,0,—,23744038
39014090,其他初级形状的乙烯-...,321,匈牙利,20000,千克,0,—,15649
39014090,其他初级形状的乙烯-...,501,加拿大,91600,千克,0,—,271102
39019010,其他初级形状的乙烯-...,129,菲律宾,49498,千克,0,—,34752
39019010,其他初级形状的乙烯-...,305,法国,144980,千克,0,—,133895
39019010,其他初级形状的乙烯-...,307,意大利,85662,千克,0,—,173626
39019010,其他初级形状的乙烯-...,429,墨西哥,571170,千克,0,—,335132
39019010,其他初级形状的乙烯-...,501,加拿大,20000,千克,0,—,102506
39019090,未列名初级形状的乙烯...,127,巴基斯坦,283400,千克,0,—,204103
39019090,未列名初级形状的乙烯...,129,菲律宾,53200,千克,0,—,38952
39019090,未列名初级形状的乙烯...,137,土耳其,921600,千克,0,—,592037
39019090,未列名初级形状的乙烯...,301,比利时,2165838,千克,0,—,5866867
39019090,未列名初级形状的乙烯...,305,法国,1653521,千克,0,—,4672926
39019090,未列名初级形状的乙烯...,307,意大利,2039900,千克,0,—,1623158
39019090,未列名初级形状的乙烯...,309,荷兰,39800,千克,0,—,105638
39019090,未列名初级形状的乙烯...,312,西班牙,1403200,千克,0,—,2026420
39019090,未列名初级形状的乙烯...,315,奥地利,100,千克,0,—,706
39019090,未列名初级形状的乙烯...,316,保加利亚,101020,千克,0,—,60792
39019090,未列名初级形状的乙烯...,318,芬兰,4500,千克,0,—,51255
39019090,未列名初级形状的乙烯...,327,波兰,48100,千克,0,—,31752
39019090,未列名初级形状的乙烯...,350,斯洛文尼亚,294152,千克,0,—,135340
39019090,未列名初级形状的乙烯...,410,巴西,100,千克,0,—,490
39019090,未列名初级形状的乙烯...,429,墨西哥,500,千克,0,—,950
39019090,未列名初级形状的乙烯...,501,加拿大,182926,千克,0,—,624711
39021000,初级形状的聚丙烯,118,科威特,77700,千克,0,—,46759
39021000,初级形状的聚丙烯,129,菲律宾,719500,千克,0,—,497195
39021000,初级形状的聚丙烯,137,土耳其,73725,千克,0,—,108798
39021000,初级形状的聚丙烯,138,阿联酋,31704652,千克,0,—,40025720
39021000,初级形状的聚丙烯,244,南非,1212750,千克,0,—,1623073
39021000,初级形状的聚丙烯,301,比利时,3456128,千克,0,—,6336675
39021000,初级形状的聚丙烯,305,法国,503925,千克,0,—,1173567
39021000,初级形状的聚丙烯,307,意大利,745071,千克,0,—,1619563
39021000,初级形状的聚丙烯,309,荷兰,643026,千克,0,—,1668207
39021000,初级形状的聚丙烯,312,西班牙,165136,千克,0,—,361538
39021000,初级形状的聚丙烯,315,奥地利,121377,千克,0,—,198195
39021000,初级形状的聚丙烯,318,芬兰,136030,千克,0,—,606324
39021000,初级形状的聚丙烯,321,匈牙利,675,千克,0,—,3429
39021000,初级形状的聚丙烯,327,波兰,898,千克,0,—,2261
39021000,初级形状的聚丙烯,410,巴西,3550,千克,0,—,18396
39021000,初级形状的聚丙烯,429,墨西哥,33314,千克,0,—,80900
39021000,初级形状的聚丙烯,501,加拿大,77463,千克,0,—,116893
39022000,初级形状的聚异丁烯,301,比利时,1064,千克,0,—,10141
39022000,初级形状的聚异丁烯,305,法国,843961,千克,0,—,1390832
39022000,初级形状的聚异丁烯,326,挪威,800,千克,0,—,12841
39022000,初级形状的聚异丁烯,501,加拿大,62453,千克,0,—,306469
39023010,初级形状的乙烯-丙烯...,138,阿联酋,12377198,千克,0,—,14503810
39023010,初级形状的乙烯-丙烯...,301,比利时,393125,千克,0,—,615285
39023010,初级形状的乙烯-丙烯...,305,法国,53050,千克,0,—,177545
39023010,初级形状的乙烯-丙烯...,307,意大利,223250,千克,0,—,537297
39023010,初级形状的乙烯-丙烯...,309,荷兰,719250,千克,0,—,1675508
39023010,初级形状的乙烯-丙烯...,312,西班牙,125550,千克,0,—,325163
39023010,初级形状的乙烯-丙烯...,315,奥地利,45000,千克,0,—,99000
39023010,初级形状的乙烯-丙烯...,327,波兰,204,千克,0,—,341
39023010,初级形状的乙烯-丙烯...,410,巴西,111003,千克,0,—,330303
39023010,初级形状的乙烯-丙烯...,429,墨西哥,25,千克,0,—,225
39023010,初级形状的乙烯-丙烯...,501,加拿大,27000,千克,0,—,109132
39023090,其他初级形状的丙烯共...,138,阿联酋,321750,千克,0,—,441539
39023090,其他初级形状的丙烯共...,301,比利时,205122,千克,0,—,395461
39023090,其他初级形状的丙烯共...,305,法国,136350,千克,0,—,635205
39023090,其他初级形状的丙烯共...,307,意大利,6300,千克,0,—,32393
39023090,其他初级形状的丙烯共...,309,荷兰,693150,千克,0,—,1531024
39023090,其他初级形状的丙烯共...,312,西班牙,100,千克,0,—,276
39023090,其他初级形状的丙烯共...,429,墨西哥,100,千克,0,—,1776
39023090,其他初级形状的丙烯共...,501,加拿大,9500,千克,0,—,41254
39029000,其他初级形状的烯烃聚...,127,巴基斯坦,27000,千克,0,—,18415
39029000,其他初级形状的烯烃聚...,129,菲律宾,26250,千克,0,—,21000
39029000,其他初级形状的烯烃聚...,137,土耳其,630,千克,0,—,3452
39029000,其他初级形状的烯烃聚...,301,比利时,791256,千克,0,—,2391077
39029000,其他初级形状的烯烃聚...,305,法国,924730,千克,0,—,2922568
39029000,其他初级形状的烯烃聚...,307,意大利,55002,千克,0,—,281439
39029000,其他初级形状的烯烃聚...,309,荷兰,243550,千克,0,—,690935
39029000,其他初级形状的烯烃聚...,312,西班牙,204773,千克,0,—,694660
39029000,其他初级形状的烯烃聚...,327,波兰,1000,千克,0,—,7640
39029000,其他初级形状的烯烃聚...,429,墨西哥,13319,千克,0,—,33533
39029000,其他初级形状的烯烃聚...,501,加拿大,82520,千克,0,—,314275
39031100,初级形状的可发性聚苯...,315,奥地利,120000,千克,0,—,310446
39031100,初级形状的可发性聚苯...,429,墨西哥,46400,千克,0,—,39450
39031100,初级形状的可发性聚苯...,501,加拿大,37000,千克,0,—,34001
39031910,改性的初级形状的聚苯...,127,巴基斯坦,49500,千克,0,—,47069
39031910,改性的初级形状的聚苯...,129,菲律宾,191550,千克,0,—,194803
39031910,改性的初级形状的聚苯...,137,土耳其,153540,千克,0,—,166094
39031910,改性的初级形状的聚苯...,305,法国,4930,千克,0,—,46926
39031910,改性的初级形状的聚苯...,307,意大利,5000,千克,0,—,21329
39031910,改性的初级形状的聚苯...,312,西班牙,100,千克,0,—,745
39031910,改性的初级形状的聚苯...,318,芬兰,51,千克,0,—,953
39031910,改性的初级形状的聚苯...,321,匈牙利,45600,千克,0,—,48022
39031910,改性的初级形状的聚苯...,501,加拿大,123,千克,0,—,34394
39031990,其他初级形状的聚苯乙...,127,巴基斯坦,574000,千克,0,—,779164
39031990,其他初级形状的聚苯乙...,129,菲律宾,720000,千克,0,—,589549
39031990,其他初级形状的聚苯乙...,137,土耳其,3150,千克,0,—,5891
39031990,其他初级形状的聚苯乙...,301,比利时,232375,千克,0,—,529017
39031990,其他初级形状的聚苯乙...,305,法国,207137,千克,0,—,647181
39031990,其他初级形状的聚苯乙...,307,意大利,51634,千克,0,—,72633
39031990,其他初级形状的聚苯乙...,309,荷兰,8300,千克,0,—,48392
39031990,其他初级形状的聚苯乙...,312,西班牙,22004,千克,0,—,73503
39031990,其他初级形状的聚苯乙...,321,匈牙利,22800,千克,0,—,14706
39031990,其他初级形状的聚苯乙...,429,墨西哥,20250,千克,0,—,20250
39032000,初级形状的苯乙烯-丙...,305,法国,2950,千克,0,—,11792
39032000,初级形状的苯乙烯-丙...,312,西班牙,3116,千克,0,—,21812
39033010,改性初级形状的丙烯腈...,127,巴基斯坦,26000,千克,0,—,65000
39033010,改性初级形状的丙烯腈...,129,菲律宾,521000,千克,0,—,548686
39033010,改性初级形状的丙烯腈...,137,土耳其,595,千克,0,—,3260
39033010,改性初级形状的丙烯腈...,301,比利时,375,千克,0,—,1922
39033010,改性初级形状的丙烯腈...,305,法国,71820,千克,0,—,79456
39033010,改性初级形状的丙烯腈...,307,意大利,11310,千克,0,—,25593
39033010,改性初级形状的丙烯腈...,312,西班牙,74929,千克,0,—,265715
39033010,改性初级形状的丙烯腈...,321,匈牙利,53692,千克,0,—,76455
39033010,改性初级形状的丙烯腈...,410,巴西,10,千克,0,—,193
39033010,改性初级形状的丙烯腈...,429,墨西哥,107949,千克,0,—,186443
39033010,改性初级形状的丙烯腈...,501,加拿大,61800,千克,0,—,120395
39033090,其他初级形状的丙烯腈...,127,巴基斯坦,83340,千克,0,—,90829
39033090,其他初级形状的丙烯腈...,129,菲律宾,580518,千克,0,—,514007
39033090,其他初级形状的丙烯腈...,137,土耳其,1050,千克,0,—,7318
39033090,其他初级形状的丙烯腈...,301,比利时,92575,千克,0,—,205455
39033090,其他初级形状的丙烯腈...,305,法国,230210,千克,0,—,317168
39033090,其他初级形状的丙烯腈...,307,意大利,48330,千克,0,—,79398
39033090,其他初级形状的丙烯腈...,309,荷兰,221750,千克,0,—,586283
39033090,其他初级形状的丙烯腈...,310,希腊,75,千克,0,—,596
39033090,其他初级形状的丙烯腈...,312,西班牙,206845,千克,0,—,622723
39033090,其他初级形状的丙烯腈...,315,奥地利,450,千克,0,—,1645
39033090,其他初级形状的丙烯腈...,321,匈牙利,352,千克,0,—,1440
39033090,其他初级形状的丙烯腈...,327,波兰,165406,千克,0,—,166244
39033090,其他初级形状的丙烯腈...,410,巴西,300,千克,0,—,3004
39033090,其他初级形状的丙烯腈...,429,墨西哥,428127,千克,0,—,707742
39033090,其他初级形状的丙烯腈...,501,加拿大,12,千克,0,—,34
39039000,其他初级形状的苯乙烯...,127,巴基斯坦,35800,千克,0,—,35548
39039000,其他初级形状的苯乙烯...,129,菲律宾,98358,千克,0,—,88560
39039000,其他初级形状的苯乙烯...,137,土耳其,62450,千克,0,—,179792
39039000,其他初级形状的苯乙烯...,301,比利时,396075,千克,0,—,931230
39039000,其他初级形状的苯乙烯...,305,法国,389836,千克,0,—,1124556
39039000,其他初级形状的苯乙烯...,307,意大利,249584,千克,0,—,422804
39039000,其他初级形状的苯乙烯...,309,荷兰,538263,千克,0,—,1290461
39039000,其他初级形状的苯乙烯...,312,西班牙,75702,千克,0,—,297205
39039000,其他初级形状的苯乙烯...,315,奥地利,140,千克,0,—,1302
39039000,其他初级形状的苯乙烯...,321,匈牙利,80,千克,0,—,680
39039000,其他初级形状的苯乙烯...,326,挪威,25,千克,0,—,1526
39039000,其他初级形状的苯乙烯...,327,波兰,5,千克,0,—,16
39039000,其他初级形状的苯乙烯...,336,立陶宛,150,千克,0,—,1188
39039000,其他初级形状的苯乙烯...,410,巴西,200,千克,0,—,4069
39039000,其他初级形状的苯乙烯...,429,墨西哥,127172,千克,0,—,210287
39039000,其他初级形状的苯乙烯...,501,加拿大,1,千克,0,—,11298
39041010,初级形状的糊树脂,305,法国,264000,千克,0,—,474660
39041010,初级形状的糊树脂,326,挪威,108000,千克,0,—,146766
39041090,其他初级形状的聚氯乙...,129,菲律宾,68000,千克,0,—,104127
39041090,其他初级形状的聚氯乙...,301,比利时,1375,千克,0,—,6338
39041090,其他初级形状的聚氯乙...,305,法国,520875,千克,0,—,917134
39041090,其他初级形状的聚氯乙...,309,荷兰,1,千克,0,—,970
39042100,初级形状的未塑化聚氯...,305,法国,23375,千克,0,—,46750
39042100,初级形状的未塑化聚氯...,312,西班牙,2090,千克,0,—,2600
39042200,初级形状的已塑化聚氯...,129,菲律宾,130100,千克,0,—,251464
39042200,初级形状的已塑化聚氯...,301,比利时,1300,千克,0,—,17287
39042200,初级形状的已塑化聚氯...,305,法国,150167,千克,0,—,494105
39042200,初级形状的已塑化聚氯...,307,意大利,20101,千克,0,—,79024
39042200,初级形状的已塑化聚氯...,312,西班牙,6400,千克,0,—,13571
39042200,初级形状的已塑化聚氯...,327,波兰,3770,千克,0,—,3932
39042200,初级形状的已塑化聚氯...,501,加拿大,771,千克,0,—,7367
39043000,初级形状的氯乙烯-乙...,138,阿联酋,3000,千克,0,—,5100
39043000,初级形状的氯乙烯-乙...,305,法国,210375,千克,0,—,375666
39045000,初级形状的偏二氯乙烯...,305,法国,263702,千克,0,—,865329
39046100,初级形状的聚四氟乙烯,301,比利时,5280,千克,0,—,124089
39046100,初级形状的聚四氟乙烯,305,法国,1729,千克,0,—,27717
39046100,初级形状的聚四氟乙烯,307,意大利,57368,千克,0,—,639954
39046100,初级形状的聚四氟乙烯,309,荷兰,2083,千克,0,—,31341
39046900,其他初级形状的氟聚合...,305,法国,367404,千克,0,—,7288393
39046900,其他初级形状的氟聚合...,307,意大利,80828,千克,0,—,3060986
39046900,其他初级形状的氟聚合...,309,荷兰,84875,千克,0,—,1804974
39046900,其他初级形状的氟聚合...,318,芬兰,6620,千克,0,—,667529
39049000,其他初级形状的氯乙烯...,301,比利时,73800,千克,0,—,253777
39051200,聚乙酸乙烯酯水分散体,301,比利时,17400,千克,0,—,68605
39051200,聚乙酸乙烯酯水分散体,305,法国,90,千克,0,—,521
39051200,聚乙酸乙烯酯水分散体,307,意大利,18600,千克,0,—,63312
39052100,乙酸乙烯酯共聚物的水...,307,意大利,60,千克,0,—,232
39052900,其他初级形状的乙酸乙...,309,荷兰,20000,千克,0,—,45570
39053000,初级形状的聚乙烯醇,301,比利时,1,千克,0,—,56
39053000,初级形状的聚乙烯醇,305,法国,4,千克,0,—,248
39053000,初级形状的聚乙烯醇,307,意大利,74000,千克,0,—,175468
39053000,初级形状的聚乙烯醇,312,西班牙,111001,千克,0,—,95112
39059100,其他初级形状的乙烯酯...,301,比利时,433000,千克,0,—,2063242
39059100,其他初级形状的乙烯酯...,305,法国,18000,千克,0,—,21469
39059100,其他初级形状的乙烯酯...,429,墨西哥,56820,千克,0,—,34092
39059900,未列名初级形状乙烯酯...,301,比利时,313960,千克,0,—,932910
39059900,未列名初级形状乙烯酯...,305,法国,100,千克,0,—,1956
39059900,未列名初级形状乙烯酯...,309,荷兰,50975,千克,0,—,330267
39059900,未列名初级形状乙烯酯...,312,西班牙,10100,千克,0,—,33691
39059900,未列名初级形状乙烯酯...,429,墨西哥,53404,千克,0,—,64275
39059900,未列名初级形状乙烯酯...,501,加拿大,0,千克,0,—,1233
39061000,初级形状的聚甲基丙烯...,129,菲律宾,53048,千克,0,—,53207
39061000,初级形状的聚甲基丙烯...,137,土耳其,5000,千克,0,—,33860
39061000,初级形状的聚甲基丙烯...,301,比利时,800,千克,0,—,6400
39061000,初级形状的聚甲基丙烯...,305,法国,2400,千克,0,—,22695
39061000,初级形状的聚甲基丙烯...,307,意大利,47025,千克,0,—,228069
39061000,初级形状的聚甲基丙烯...,309,荷兰,8688,千克,0,—,8016
39061000,初级形状的聚甲基丙烯...,315,奥地利,1527,千克,0,—,16434
39061000,初级形状的聚甲基丙烯...,326,挪威,1475,千克,0,—,37595
39061000,初级形状的聚甲基丙烯...,410,巴西,50,千克,0,—,1113
39061000,初级形状的聚甲基丙烯...,429,墨西哥,300,千克,0,—,812
39061000,初级形状的聚甲基丙烯...,442,特立尼达和多巴哥,1,千克,0,—,124
39069010,初级形状的聚丙烯酰胺,305,法国,6875,千克,0,—,34601
39069010,初级形状的聚丙烯酰胺,307,意大利,421400,千克,0,—,1058258
39069010,初级形状的聚丙烯酰胺,309,荷兰,2,千克,0,—,36
39069090,其他初级形状的丙烯酸...,127,巴基斯坦,47600,千克,0,—,56300
39069090,其他初级形状的丙烯酸...,137,土耳其,110800,千克,0,—,182914
39069090,其他初级形状的丙烯酸...,138,阿联酋,62000,千克,0,—,127769
39069090,其他初级形状的丙烯酸...,301,比利时,998860,千克,0,—,1652457
39069090,其他初级形状的丙烯酸...,305,法国,448089,千克,0,—,1721183
39069090,其他初级形状的丙烯酸...,306,爱尔兰,1600,千克,0,—,23832
39069090,其他初级形状的丙烯酸...,307,意大利,485408,千克,0,—,1682731
39069090,其他初级形状的丙烯酸...,309,荷兰,585776,千克,0,—,2286757
39069090,其他初级形状的丙烯酸...,312,西班牙,369340,千克,0,—,2345375
39069090,其他初级形状的丙烯酸...,315,奥地利,53990,千克,0,—,338478
39069090,其他初级形状的丙烯酸...,326,挪威,81784,千克,0,—,319932
39069090,其他初级形状的丙烯酸...,327,波兰,5600,千克,0,—,17472
39069090,其他初级形状的丙烯酸...,410,巴西,2150,千克,0,—,4264
39069090,其他初级形状的丙烯酸...,429,墨西哥,33529,千克,0,—,45042
39069090,其他初级形状的丙烯酸...,435,波多黎各,1,千克,0,—,33195
39069090,其他初级形状的丙烯酸...,501,加拿大,211340,千克,0,—,1120314
39071010,初级形状的聚甲醛,129,菲律宾,114682,千克,0,—,101134
39071010,初级形状的聚甲醛,301,比利时,5025,千克,0,—,62591
39071010,初级形状的聚甲醛,307,意大利,2629,千克,0,—,14193
39071010,初级形状的聚甲醛,309,荷兰,351750,千克,0,—,1536239
39071010,初级形状的聚甲醛,315,奥地利,21000,千克,0,—,38928
39071010,初级形状的聚甲醛,327,波兰,1200,千克,0,—,6780
39071010,初级形状的聚甲醛,410,巴西,399,千克,0,—,3990
39071010,初级形状的聚甲醛,429,墨西哥,24894,千克,0,—,31588
39071090,其他初级形状的聚缩醛,301,比利时,5000,千克,0,—,52460
39071090,其他初级形状的聚缩醛,307,意大利,1874,千克,0,—,14347
39071090,其他初级形状的聚缩醛,309,荷兰,89175,千克,0,—,505674
39072090,初级形状的其他聚醚,129,菲律宾,9240,千克,0,—,12789
39072090,初级形状的其他聚醚,301,比利时,275996,千克,0,—,745929
39072090,初级形状的其他聚醚,305,法国,105691,千克,0,—,440928
39072090,初级形状的其他聚醚,307,意大利,159983,千克,0,—,4282510
39072090,初级形状的其他聚醚,309,荷兰,1009555,千克,0,—,3135235
39072090,初级形状的其他聚醚,312,西班牙,103605,千克,0,—,472863
39072090,初级形状的其他聚醚,315,奥地利,119200,千克,0,—,347765
39072090,初级形状的其他聚醚,326,挪威,6414,千克,0,—,51379
39072090,初级形状的其他聚醚,327,波兰,15,千克,0,—,27
39072090,初级形状的其他聚醚,336,立陶宛,0,千克,0,—,2120
39072090,初级形状的其他聚醚,429,墨西哥,69,千克,0,—,5645
39072090,初级形状的其他聚醚,501,加拿大,0,千克,0,—,2245
39073000,初级形状的环氧树脂,129,菲律宾,2700,千克,0,—,20977
39073000,初级形状的环氧树脂,305,法国,26279,千克,0,—,68556
39073000,初级形状的环氧树脂,307,意大利,1115752,千克,0,—,4612326
39073000,初级形状的环氧树脂,309,荷兰,112205,千克,0,—,356246
39073000,初级形状的环氧树脂,312,西班牙,45990,千克,0,—,179300
39073000,初级形状的环氧树脂,327,波兰,29920,千克,0,—,139522
39073000,初级形状的环氧树脂,410,巴西,20550,千克,0,—,50250
39073000,初级形状的环氧树脂,429,墨西哥,1,千克,0,—,91
39073000,初级形状的环氧树脂,501,加拿大,104,千克,0,—,2578
39074000,初级形状的聚碳酸酯,129,菲律宾,579349,千克,0,—,1138727
39074000,初级形状的聚碳酸酯,137,土耳其,455,千克,0,—,3750
39074000,初级形状的聚碳酸酯,138,阿联酋,26440,千克,0,—,53038
39074000,初级形状的聚碳酸酯,301,比利时,1124533,千克,0,—,4147729
39074000,初级形状的聚碳酸酯,305,法国,54600,千克,0,—,81001
39074000,初级形状的聚碳酸酯,307,意大利,65386,千克,0,—,313503
39074000,初级形状的聚碳酸酯,309,荷兰,2120572,千克,0,—,6579921
39074000,初级形状的聚碳酸酯,312,西班牙,6047651,千克,0,—,14419984
39074000,初级形状的聚碳酸酯,315,奥地利,20225,千克,0,—,41536
39074000,初级形状的聚碳酸酯,321,匈牙利,5,千克,0,—,42
39074000,初级形状的聚碳酸酯,327,波兰,38895,千克,0,—,79425
39074000,初级形状的聚碳酸酯,410,巴西,50,千克,0,—,582
39074000,初级形状的聚碳酸酯,429,墨西哥,274857,千克,0,—,576640
39074000,初级形状的聚碳酸酯,501,加拿大,9141,千克,0,—,74252
39075000,初级形状的醇酸树脂,301,比利时,12920,千克,0,—,26394
39075000,初级形状的醇酸树脂,305,法国,4800,千克,0,—,18077
39075000,初级形状的醇酸树脂,307,意大利,6200,千克,0,—,31722
39075000,初级形状的醇酸树脂,309,荷兰,16200,千克,0,—,52071
39075000,初级形状的醇酸树脂,312,西班牙,9120,千克,0,—,73233
39075000,初级形状的醇酸树脂,315,奥地利,55940,千克,0,—,223212
39076110,粘数≥78毫升/克的...,137,土耳其,1000,千克,0,—,5060
39076110,粘数≥78毫升/克的...,301,比利时,13500,千克,0,—,93465
39076110,粘数≥78毫升/克的...,309,荷兰,49025,千克,0,—,193421
39076190,其他初级形状的粘数≥...,305,法国,3250,千克,0,—,6916
39076190,其他初级形状的粘数≥...,307,意大利,18000,千克,0,—,110349
39076190,其他初级形状的粘数≥...,309,荷兰,38425,千克,0,—,104119
39076910,粘数＜78毫升/克的...,129,菲律宾,522677,千克,0,—,211087
39076910,粘数＜78毫升/克的...,137,土耳其,30000,千克,0,—,64624
39076910,粘数＜78毫升/克的...,224,肯尼亚,554993,千克,0,—,283042
39076910,粘数＜78毫升/克的...,301,比利时,355693,千克,0,—,381934
39076910,粘数＜78毫升/克的...,305,法国,22019,千克,0,—,13458
39076910,粘数＜78毫升/克的...,307,意大利,14541,千克,0,—,8751
39076910,粘数＜78毫升/克的...,309,荷兰,35325,千克,0,—,130702
39076910,粘数＜78毫升/克的...,314,安道尔,1051,千克,0,—,7758
39076910,粘数＜78毫升/克的...,501,加拿大,92250,千克,0,—,217461
39076990,其他初级形状的粘数＜...,305,法国,25135,千克,0,—,16285
39076990,其他初级形状的粘数＜...,309,荷兰,50,千克,0,—,274
39076990,其他初级形状的粘数＜...,429,墨西哥,150,千克,0,—,1519
39077000,初级形状的聚乳酸,305,法国,0,千克,0,—,1805
39077000,初级形状的聚乳酸,306,爱尔兰,0,千克,0,—,17905
39077000,初级形状的聚乳酸,307,意大利,22237,千克,0,—,150543
39077000,初级形状的聚乳酸,309,荷兰,642,千克,0,—,39197
39077000,初级形状的聚乳酸,501,加拿大,32638,千克,0,—,107872
39079100,初级形状的不饱和聚酯,137,土耳其,19360,千克,0,—,39446
39079100,初级形状的不饱和聚酯,138,阿联酋,30,千克,0,—,420
39079100,初级形状的不饱和聚酯,301,比利时,1515,千克,0,—,8693
39079100,初级形状的不饱和聚酯,305,法国,152022,千克,0,—,862792
39079100,初级形状的不饱和聚酯,307,意大利,115520,千克,0,—,415032
39079100,初级形状的不饱和聚酯,309,荷兰,490,千克,0,—,5454
39079100,初级形状的不饱和聚酯,312,西班牙,5000,千克,0,—,26250
39079100,初级形状的不饱和聚酯,315,奥地利,75,千克,0,—,612
39079100,初级形状的不饱和聚酯,318,芬兰,3300,千克,0,—,10935
39079910,其他初级形状的聚对苯...,129,菲律宾,105100,千克,0,—,101877
39079910,其他初级形状的聚对苯...,137,土耳其,25855,千克,0,—,25888
39079910,其他初级形状的聚对苯...,301,比利时,18000,千克,0,—,57229
39079910,其他初级形状的聚对苯...,305,法国,24429,千克,0,—,98671
39079910,其他初级形状的聚对苯...,307,意大利,335050,千克,0,—,1036281
39079910,其他初级形状的聚对苯...,309,荷兰,130880,千克,0,—,715572
39079910,其他初级形状的聚对苯...,312,西班牙,325,千克,0,—,1720
39079910,其他初级形状的聚对苯...,321,匈牙利,49000,千克,0,—,36750
39079910,其他初级形状的聚对苯...,327,波兰,1920,千克,0,—,23829
39079910,其他初级形状的聚对苯...,336,立陶宛,150,千克,0,—,1279
39079910,其他初级形状的聚对苯...,350,斯洛文尼亚,2000,千克,0,—,8050
39079910,其他初级形状的聚对苯...,410,巴西,25,千克,0,—,91
39079910,其他初级形状的聚对苯...,429,墨西哥,28893,千克,0,—,40841
39079910,其他初级形状的聚对苯...,501,加拿大,4892,千克,0,—,32955
39079991,初级形状的聚对苯二甲...,318,芬兰,20,千克,0,—,348
39079999,未列名初级形状的聚酯,137,土耳其,32360,千克,0,—,170614
39079999,未列名初级形状的聚酯,301,比利时,147605,千克,0,—,418489
39079999,未列名初级形状的聚酯,305,法国,1216,千克,0,—,13359
39079999,未列名初级形状的聚酯,307,意大利,213403,千克,0,—,773795
39079999,未列名初级形状的聚酯,309,荷兰,193944,千克,0,—,1246712
39079999,未列名初级形状的聚酯,312,西班牙,174379,千克,0,—,850389
39079999,未列名初级形状的聚酯,315,奥地利,73500,千克,0,—,241647
39079999,未列名初级形状的聚酯,318,芬兰,141,千克,0,—,2175
39079999,未列名初级形状的聚酯,326,挪威,34240,千克,0,—,356285
39079999,未列名初级形状的聚酯,327,波兰,24840,千克,0,—,24183
39079999,未列名初级形状的聚酯,410,巴西,21000,千克,0,—,85799
39079999,未列名初级形状的聚酯,501,加拿大,1125,千克,0,—,22381
39081011,聚酰胺-6，6的切片,129,菲律宾,214913,千克,0,—,604404
39081011,聚酰胺-6，6的切片,137,土耳其,2075,千克,0,—,8962
39081011,聚酰胺-6，6的切片,301,比利时,6295,千克,0,—,38709
39081011,聚酰胺-6，6的切片,305,法国,133319,千克,0,—,626620
39081011,聚酰胺-6，6的切片,307,意大利,941033,千克,0,—,3418851
39081011,聚酰胺-6，6的切片,309,荷兰,3725,千克,0,—,37580
39081011,聚酰胺-6，6的切片,312,西班牙,1423499,千克,0,—,5841708
39081011,聚酰胺-6，6的切片,327,波兰,56975,千克,0,—,273459
39081011,聚酰胺-6，6的切片,336,立陶宛,75001,千克,0,—,110329
39081011,聚酰胺-6，6的切片,410,巴西,575,千克,0,—,2082
39081011,聚酰胺-6，6的切片,429,墨西哥,1698,千克,0,—,15489
39081011,聚酰胺-6，6的切片,431,尼加拉瓜,20504,千克,0,—,34345
39081011,聚酰胺-6，6的切片,501,加拿大,310500,千克,0,—,1165129
39081012,聚酰胺-6的切片,129,菲律宾,277861,千克,0,—,401229
39081012,聚酰胺-6的切片,137,土耳其,19990,千克,0,—,58960
39081012,聚酰胺-6的切片,301,比利时,793170,千克,0,—,1724254
39081012,聚酰胺-6的切片,305,法国,2405,千克,0,—,19319
39081012,聚酰胺-6的切片,307,意大利,73220,千克,0,—,255943
39081012,聚酰胺-6的切片,309,荷兰,50500,千克,0,—,134169
39081012,聚酰胺-6的切片,312,西班牙,200,千克,0,—,1749
39081012,聚酰胺-6的切片,327,波兰,81475,千克,0,—,442773
39081012,聚酰胺-6的切片,350,斯洛文尼亚,100000,千克,0,—,294094
39081019,聚酰胺-11、-12...,301,比利时,400,千克,0,—,6072
39081019,聚酰胺-11、-12...,305,法国,124645,千克,0,—,1351451
39081019,聚酰胺-11、-12...,307,意大利,278404,千克,0,—,1260724
39081090,其他初级形状聚酰胺-...,301,比利时,800,千克,0,—,2976
39081090,其他初级形状聚酰胺-...,305,法国,93487,千克,0,—,1831863
39081090,其他初级形状聚酰胺-...,307,意大利,1150,千克,0,—,16732
39081090,其他初级形状聚酰胺-...,309,荷兰,385,千克,0,—,4398
39081090,其他初级形状聚酰胺-...,327,波兰,35,千克,0,—,918
39081090,其他初级形状聚酰胺-...,415,哥斯达黎加,25,千克,0,—,2700
39089010,初级形状的芳香族聚酰...,305,法国,50,千克,0,—,640
39089010,初级形状的芳香族聚酰...,307,意大利,100,千克,0,—,639
39089020,初级形状的半芳香族聚...,301,比利时,74075,千克,0,—,715583
39089020,初级形状的半芳香族聚...,305,法国,10017,千克,0,—,41323
39089020,初级形状的半芳香族聚...,307,意大利,18025,千克,0,—,195543
39089020,初级形状的半芳香族聚...,309,荷兰,400,千克,0,—,9975
39089020,初级形状的半芳香族聚...,327,波兰,50,千克,0,—,225
39089090,未列名初级形状的聚酰...,301,比利时,159525,千克,0,—,1117758
39089090,未列名初级形状的聚酰...,305,法国,90951,千克,0,—,1023269
39089090,未列名初级形状的聚酰...,307,意大利,112749,千克,0,—,645061
39089090,未列名初级形状的聚酰...,309,荷兰,1118038,千克,0,—,10753488
39089090,未列名初级形状的聚酰...,312,西班牙,30025,千克,0,—,139527
39089090,未列名初级形状的聚酰...,327,波兰,16825,千克,0,—,74085
39089090,未列名初级形状的聚酰...,429,墨西哥,314000,千克,0,—,495850
39091000,初级形状的尿素树脂和...,137,土耳其,68000,千克,0,—,83000
39091000,初级形状的尿素树脂和...,307,意大利,204250,千克,0,—,273461
39091000,初级形状的尿素树脂和...,309,荷兰,3000,千克,0,—,23180
39091000,初级形状的尿素树脂和...,326,挪威,11760,千克,0,—,25017
39091000,初级形状的尿素树脂和...,429,墨西哥,80000,千克,0,—,92800
39092000,初级形状的蜜胺树脂,307,意大利,340,千克,0,—,3586
39092000,初级形状的蜜胺树脂,309,荷兰,10000,千克,0,—,27900
39092000,初级形状的蜜胺树脂,326,挪威,155350,千克,0,—,435570
39093100,初级形状的聚（亚甲基...,138,阿联酋,600000,千克,0,—,1594770
39093100,初级形状的聚（亚甲基...,305,法国,200,千克,0,—,1033
39093100,初级形状的聚（亚甲基...,307,意大利,660,千克,0,—,3339
39093100,初级形状的聚（亚甲基...,309,荷兰,230700,千克,0,—,688341
39093100,初级形状的聚（亚甲基...,312,西班牙,610,千克,0,—,8784
39093100,初级形状的聚（亚甲基...,315,奥地利,9780,千克,0,—,41845
39093100,初级形状的聚（亚甲基...,327,波兰,54,千克,0,—,719
39093900,其他初级形状的氨基树...,301,比利时,617,千克,0,—,22926
39093900,其他初级形状的氨基树...,307,意大利,2640,千克,0,—,8244
39093900,其他初级形状的氨基树...,312,西班牙,27,千克,0,—,270
39093900,其他初级形状的氨基树...,315,奥地利,6930,千克,0,—,54478
39093900,其他初级形状的氨基树...,326,挪威,11280,千克,0,—,53131
39094000,初级形状的酚醛树脂,301,比利时,23785,千克,0,—,160240
39094000,初级形状的酚醛树脂,305,法国,70400,千克,0,—,251432
39094000,初级形状的酚醛树脂,307,意大利,6000,千克,0,—,22778
39094000,初级形状的酚醛树脂,312,西班牙,21725,千克,0,—,66945
39094000,初级形状的酚醛树脂,350,斯洛文尼亚,40076,千克,0,—,48091
39094000,初级形状的酚醛树脂,410,巴西,116503,千克,0,—,199734
39095000,初级形状的聚氨基甲酸...,301,比利时,157170,千克,0,—,671065
39095000,初级形状的聚氨基甲酸...,305,法国,165125,千克,0,—,866472
39095000,初级形状的聚氨基甲酸...,307,意大利,889802,千克,0,—,3488108
39095000,初级形状的聚氨基甲酸...,309,荷兰,405960,千克,0,—,1527492
39095000,初级形状的聚氨基甲酸...,312,西班牙,253550,千克,0,—,1452887
39095000,初级形状的聚氨基甲酸...,315,奥地利,68240,千克,0,—,461736
39095000,初级形状的聚氨基甲酸...,321,匈牙利,38500,千克,0,—,201713
39095000,初级形状的聚氨基甲酸...,410,巴西,1280,千克,0,—,13200
39095000,初级形状的聚氨基甲酸...,429,墨西哥,50978,千克,0,—,234745
39095000,初级形状的聚氨基甲酸...,501,加拿大,50,千克,0,—,449
39100000,初级形状的聚硅氧烷,129,菲律宾,0,千克,0,—,540
39100000,初级形状的聚硅氧烷,301,比利时,116503,千克,0,—,795936
39100000,初级形状的聚硅氧烷,305,法国,458408,千克,0,—,2777802
39100000,初级形状的聚硅氧烷,306,爱尔兰,0,千克,0,—,3745
39100000,初级形状的聚硅氧烷,307,意大利,68218,千克,0,—,577143
39100000,初级形状的聚硅氧烷,309,荷兰,58359,千克,0,—,439662
39100000,初级形状的聚硅氧烷,312,西班牙,55552,千克,0,—,295208
39100000,初级形状的聚硅氧烷,327,波兰,7459,千克,0,—,262231
39100000,初级形状的聚硅氧烷,429,墨西哥,188,千克,0,—,4690
39100000,初级形状的聚硅氧烷,501,加拿大,14462,千克,0,—,193655
39111000,初级形状的石油树脂、...,305,法国,280156,千克,0,—,881836
39111000,初级形状的石油树脂、...,307,意大利,4800,千克,0,—,22304
39111000,初级形状的石油树脂、...,309,荷兰,184022,千克,0,—,429534
39111000,初级形状的石油树脂、...,327,波兰,1000,千克,0,—,6679
39119000,初级形状多硫化物、聚...,301,比利时,4815,千克,0,—,91798
39119000,初级形状多硫化物、聚...,305,法国,161681,千克,0,—,944222
39119000,初级形状多硫化物、聚...,306,爱尔兰,0,千克,0,—,324
39119000,初级形状多硫化物、聚...,307,意大利,141677,千克,0,—,1535592
39119000,初级形状多硫化物、聚...,309,荷兰,139100,千克,0,—,414743
39119000,初级形状多硫化物、聚...,312,西班牙,59583,千克,0,—,387311
39119000,初级形状多硫化物、聚...,315,奥地利,29723,千克,0,—,1102763
39119000,初级形状多硫化物、聚...,318,芬兰,4000,千克,0,—,30880
39119000,初级形状多硫化物、聚...,321,匈牙利,100,千克,0,—,1740
39119000,初级形状多硫化物、聚...,336,立陶宛,0,千克,0,—,342
39119000,初级形状多硫化物、聚...,410,巴西,7180,千克,0,—,13436
39119000,初级形状多硫化物、聚...,429,墨西哥,125,千克,0,—,1573
39119000,初级形状多硫化物、聚...,501,加拿大,1,千克,0,—,1278
39121100,初级形状的未塑化醋酸...,137,土耳其,125,千克,0,—,1546
39121100,初级形状的未塑化醋酸...,305,法国,37360,千克,0,—,119271
39121200,初级形状的已塑化醋酸...,307,意大利,1575,千克,0,—,12260
39123100,初级形状的羧甲基纤维...,137,土耳其,45000,千克,0,—,74231
39123100,初级形状的羧甲基纤维...,305,法国,31190,千克,0,—,109213
39123100,初级形状的羧甲基纤维...,309,荷兰,400,千克,0,—,39893
39123100,初级形状的羧甲基纤维...,318,芬兰,67760,千克,0,—,295235
39123100,初级形状的羧甲基纤维...,327,波兰,0,千克,0,—,16
39123900,初级形状的纤维素醚,301,比利时,111283,千克,0,—,803022
39123900,初级形状的纤维素醚,305,法国,651,千克,0,—,21762
39123900,初级形状的纤维素醚,309,荷兰,42301,千克,0,—,346015
39129000,未列名初级形状的纤维...,301,比利时,8000,千克,0,—,50400
39129000,未列名初级形状的纤维...,305,法国,126,千克,0,—,3253
39129000,未列名初级形状的纤维...,306,爱尔兰,80011,千克,0,—,322064
39129000,未列名初级形状的纤维...,307,意大利,475,千克,0,—,7198
39129000,未列名初级形状的纤维...,309,荷兰,36369,千克,0,—,37478
39129000,未列名初级形状的纤维...,327,波兰,0,千克,0,—,17
39129000,未列名初级形状的纤维...,429,墨西哥,2000,千克,0,—,20159
39131000,初级形状的藻酸及其盐...,301,比利时,25,千克,0,—,517
39131000,初级形状的藻酸及其盐...,305,法国,1095,千克,0,—,11535
39131000,初级形状的藻酸及其盐...,326,挪威,3004,千克,0,—,80982
39139000,其他初级形状的天然聚...,244,南非,60,千克,0,—,4800
39139000,其他初级形状的天然聚...,301,比利时,60,千克,0,—,610
39139000,其他初级形状的天然聚...,305,法国,55235,千克,0,—,748907
39139000,其他初级形状的天然聚...,306,爱尔兰,0,千克,0,—,429
39139000,其他初级形状的天然聚...,307,意大利,496,千克,0,—,23078
39139000,其他初级形状的天然聚...,309,荷兰,1000,千克,0,—,10347
39139000,其他初级形状的天然聚...,312,西班牙,23,千克,0,—,25636
39139000,其他初级形状的天然聚...,315,奥地利,45930,千克,0,—,390876
39139000,其他初级形状的天然聚...,321,匈牙利,3,千克,0,—,2261
39139000,其他初级形状的天然聚...,336,立陶宛,0,千克,0,—,1684
39139000,其他初级形状的天然聚...,410,巴西,80,千克,0,—,88000
39139000,其他初级形状的天然聚...,501,加拿大,244,千克,0,—,198138
39140000,以品目3901至39...,301,比利时,0,千克,0,—,77
39140000,以品目3901至39...,305,法国,188324,千克,0,—,2276328
39140000,以品目3901至39...,307,意大利,22822,千克,0,—,317630
39140000,以品目3901至39...,309,荷兰,6,千克,0,—,460
39140000,以品目3901至39...,501,加拿大,2,千克,0,—,2808
39161000,乙烯聚合物单丝（截面...,244,南非,2400,千克,0,—,6671
39161000,乙烯聚合物单丝（截面...,301,比利时,2,千克,0,—,358
39161000,乙烯聚合物单丝（截面...,305,法国,4,千克,0,—,1100
39161000,乙烯聚合物单丝（截面...,307,意大利,258,千克,0,—,10881
39161000,乙烯聚合物单丝（截面...,309,荷兰,1,千克,0,—,257
39162010,氯乙烯聚合物制异型材,307,意大利,76,千克,0,—,2849
39162010,氯乙烯聚合物制异型材,315,奥地利,32,千克,0,—,2103
39162010,氯乙烯聚合物制异型材,327,波兰,31,千克,0,—,71
39162090,其他氯乙烯聚合物单丝...,305,法国,244,千克,0,—,3702
39162090,其他氯乙烯聚合物单丝...,309,荷兰,9,千克,0,—,86
39162090,其他氯乙烯聚合物单丝...,321,匈牙利,1,千克,0,—,14
39162090,其他氯乙烯聚合物单丝...,327,波兰,499,千克,0,—,3397
39162090,其他氯乙烯聚合物单丝...,429,墨西哥,9,千克,0,—,316
39169010,聚酰胺制的单丝（截面...,137,土耳其,2,千克,0,—,320
39169010,聚酰胺制的单丝（截面...,301,比利时,9478,千克,0,—,66775
39169010,聚酰胺制的单丝（截面...,305,法国,31738,千克,0,—,177275
39169010,聚酰胺制的单丝（截面...,307,意大利,15861,千克,0,—,108467
39169010,聚酰胺制的单丝（截面...,309,荷兰,3129,千克,0,—,23327
39169010,聚酰胺制的单丝（截面...,312,西班牙,523,千克,0,—,2562
39169010,聚酰胺制的单丝（截面...,315,奥地利,688,千克,0,—,13874
39169010,聚酰胺制的单丝（截面...,501,加拿大,4,千克,0,—,1161
39169090,未列名塑料单丝（截面...,301,比利时,16310,千克,0,—,384600
39169090,未列名塑料单丝（截面...,305,法国,239,千克,0,—,18344
39169090,未列名塑料单丝（截面...,307,意大利,18160,千克,0,—,194664
39169090,未列名塑料单丝（截面...,309,荷兰,413,千克,0,—,30849
39169090,未列名塑料单丝（截面...,312,西班牙,350,千克,0,—,2701
39169090,未列名塑料单丝（截面...,315,奥地利,5882,千克,0,—,59354
39169090,未列名塑料单丝（截面...,327,波兰,16,千克,0,—,560
39169090,未列名塑料单丝（截面...,429,墨西哥,6,千克,0,—,8424
39171000,硬化蛋白或纤维素材料...,129,菲律宾,13994,千克,0,—,226995
39171000,硬化蛋白或纤维素材料...,305,法国,9996,千克,0,—,127422
39171000,硬化蛋白或纤维素材料...,312,西班牙,27933,千克,0,—,242921
39171000,硬化蛋白或纤维素材料...,410,巴西,20228,千克,0,—,189945
39172100,乙烯聚合物制硬管,137,土耳其,1,千克,0,—,124
39172100,乙烯聚合物制硬管,301,比利时,0,千克,0,—,113
39172100,乙烯聚合物制硬管,305,法国,89,千克,0,—,7881
39172100,乙烯聚合物制硬管,306,爱尔兰,2,千克,0,—,4334
39172100,乙烯聚合物制硬管,307,意大利,26286,千克,0,—,126894
39172100,乙烯聚合物制硬管,309,荷兰,5123,千克,0,—,72392
39172100,乙烯聚合物制硬管,312,西班牙,11060,千克,0,—,299490
39172100,乙烯聚合物制硬管,315,奥地利,598,千克,0,—,7933
39172100,乙烯聚合物制硬管,316,保加利亚,8,千克,0,—,86
39172100,乙烯聚合物制硬管,321,匈牙利,53,千克,0,—,2955
39172100,乙烯聚合物制硬管,327,波兰,534,千克,0,—,7562
39172100,乙烯聚合物制硬管,336,立陶宛,25,千克,0,—,675
39172100,乙烯聚合物制硬管,429,墨西哥,0,千克,0,—,3
39172100,乙烯聚合物制硬管,501,加拿大,10,千克,0,—,1778
39172200,丙烯聚合物制硬管,137,土耳其,300738,千克,0,—,756458
39172200,丙烯聚合物制硬管,301,比利时,6815,千克,0,—,37613
39172200,丙烯聚合物制硬管,307,意大利,35296,千克,0,—,138010
39172200,丙烯聚合物制硬管,315,奥地利,43536,千克,0,—,392270
39172200,丙烯聚合物制硬管,318,芬兰,151,千克,0,—,3314
39172200,丙烯聚合物制硬管,321,匈牙利,29,千克,0,—,2516
39172200,丙烯聚合物制硬管,327,波兰,5,千克,0,—,1595
39172200,丙烯聚合物制硬管,501,加拿大,1,千克,0,—,414
39172300,氯乙烯聚合物制硬管,129,菲律宾,39,千克,0,—,1162
39172300,氯乙烯聚合物制硬管,137,土耳其,76,千克,0,—,3029
39172300,氯乙烯聚合物制硬管,301,比利时,301,千克,0,—,5487
39172300,氯乙烯聚合物制硬管,305,法国,49,千克,0,—,4087
39172300,氯乙烯聚合物制硬管,307,意大利,5459,千克,0,—,60437
39172300,氯乙烯聚合物制硬管,309,荷兰,38501,千克,0,—,237263
39172300,氯乙烯聚合物制硬管,312,西班牙,37,千克,0,—,3814
39172300,氯乙烯聚合物制硬管,316,保加利亚,18,千克,0,—,1511
39172300,氯乙烯聚合物制硬管,318,芬兰,1,千克,0,—,71
39172300,氯乙烯聚合物制硬管,321,匈牙利,54,千克,0,—,9823
39172300,氯乙烯聚合物制硬管,327,波兰,779,千克,0,—,15321
39172300,氯乙烯聚合物制硬管,410,巴西,11,千克,0,—,2869
39172300,氯乙烯聚合物制硬管,429,墨西哥,35,千克,0,—,7538
39172300,氯乙烯聚合物制硬管,501,加拿大,1623,千克,0,—,37767
39172900,其他塑料制硬管,129,菲律宾,3,千克,0,—,531
39172900,其他塑料制硬管,137,土耳其,47,千克,0,—,1510
39172900,其他塑料制硬管,244,南非,67,千克,0,—,1876
39172900,其他塑料制硬管,301,比利时,2520,千克,0,—,20250
39172900,其他塑料制硬管,305,法国,2760,千克,0,—,69252
39172900,其他塑料制硬管,307,意大利,42811,千克,0,—,636770
39172900,其他塑料制硬管,309,荷兰,14920,千克,0,—,676093
39172900,其他塑料制硬管,312,西班牙,16,千克,0,—,2369
39172900,其他塑料制硬管,315,奥地利,37868,千克,0,—,1206843
39172900,其他塑料制硬管,316,保加利亚,274,千克,0,—,4667
39172900,其他塑料制硬管,318,芬兰,349,千克,0,—,28245
39172900,其他塑料制硬管,321,匈牙利,1343,千克,0,—,26407
39172900,其他塑料制硬管,326,挪威,3,千克,0,—,380
39172900,其他塑料制硬管,327,波兰,953,千克,0,—,27968
39172900,其他塑料制硬管,410,巴西,0,千克,0,—,25
39172900,其他塑料制硬管,429,墨西哥,824,千克,0,—,141322
39172900,其他塑料制硬管,501,加拿大,33,千克,0,—,4130
39173100,塑料制的软管，最小爆...,129,菲律宾,311,千克,0,—,17663
39173100,塑料制的软管，最小爆...,137,土耳其,1165,千克,0,—,76190
39173100,塑料制的软管，最小爆...,244,南非,11,千克,0,—,1062
39173100,塑料制的软管，最小爆...,301,比利时,4403,千克,0,—,187598
39173100,塑料制的软管，最小爆...,305,法国,7121,千克,0,—,311777
39173100,塑料制的软管，最小爆...,306,爱尔兰,642,千克,0,—,29817
39173100,塑料制的软管，最小爆...,307,意大利,3567,千克,0,—,141785
39173100,塑料制的软管，最小爆...,309,荷兰,354,千克,0,—,35496
39173100,塑料制的软管，最小爆...,312,西班牙,23650,千克,0,—,891717
39173100,塑料制的软管，最小爆...,314,安道尔,9,千克,0,—,120
39173100,塑料制的软管，最小爆...,315,奥地利,21,千克,0,—,2028
39173100,塑料制的软管，最小爆...,318,芬兰,70,千克,0,—,3504
39173100,塑料制的软管，最小爆...,321,匈牙利,77,千克,0,—,10387
39173100,塑料制的软管，最小爆...,326,挪威,158,千克,0,—,4671
39173100,塑料制的软管，最小爆...,327,波兰,96,千克,0,—,4908
39173100,塑料制的软管，最小爆...,336,立陶宛,833,千克,0,—,14318
39173100,塑料制的软管，最小爆...,350,斯洛文尼亚,33,千克,0,—,1090
39173100,塑料制的软管，最小爆...,415,哥斯达黎加,22,千克,0,—,684
39173100,塑料制的软管，最小爆...,429,墨西哥,8116,千克,0,—,160656
39173100,塑料制的软管，最小爆...,501,加拿大,1895,千克,0,—,146859
39173200,塑料制的其他未装有附...,129,菲律宾,92,千克,0,—,7292
39173200,塑料制的其他未装有附...,137,土耳其,1294,千克,0,—,33851
39173200,塑料制的其他未装有附...,244,南非,9,千克,0,—,340
39173200,塑料制的其他未装有附...,301,比利时,1567,千克,0,—,24861
39173200,塑料制的其他未装有附...,305,法国,49236,千克,0,—,301860
39173200,塑料制的其他未装有附...,306,爱尔兰,2594,千克,0,—,1200863
39173200,塑料制的其他未装有附...,307,意大利,88385,千克,0,—,418829
39173200,塑料制的其他未装有附...,309,荷兰,6680,千克,0,—,279078
39173200,塑料制的其他未装有附...,312,西班牙,4115,千克,0,—,146700
39173200,塑料制的其他未装有附...,315,奥地利,81,千克,0,—,5451
39173200,塑料制的其他未装有附...,316,保加利亚,56,千克,0,—,599
39173200,塑料制的其他未装有附...,318,芬兰,1153,千克,0,—,47682
39173200,塑料制的其他未装有附...,321,匈牙利,0,千克,0,—,637
39173200,塑料制的其他未装有附...,326,挪威,223,千克,0,—,1520
39173200,塑料制的其他未装有附...,327,波兰,1813,千克,0,—,61544
39173200,塑料制的其他未装有附...,350,斯洛文尼亚,21,千克,0,—,256
39173200,塑料制的其他未装有附...,410,巴西,344,千克,0,—,6817
39173200,塑料制的其他未装有附...,429,墨西哥,20313,千克,0,—,273796
39173200,塑料制的其他未装有附...,444,乌拉圭,1,千克,0,—,47
39173200,塑料制的其他未装有附...,501,加拿大,2698,千克,0,—,85956
39173300,塑料制的其他装有附件...,129,菲律宾,3,千克,0,—,104
39173300,塑料制的其他装有附件...,137,土耳其,12,千克,0,—,256
39173300,塑料制的其他装有附件...,301,比利时,9,千克,0,—,5039
39173300,塑料制的其他装有附件...,305,法国,763,千克,0,—,33248
39173300,塑料制的其他装有附件...,307,意大利,387,千克,0,—,29455
39173300,塑料制的其他装有附件...,309,荷兰,3605,千克,0,—,322185
39173300,塑料制的其他装有附件...,312,西班牙,36,千克,0,—,3697
39173300,塑料制的其他装有附件...,315,奥地利,20,千克,0,—,8109
39173300,塑料制的其他装有附件...,316,保加利亚,109,千克,0,—,10460
39173300,塑料制的其他装有附件...,318,芬兰,12867,千克,0,—,146291
39173300,塑料制的其他装有附件...,321,匈牙利,9,千克,0,—,997
39173300,塑料制的其他装有附件...,327,波兰,190,千克,0,—,17097
39173300,塑料制的其他装有附件...,336,立陶宛,2,千克,0,—,1043
39173300,塑料制的其他装有附件...,350,斯洛文尼亚,9,千克,0,—,347
39173300,塑料制的其他装有附件...,415,哥斯达黎加,12,千克,0,—,5322
39173300,塑料制的其他装有附件...,429,墨西哥,2204,千克,0,—,46626
39173300,塑料制的其他装有附件...,501,加拿大,24,千克,0,—,1842
39173900,未列名塑料管,129,菲律宾,430,千克,0,—,24364
39173900,未列名塑料管,137,土耳其,611,千克,0,—,14140
39173900,未列名塑料管,244,南非,0,千克,0,—,32
39173900,未列名塑料管,301,比利时,2995,千克,0,—,108818
39173900,未列名塑料管,305,法国,8159,千克,0,—,678650
39173900,未列名塑料管,306,爱尔兰,637,千克,0,—,759532
39173900,未列名塑料管,307,意大利,89381,千克,0,—,693075
39173900,未列名塑料管,309,荷兰,1152,千克,0,—,101618
39173900,未列名塑料管,312,西班牙,3022,千克,0,—,31515
39173900,未列名塑料管,315,奥地利,12,千克,0,—,1866
39173900,未列名塑料管,316,保加利亚,821,千克,0,—,34743
39173900,未列名塑料管,318,芬兰,1559,千克,0,—,245574
39173900,未列名塑料管,321,匈牙利,7,千克,0,—,2660
39173900,未列名塑料管,326,挪威,9,千克,0,—,1267
39173900,未列名塑料管,327,波兰,2759,千克,0,—,11577
39173900,未列名塑料管,350,斯洛文尼亚,13,千克,0,—,740
39173900,未列名塑料管,410,巴西,4,千克,0,—,818
39173900,未列名塑料管,415,哥斯达黎加,0,千克,0,—,19
39173900,未列名塑料管,429,墨西哥,2478,千克,0,—,100067
39173900,未列名塑料管,435,波多黎各,2,千克,0,—,1307
39173900,未列名塑料管,501,加拿大,23706,千克,0,—,83354
39174000,塑料制的管子附件,129,菲律宾,0,千克,0,—,2
39174000,塑料制的管子附件,137,土耳其,55892,千克,0,—,457629
39174000,塑料制的管子附件,239,圣多美和普林西比,331,千克,0,—,2167
39174000,塑料制的管子附件,301,比利时,2775,千克,0,—,236002
39174000,塑料制的管子附件,305,法国,10317,千克,0,—,634478
39174000,塑料制的管子附件,306,爱尔兰,10,千克,0,—,1754
39174000,塑料制的管子附件,307,意大利,25057,千克,0,—,403338
39174000,塑料制的管子附件,309,荷兰,7800,千克,0,—,700825
39174000,塑料制的管子附件,312,西班牙,4981,千克,0,—,235502
39174000,塑料制的管子附件,315,奥地利,56932,千克,0,—,1875053
39174000,塑料制的管子附件,316,保加利亚,5151,千克,0,—,87656
39174000,塑料制的管子附件,318,芬兰,125,千克,0,—,12055
39174000,塑料制的管子附件,321,匈牙利,8995,千克,0,—,219799
39174000,塑料制的管子附件,326,挪威,7597,千克,0,—,250263
39174000,塑料制的管子附件,327,波兰,10692,千克,0,—,175273
39174000,塑料制的管子附件,336,立陶宛,2514,千克,0,—,29892
39174000,塑料制的管子附件,350,斯洛文尼亚,266,千克,0,—,4600
39174000,塑料制的管子附件,410,巴西,1440,千克,0,—,55251
39174000,塑料制的管子附件,415,哥斯达黎加,218,千克,0,—,57653
39174000,塑料制的管子附件,429,墨西哥,3521,千克,0,—,235367
39174000,塑料制的管子附件,435,波多黎各,0,千克,0,—,8
39174000,塑料制的管子附件,501,加拿大,697,千克,0,—,31659
39181010,氯乙烯聚合物制糊墙品,305,法国,10,千克,0,—,781
39181010,氯乙烯聚合物制糊墙品,307,意大利,1,千克,0,—,610
39181010,氯乙烯聚合物制糊墙品,309,荷兰,11261,千克,0,—,95806
39181090,氯乙烯聚合物制铺地制...,137,土耳其,94,千克,0,—,1154
39181090,氯乙烯聚合物制铺地制...,301,比利时,17902,千克,0,—,55174
39181090,氯乙烯聚合物制铺地制...,305,法国,83696,千克,0,—,742739
39181090,氯乙烯聚合物制铺地制...,307,意大利,481,千克,0,—,11111
39181090,氯乙烯聚合物制铺地制...,309,荷兰,105727,千克,0,—,294685
39181090,氯乙烯聚合物制铺地制...,312,西班牙,2,千克,0,—,70
39181090,氯乙烯聚合物制铺地制...,321,匈牙利,19194,千克,0,—,72772
39181090,氯乙烯聚合物制铺地制...,327,波兰,108,千克,0,—,1289
39181090,氯乙烯聚合物制铺地制...,410,巴西,13,千克,0,—,2749
39181090,氯乙烯聚合物制铺地制...,429,墨西哥,3,千克,0,—,8536
39181090,氯乙烯聚合物制铺地制...,501,加拿大,1464,千克,0,—,7623
39189010,其他塑料制糊墙品,307,意大利,8,千克,0,—,3717
39189010,其他塑料制糊墙品,312,西班牙,35760,千克,0,—,30840
39189010,其他塑料制糊墙品,315,奥地利,38,千克,0,—,9965
39189090,其他塑料制铺地制品,137,土耳其,683,千克,0,—,3578
39189090,其他塑料制铺地制品,305,法国,48,千克,0,—,3124
39189090,其他塑料制铺地制品,309,荷兰,1245,千克,0,—,19822
39189090,其他塑料制铺地制品,312,西班牙,1082,千克,0,—,3563
39189090,其他塑料制铺地制品,315,奥地利,45,千克,0,—,417
39189090,其他塑料制铺地制品,327,波兰,1000,千克,0,—,3376
39189090,其他塑料制铺地制品,501,加拿大,2667,千克,0,—,130592
39191010,宽≤20cm丙烯酸聚...,129,菲律宾,206,千克,0,—,32217
39191010,宽≤20cm丙烯酸聚...,301,比利时,10287,千克,0,—,142933
39191010,宽≤20cm丙烯酸聚...,305,法国,89,千克,0,—,20920
39191010,宽≤20cm丙烯酸聚...,306,爱尔兰,872,千克,0,—,33159
39191010,宽≤20cm丙烯酸聚...,307,意大利,7731,千克,0,—,127706
39191010,宽≤20cm丙烯酸聚...,309,荷兰,4,千克,0,—,1595
39191010,宽≤20cm丙烯酸聚...,312,西班牙,238,千克,0,—,2746
39191010,宽≤20cm丙烯酸聚...,315,奥地利,530,千克,0,—,1955
39191010,宽≤20cm丙烯酸聚...,327,波兰,46,千克,0,—,7052
39191010,宽≤20cm丙烯酸聚...,501,加拿大,828,千克,0,—,14853
39191091,宽≤20cm的成卷胶...,306,爱尔兰,975,千克,0,—,29376
39191091,宽≤20cm的成卷胶...,307,意大利,0,千克,0,—,1
39191099,其他宽≤20cm成卷...,129,菲律宾,921,千克,0,—,8475
39191099,其他宽≤20cm成卷...,137,土耳其,414,千克,0,—,10595
39191099,其他宽≤20cm成卷...,301,比利时,21325,千克,0,—,422074
39191099,其他宽≤20cm成卷...,305,法国,16636,千克,0,—,295188
39191099,其他宽≤20cm成卷...,306,爱尔兰,1795,千克,0,—,86655
39191099,其他宽≤20cm成卷...,307,意大利,15237,千克,0,—,269289
39191099,其他宽≤20cm成卷...,309,荷兰,675,千克,0,—,34334
39191099,其他宽≤20cm成卷...,312,西班牙,3085,千克,0,—,66683
39191099,其他宽≤20cm成卷...,315,奥地利,3911,千克,0,—,109800
39191099,其他宽≤20cm成卷...,316,保加利亚,26,千克,0,—,1788
39191099,其他宽≤20cm成卷...,318,芬兰,59,千克,0,—,9396
39191099,其他宽≤20cm成卷...,321,匈牙利,134,千克,0,—,5603
39191099,其他宽≤20cm成卷...,326,挪威,0,千克,0,—,41
39191099,其他宽≤20cm成卷...,327,波兰,4995,千克,0,—,142344
39191099,其他宽≤20cm成卷...,336,立陶宛,283,千克,0,—,5766
39191099,其他宽≤20cm成卷...,350,斯洛文尼亚,8,千克,0,—,83
39191099,其他宽≤20cm成卷...,410,巴西,0,千克,0,—,375
39191099,其他宽≤20cm成卷...,415,哥斯达黎加,0,千克,0,—,53
39191099,其他宽≤20cm成卷...,429,墨西哥,11975,千克,0,—,130004
39191099,其他宽≤20cm成卷...,501,加拿大,3051,千克,0,—,73963
39199010,胶囊型反光膜,410,巴西,0,千克,0,—,9
39199090,未列名塑料胶粘板、片...,118,科威特,1,千克,0,—,72
39199090,未列名塑料胶粘板、片...,129,菲律宾,488,千克,0,—,16742
39199090,未列名塑料胶粘板、片...,137,土耳其,40540,千克,0,—,217844
39199090,未列名塑料胶粘板、片...,244,南非,0,千克,0,—,700
39199090,未列名塑料胶粘板、片...,301,比利时,68201,千克,0,—,870870
39199090,未列名塑料胶粘板、片...,305,法国,341519,千克,0,—,2401945
39199090,未列名塑料胶粘板、片...,306,爱尔兰,3341,千克,0,—,288036
39199090,未列名塑料胶粘板、片...,307,意大利,303055,千克,0,—,1958072
39199090,未列名塑料胶粘板、片...,309,荷兰,4056,千克,0,—,112777
39199090,未列名塑料胶粘板、片...,312,西班牙,1528,千克,0,—,118016
39199090,未列名塑料胶粘板、片...,315,奥地利,598,千克,0,—,50940
39199090,未列名塑料胶粘板、片...,316,保加利亚,1,千克,0,—,1
39199090,未列名塑料胶粘板、片...,318,芬兰,6610,千克,0,—,122318
39199090,未列名塑料胶粘板、片...,321,匈牙利,160,千克,0,—,40098
39199090,未列名塑料胶粘板、片...,326,挪威,81,千克,0,—,10051
39199090,未列名塑料胶粘板、片...,327,波兰,22311,千克,0,—,688933
39199090,未列名塑料胶粘板、片...,350,斯洛文尼亚,0,千克,0,—,2
39199090,未列名塑料胶粘板、片...,410,巴西,5909,千克,0,—,114799
39199090,未列名塑料胶粘板、片...,415,哥斯达黎加,47,千克,0,—,7792
39199090,未列名塑料胶粘板、片...,429,墨西哥,34769,千克,0,—,396950
39199090,未列名塑料胶粘板、片...,501,加拿大,118355,千克,0,—,1515974
39201090,其他乙烯聚合物非泡沫...,127,巴基斯坦,9770,千克,0,—,35811
39201090,其他乙烯聚合物非泡沫...,137,土耳其,4697,千克,0,—,31494
39201090,其他乙烯聚合物非泡沫...,244,南非,20,千克,0,—,54
39201090,其他乙烯聚合物非泡沫...,301,比利时,130215,千克,0,—,608645
39201090,其他乙烯聚合物非泡沫...,305,法国,23436,千克,0,—,318188
39201090,其他乙烯聚合物非泡沫...,306,爱尔兰,4,千克,0,—,443
39201090,其他乙烯聚合物非泡沫...,307,意大利,119064,千克,0,—,644496
39201090,其他乙烯聚合物非泡沫...,309,荷兰,19062,千克,0,—,135113
39201090,其他乙烯聚合物非泡沫...,310,希腊,136383,千克,0,—,402647
39201090,其他乙烯聚合物非泡沫...,312,西班牙,63770,千克,0,—,229044
39201090,其他乙烯聚合物非泡沫...,315,奥地利,59418,千克,0,—,556169
39201090,其他乙烯聚合物非泡沫...,318,芬兰,517092,千克,0,—,1501098
39201090,其他乙烯聚合物非泡沫...,326,挪威,1925,千克,0,—,7464
39201090,其他乙烯聚合物非泡沫...,327,波兰,7813,千克,0,—,82995
39201090,其他乙烯聚合物非泡沫...,340,白俄罗斯,1079,千克,0,—,11101
39201090,其他乙烯聚合物非泡沫...,410,巴西,9214,千克,0,—,95801
39201090,其他乙烯聚合物非泡沫...,429,墨西哥,97181,千克,0,—,54038
39201090,其他乙烯聚合物非泡沫...,442,特立尼达和多巴哥,5,千克,0,—,3540
39201090,其他乙烯聚合物非泡沫...,501,加拿大,96525,千克,0,—,511368
39202090,其他丙烯聚合物非泡沫...,137,土耳其,280,千克,0,—,3727
39202090,其他丙烯聚合物非泡沫...,301,比利时,208779,千克,0,—,649762
39202090,其他丙烯聚合物非泡沫...,305,法国,48178,千克,0,—,244363
39202090,其他丙烯聚合物非泡沫...,306,爱尔兰,10953,千克,0,—,43832
39202090,其他丙烯聚合物非泡沫...,307,意大利,131333,千克,0,—,855854
39202090,其他丙烯聚合物非泡沫...,309,荷兰,21101,千克,0,—,191494
39202090,其他丙烯聚合物非泡沫...,312,西班牙,7151,千克,0,—,99409
39202090,其他丙烯聚合物非泡沫...,315,奥地利,8400,千克,0,—,46480
39202090,其他丙烯聚合物非泡沫...,410,巴西,2,千克,0,—,124
39202090,其他丙烯聚合物非泡沫...,429,墨西哥,1,千克,0,—,908
39202090,其他丙烯聚合物非泡沫...,501,加拿大,1,千克,0,—,5
39203000,苯乙烯聚合物非泡沫塑...,129,菲律宾,278,千克,0,—,5718
39203000,苯乙烯聚合物非泡沫塑...,301,比利时,85814,千克,0,—,566798
39203000,苯乙烯聚合物非泡沫塑...,305,法国,0,千克,0,—,12
39203000,苯乙烯聚合物非泡沫塑...,307,意大利,8488,千克,0,—,113715
39203000,苯乙烯聚合物非泡沫塑...,309,荷兰,91,千克,0,—,12591
39203000,苯乙烯聚合物非泡沫塑...,312,西班牙,12,千克,0,—,18
39203000,苯乙烯聚合物非泡沫塑...,315,奥地利,243682,千克,0,—,1909819
39203000,苯乙烯聚合物非泡沫塑...,501,加拿大,42679,千克,0,—,210709
39204300,增塑剂≥6％氯乙烯聚...,138,阿联酋,6,千克,0,—,102
39204300,增塑剂≥6％氯乙烯聚...,305,法国,0,千克,0,—,1
39204300,增塑剂≥6％氯乙烯聚...,306,爱尔兰,53,千克,0,—,148
39204300,增塑剂≥6％氯乙烯聚...,307,意大利,12044,千克,0,—,72618
39204300,增塑剂≥6％氯乙烯聚...,309,荷兰,38134,千克,0,—,670356
39204300,增塑剂≥6％氯乙烯聚...,315,奥地利,864,千克,0,—,18892
39204300,增塑剂≥6％氯乙烯聚...,318,芬兰,45,千克,0,—,40
39204900,其他氯乙烯聚合物制非...,301,比利时,2481,千克,0,—,18535
39204900,其他氯乙烯聚合物制非...,305,法国,174,千克,0,—,7709
39204900,其他氯乙烯聚合物制非...,307,意大利,57183,千克,0,—,397785
39204900,其他氯乙烯聚合物制非...,309,荷兰,48179,千克,0,—,233928
39204900,其他氯乙烯聚合物制非...,312,西班牙,1234,千克,0,—,5586
39204900,其他氯乙烯聚合物制非...,315,奥地利,23,千克,0,—,548
39204900,其他氯乙烯聚合物制非...,318,芬兰,1085,千克,0,—,18282
39204900,其他氯乙烯聚合物制非...,321,匈牙利,485,千克,0,—,1370
39204900,其他氯乙烯聚合物制非...,327,波兰,1,千克,0,—,66
39205100,聚甲基丙烯酸甲酯非泡...,129,菲律宾,22404,千克,0,—,26965
39205100,聚甲基丙烯酸甲酯非泡...,301,比利时,103534,千克,0,—,142798
39205100,聚甲基丙烯酸甲酯非泡...,305,法国,486,千克,0,—,25628
39205100,聚甲基丙烯酸甲酯非泡...,307,意大利,5,千克,0,—,329
39205100,聚甲基丙烯酸甲酯非泡...,312,西班牙,39066,千克,0,—,50768
39205100,聚甲基丙烯酸甲酯非泡...,326,挪威,17,千克,0,—,2522
39205100,聚甲基丙烯酸甲酯非泡...,327,波兰,22518,千克,0,—,31386
39205100,聚甲基丙烯酸甲酯非泡...,350,斯洛文尼亚,29271,千克,0,—,434483
39205100,聚甲基丙烯酸甲酯非泡...,429,墨西哥,50238,千克,0,—,119155
39205100,聚甲基丙烯酸甲酯非泡...,501,加拿大,3501,千克,0,—,2300
39205900,其他丙烯酸聚合物非泡...,137,土耳其,108,千克,0,—,3060
39205900,其他丙烯酸聚合物非泡...,305,法国,489,千克,0,—,3923
39206100,聚碳酸酯非泡沫塑料板...,301,比利时,14261,千克,0,—,91138
39206100,聚碳酸酯非泡沫塑料板...,305,法国,1766,千克,0,—,56477
39206100,聚碳酸酯非泡沫塑料板...,307,意大利,1538,千克,0,—,40756
39206100,聚碳酸酯非泡沫塑料板...,309,荷兰,22948,千克,0,—,225086
39206100,聚碳酸酯非泡沫塑料板...,315,奥地利,2319,千克,0,—,28263
39206100,聚碳酸酯非泡沫塑料板...,318,芬兰,81,千克,0,—,3003
39206100,聚碳酸酯非泡沫塑料板...,501,加拿大,1246,千克,0,—,39071
39206200,聚对苯二甲酸乙二酯非...,127,巴基斯坦,883,千克,0,—,5251
39206200,聚对苯二甲酸乙二酯非...,129,菲律宾,50488,千克,0,—,43785
39206200,聚对苯二甲酸乙二酯非...,137,土耳其,12523,千克,0,—,48669
39206200,聚对苯二甲酸乙二酯非...,138,阿联酋,10092,千克,0,—,21099
39206200,聚对苯二甲酸乙二酯非...,244,南非,47440,千克,0,—,26092
39206200,聚对苯二甲酸乙二酯非...,250,乌干达,150000,千克,0,—,91500
39206200,聚对苯二甲酸乙二酯非...,301,比利时,404699,千克,0,—,9501062
39206200,聚对苯二甲酸乙二酯非...,305,法国,134331,千克,0,—,876873
39206200,聚对苯二甲酸乙二酯非...,307,意大利,173150,千克,0,—,1038532
39206200,聚对苯二甲酸乙二酯非...,309,荷兰,16388,千克,0,—,10507
39206200,聚对苯二甲酸乙二酯非...,312,西班牙,2600,千克,0,—,20126
39206200,聚对苯二甲酸乙二酯非...,315,奥地利,147,千克,0,—,1636
39206200,聚对苯二甲酸乙二酯非...,410,巴西,4365,千克,0,—,76251
39206200,聚对苯二甲酸乙二酯非...,429,墨西哥,10,千克,0,—,1793
39206200,聚对苯二甲酸乙二酯非...,501,加拿大,132,千克,0,—,3833
39206300,不饱和聚酯非泡沫塑料...,301,比利时,5716,千克,0,—,170962
39206300,不饱和聚酯非泡沫塑料...,327,波兰,32,千克,0,—,794
39206900,其他聚酯非泡沫塑料的...,137,土耳其,7656,千克,0,—,28329
39206900,其他聚酯非泡沫塑料的...,301,比利时,220,千克,0,—,7788
39206900,其他聚酯非泡沫塑料的...,305,法国,391,千克,0,—,25253
39206900,其他聚酯非泡沫塑料的...,307,意大利,3299,千克,0,—,53296
39206900,其他聚酯非泡沫塑料的...,312,西班牙,3567,千克,0,—,77468
39206900,其他聚酯非泡沫塑料的...,315,奥地利,2501,千克,0,—,76199
39206900,其他聚酯非泡沫塑料的...,429,墨西哥,0,千克,0,—,40
39206900,其他聚酯非泡沫塑料的...,501,加拿大,7,千克,0,—,37
39207300,醋酸纤维素非泡沫塑料...,305,法国,1,千克,0,—,35
39207300,醋酸纤维素非泡沫塑料...,307,意大利,35936,千克,0,—,1123969
39207900,其他纤维素衍生物非泡...,306,爱尔兰,21,千克,0,—,6000
39207900,其他纤维素衍生物非泡...,307,意大利,505,千克,0,—,22662
39209100,聚乙烯醇缩丁醛非泡沫...,137,土耳其,21870,千克,0,—,13161
39209100,聚乙烯醇缩丁醛非泡沫...,301,比利时,428907,千克,0,—,3151123
39209100,聚乙烯醇缩丁醛非泡沫...,429,墨西哥,416986,千克,0,—,1442725
39209200,聚酰胺制非泡沫塑料的...,301,比利时,36,千克,0,—,409
39209200,聚酰胺制非泡沫塑料的...,305,法国,1,千克,0,—,323
39209200,聚酰胺制非泡沫塑料的...,307,意大利,368,千克,0,—,5050
39209200,聚酰胺制非泡沫塑料的...,309,荷兰,7149,千克,0,—,36474
39209200,聚酰胺制非泡沫塑料的...,312,西班牙,2,千克,0,—,4566
39209200,聚酰胺制非泡沫塑料的...,315,奥地利,11607,千克,0,—,232805
39209200,聚酰胺制非泡沫塑料的...,327,波兰,112,千克,0,—,7017
39209200,聚酰胺制非泡沫塑料的...,415,哥斯达黎加,3,千克,0,—,146
39209200,聚酰胺制非泡沫塑料的...,501,加拿大,159,千克,0,—,8698
39209300,氨基树脂非泡沫塑料板...,301,比利时,93,千克,0,—,2325
39209300,氨基树脂非泡沫塑料板...,307,意大利,383,千克,0,—,6728
39209300,氨基树脂非泡沫塑料板...,318,芬兰,230,千克,0,—,9575
39209400,酚醛树脂非泡沫塑料板...,137,土耳其,804,千克,0,—,4684
39209400,酚醛树脂非泡沫塑料板...,307,意大利,75,千克,0,—,4164
39209400,酚醛树脂非泡沫塑料板...,309,荷兰,0,千克,0,—,306
39209910,聚四氟乙烯制非泡沫板...,137,土耳其,52,千克,0,—,3195
39209910,聚四氟乙烯制非泡沫板...,301,比利时,179,千克,0,—,16011
39209910,聚四氟乙烯制非泡沫板...,305,法国,220,千克,0,—,18541
39209910,聚四氟乙烯制非泡沫板...,306,爱尔兰,10,千克,0,—,2596
39209910,聚四氟乙烯制非泡沫板...,307,意大利,7992,千克,0,—,306397
39209910,聚四氟乙烯制非泡沫板...,309,荷兰,32,千克,0,—,2780
39209910,聚四氟乙烯制非泡沫板...,315,奥地利,3784,千克,0,—,216641
39209910,聚四氟乙烯制非泡沫板...,326,挪威,1,千克,0,—,347
39209910,聚四氟乙烯制非泡沫板...,410,巴西,19,千克,0,—,1164
39209910,聚四氟乙烯制非泡沫板...,429,墨西哥,1188,千克,0,—,79632
39209910,聚四氟乙烯制非泡沫板...,501,加拿大,100,千克,0,—,681845
39209990,未列名非泡沫塑料板、...,301,比利时,183870,千克,0,—,1923267
39209990,未列名非泡沫塑料板、...,305,法国,18309,千克,0,—,334885
39209990,未列名非泡沫塑料板、...,306,爱尔兰,4,千克,0,—,1498
39209990,未列名非泡沫塑料板、...,307,意大利,67870,千克,0,—,415220
39209990,未列名非泡沫塑料板、...,309,荷兰,42,千克,0,—,1585
39209990,未列名非泡沫塑料板、...,312,西班牙,3476,千克,0,—,34471
39209990,未列名非泡沫塑料板、...,315,奥地利,4862,千克,0,—,365089
39209990,未列名非泡沫塑料板、...,321,匈牙利,3,千克,0,—,1366
39209990,未列名非泡沫塑料板、...,327,波兰,2544,千克,0,—,59997
39209990,未列名非泡沫塑料板、...,336,立陶宛,15,千克,0,—,3734
39209990,未列名非泡沫塑料板、...,350,斯洛文尼亚,5254,千克,0,—,18796
39209990,未列名非泡沫塑料板、...,429,墨西哥,50,千克,0,—,2242
39211100,苯乙烯聚合物泡沫塑料...,137,土耳其,112,千克,0,—,171
39211100,苯乙烯聚合物泡沫塑料...,305,法国,120,千克,0,—,935
39211100,苯乙烯聚合物泡沫塑料...,307,意大利,1480,千克,0,—,9711
39211100,苯乙烯聚合物泡沫塑料...,309,荷兰,1850,千克,0,—,38544
39211100,苯乙烯聚合物泡沫塑料...,312,西班牙,1009,千克,0,—,3790
39211100,苯乙烯聚合物泡沫塑料...,315,奥地利,35,千克,0,—,820
39211100,苯乙烯聚合物泡沫塑料...,318,芬兰,17,千克,0,—,1831
39211100,苯乙烯聚合物泡沫塑料...,501,加拿大,31,千克,0,—,1086
39211210,氯乙烯聚合物泡沫人造...,137,土耳其,707,千克,700,米,3250
39211210,氯乙烯聚合物泡沫人造...,301,比利时,169,千克,205,米,1850
39211210,氯乙烯聚合物泡沫人造...,306,爱尔兰,412,千克,7053,米,3987
39211210,氯乙烯聚合物泡沫人造...,307,意大利,83278,千克,104944,米,530771
39211210,氯乙烯聚合物泡沫人造...,309,荷兰,261,千克,270,米,3506
39211210,氯乙烯聚合物泡沫人造...,312,西班牙,8802,千克,7532,米,72086
39211210,氯乙烯聚合物泡沫人造...,415,哥斯达黎加,90,千克,90,米,1318
39211210,氯乙烯聚合物泡沫人造...,429,墨西哥,4257,千克,6960,米,34816
39211290,其他氯乙烯聚合物泡沫...,301,比利时,1099,千克,0,—,9863
39211290,其他氯乙烯聚合物泡沫...,305,法国,88,千克,0,—,8723
39211290,其他氯乙烯聚合物泡沫...,307,意大利,387885,千克,0,—,3116594
39211290,其他氯乙烯聚合物泡沫...,309,荷兰,0,千克,0,—,84
39211290,其他氯乙烯聚合物泡沫...,312,西班牙,3,千克,0,—,82
39211290,其他氯乙烯聚合物泡沫...,315,奥地利,2,千克,0,—,4424
39211290,其他氯乙烯聚合物泡沫...,501,加拿大,40,千克,0,—,4636
39211310,氨酯聚合物泡沫人造革...,305,法国,148,千克,124,米,1675
39211310,氨酯聚合物泡沫人造革...,307,意大利,4126,千克,7735,米,85418
39211310,氨酯聚合物泡沫人造革...,312,西班牙,1122,千克,1264,米,12415
39211310,氨酯聚合物泡沫人造革...,315,奥地利,38,千克,134,米,816
39211310,氨酯聚合物泡沫人造革...,327,波兰,1303,千克,1120,米,9077
39211310,氨酯聚合物泡沫人造革...,410,巴西,42,千克,65,米,556
39211310,氨酯聚合物泡沫人造革...,429,墨西哥,10643,千克,9172,米,308133
39211310,氨酯聚合物泡沫人造革...,501,加拿大,5,千克,20,米,321
39211390,其他氨酯聚合物泡沫塑...,129,菲律宾,0,千克,0,—,3
39211390,其他氨酯聚合物泡沫塑...,138,阿联酋,12337,千克,0,—,79418
39211390,其他氨酯聚合物泡沫塑...,301,比利时,126839,千克,0,—,1407280
39211390,其他氨酯聚合物泡沫塑...,305,法国,62085,千克,0,—,450136
39211390,其他氨酯聚合物泡沫塑...,307,意大利,45283,千克,0,—,303955
39211390,其他氨酯聚合物泡沫塑...,309,荷兰,23173,千克,0,—,336099
39211390,其他氨酯聚合物泡沫塑...,312,西班牙,9890,千克,0,—,91993
39211390,其他氨酯聚合物泡沫塑...,315,奥地利,27112,千克,0,—,629673
39211390,其他氨酯聚合物泡沫塑...,318,芬兰,695,千克,0,—,8248
39211390,其他氨酯聚合物泡沫塑...,321,匈牙利,23,千克,0,—,719
39211390,其他氨酯聚合物泡沫塑...,327,波兰,47,千克,0,—,2345
39211390,其他氨酯聚合物泡沫塑...,336,立陶宛,12800,千克,0,—,175588
39211390,其他氨酯聚合物泡沫塑...,429,墨西哥,19,千克,0,—,6613
39211390,其他氨酯聚合物泡沫塑...,501,加拿大,0,千克,0,—,25
39211400,再生纤维素泡沫塑料板...,305,法国,70776,千克,0,—,319996
39211400,再生纤维素泡沫塑料板...,306,爱尔兰,0,千克,0,—,1307
39211400,再生纤维素泡沫塑料板...,501,加拿大,1464,千克,0,—,22601
39211910,其他泡沫塑料人造革及...,137,土耳其,60,千克,66,米,576
39211910,其他泡沫塑料人造革及...,307,意大利,396,千克,1046,米,20209
39211910,其他泡沫塑料人造革及...,312,西班牙,1800,千克,1967,米,7081
39211990,未列名泡沫塑料板、片...,129,菲律宾,0,千克,0,—,19
39211990,未列名泡沫塑料板、片...,137,土耳其,163,千克,0,—,4198
39211990,未列名泡沫塑料板、片...,301,比利时,63106,千克,0,—,349473
39211990,未列名泡沫塑料板、片...,305,法国,8366,千克,0,—,43179
39211990,未列名泡沫塑料板、片...,306,爱尔兰,2937,千克,0,—,1027880
39211990,未列名泡沫塑料板、片...,307,意大利,35384,千克,0,—,684019
39211990,未列名泡沫塑料板、片...,309,荷兰,7968,千克,0,—,134052
39211990,未列名泡沫塑料板、片...,312,西班牙,1192,千克,0,—,20977
39211990,未列名泡沫塑料板、片...,315,奥地利,6393,千克,0,—,2731387
39211990,未列名泡沫塑料板、片...,316,保加利亚,30,千克,0,—,223
39211990,未列名泡沫塑料板、片...,318,芬兰,1,千克,0,—,713
39211990,未列名泡沫塑料板、片...,321,匈牙利,258,千克,0,—,2460
39211990,未列名泡沫塑料板、片...,350,斯洛文尼亚,51,千克,0,—,4290
39211990,未列名泡沫塑料板、片...,429,墨西哥,17078,千克,0,—,57777
39211990,未列名泡沫塑料板、片...,501,加拿大,52,千克,0,—,9534
39219020,嵌有玻璃纤维的聚乙烯...,129,菲律宾,5152,千克,0,—,346549
39219020,嵌有玻璃纤维的聚乙烯...,305,法国,173,千克,0,—,4749
39219020,嵌有玻璃纤维的聚乙烯...,307,意大利,1078,千克,0,—,1095
39219020,嵌有玻璃纤维的聚乙烯...,309,荷兰,50,千克,0,—,5143
39219020,嵌有玻璃纤维的聚乙烯...,315,奥地利,7,千克,0,—,9063
39219090,未列名塑料板、片、膜...,129,菲律宾,44,千克,0,—,1246
39219090,未列名塑料板、片、膜...,137,土耳其,10116,千克,0,—,38845
39219090,未列名塑料板、片、膜...,138,阿联酋,29159,千克,0,—,286900
39219090,未列名塑料板、片、膜...,301,比利时,23835,千克,0,—,138677
39219090,未列名塑料板、片、膜...,305,法国,56586,千克,0,—,815931
39219090,未列名塑料板、片、膜...,306,爱尔兰,0,千克,0,—,673
39219090,未列名塑料板、片、膜...,307,意大利,271773,千克,0,—,1741672
39219090,未列名塑料板、片、膜...,309,荷兰,1938,千克,0,—,165171
39219090,未列名塑料板、片、膜...,312,西班牙,27937,千克,0,—,117840
39219090,未列名塑料板、片、膜...,315,奥地利,81926,千克,0,—,1021030
39219090,未列名塑料板、片、膜...,316,保加利亚,8,千克,0,—,20
39219090,未列名塑料板、片、膜...,318,芬兰,4381,千克,0,—,26518
39219090,未列名塑料板、片、膜...,327,波兰,36845,千克,0,—,247722
39219090,未列名塑料板、片、膜...,336,立陶宛,11804,千克,0,—,60962
39219090,未列名塑料板、片、膜...,410,巴西,330,千克,0,—,13687
39219090,未列名塑料板、片、膜...,415,哥斯达黎加,0,千克,0,—,53
39219090,未列名塑料板、片、膜...,429,墨西哥,3508,千克,0,—,131207
39219090,未列名塑料板、片、膜...,501,加拿大,804,千克,0,—,103512
39221000,塑料浴缸、淋浴盘、洗...,301,比利时,26134,千克,0,—,284423
39221000,塑料浴缸、淋浴盘、洗...,305,法国,4180,千克,0,—,66429
39221000,塑料浴缸、淋浴盘、洗...,307,意大利,6639,千克,0,—,83223
39221000,塑料浴缸、淋浴盘、洗...,309,荷兰,72898,千克,0,—,918380
39221000,塑料浴缸、淋浴盘、洗...,327,波兰,16403,千克,0,—,130481
39221000,塑料浴缸、淋浴盘、洗...,501,加拿大,255,千克,0,—,2142
39222000,塑料马桶座圈及盖,137,土耳其,265,千克,0,—,5332
39222000,塑料马桶座圈及盖,305,法国,226,千克,0,—,2426
39222000,塑料马桶座圈及盖,306,爱尔兰,17,千克,0,—,8913
39222000,塑料马桶座圈及盖,307,意大利,347,千克,0,—,3716
39222000,塑料马桶座圈及盖,312,西班牙,3172,千克,0,—,8254
39222000,塑料马桶座圈及盖,315,奥地利,713,千克,0,—,8468
39222000,塑料马桶座圈及盖,316,保加利亚,1363,千克,0,—,53307
39222000,塑料马桶座圈及盖,410,巴西,5,千克,0,—,3241
39229000,塑料坐浴盆、便盆、抽...,129,菲律宾,4,千克,0,—,5240
39229000,塑料坐浴盆、便盆、抽...,137,土耳其,4464,千克,0,—,37649
39229000,塑料坐浴盆、便盆、抽...,305,法国,472,千克,0,—,29618
39229000,塑料坐浴盆、便盆、抽...,306,爱尔兰,4,千克,0,—,1938
39229000,塑料坐浴盆、便盆、抽...,307,意大利,1786,千克,0,—,31872
39229000,塑料坐浴盆、便盆、抽...,309,荷兰,7350,千克,0,—,210344
39229000,塑料坐浴盆、便盆、抽...,312,西班牙,2,千克,0,—,98
39229000,塑料坐浴盆、便盆、抽...,318,芬兰,847,千克,0,—,5632
39229000,塑料坐浴盆、便盆、抽...,429,墨西哥,842,千克,0,—,3571
39231000,供运输或包装货物用的...,129,菲律宾,139,千克,0,—,198
39231000,供运输或包装货物用的...,137,土耳其,1601,千克,0,—,16926
39231000,供运输或包装货物用的...,227,马达加斯加,0,千克,0,—,588
39231000,供运输或包装货物用的...,244,南非,5,千克,0,—,55
39231000,供运输或包装货物用的...,301,比利时,41,千克,0,—,831
39231000,供运输或包装货物用的...,305,法国,4379,千克,0,—,236341
39231000,供运输或包装货物用的...,306,爱尔兰,203,千克,0,—,4456
39231000,供运输或包装货物用的...,307,意大利,15975,千克,0,—,137931
39231000,供运输或包装货物用的...,309,荷兰,5006,千克,0,—,87851
39231000,供运输或包装货物用的...,310,希腊,1,千克,0,—,46
39231000,供运输或包装货物用的...,312,西班牙,8,千克,0,—,224
39231000,供运输或包装货物用的...,315,奥地利,1361,千克,0,—,13500
39231000,供运输或包装货物用的...,316,保加利亚,0,千克,0,—,20697
39231000,供运输或包装货物用的...,318,芬兰,70,千克,0,—,5387
39231000,供运输或包装货物用的...,321,匈牙利,6,千克,0,—,139
39231000,供运输或包装货物用的...,326,挪威,51,千克,0,—,1193
39231000,供运输或包装货物用的...,327,波兰,1046,千克,0,—,16761
39231000,供运输或包装货物用的...,410,巴西,28,千克,0,—,587
39231000,供运输或包装货物用的...,415,哥斯达黎加,4,千克,0,—,84
39231000,供运输或包装货物用的...,429,墨西哥,43,千克,0,—,1829
39231000,供运输或包装货物用的...,501,加拿大,384,千克,0,—,6716
39232100,供运输或包装货物用的...,129,菲律宾,284,千克,0,—,1052
39232100,供运输或包装货物用的...,137,土耳其,305,千克,0,—,5785
39232100,供运输或包装货物用的...,138,阿联酋,216,千克,0,—,360
39232100,供运输或包装货物用的...,301,比利时,3206,千克,0,—,113551
39232100,供运输或包装货物用的...,305,法国,698,千克,0,—,61516
39232100,供运输或包装货物用的...,306,爱尔兰,247,千克,0,—,139441
39232100,供运输或包装货物用的...,307,意大利,4522,千克,0,—,60758
39232100,供运输或包装货物用的...,309,荷兰,407,千克,0,—,19830
39232100,供运输或包装货物用的...,312,西班牙,2501,千克,0,—,36771
39232100,供运输或包装货物用的...,315,奥地利,1781,千克,0,—,4232
39232100,供运输或包装货物用的...,316,保加利亚,232,千克,0,—,967
39232100,供运输或包装货物用的...,318,芬兰,17,千克,0,—,864
39232100,供运输或包装货物用的...,321,匈牙利,87,千克,0,—,2367
39232100,供运输或包装货物用的...,326,挪威,32,千克,0,—,865
39232100,供运输或包装货物用的...,327,波兰,20498,千克,0,—,81833
39232100,供运输或包装货物用的...,350,斯洛文尼亚,1530,千克,0,—,6294
39232100,供运输或包装货物用的...,429,墨西哥,1413,千克,0,—,12787
39232100,供运输或包装货物用的...,501,加拿大,1268,千克,0,—,61776
39232900,供运输或包装货物用的...,129,菲律宾,122,千克,0,—,342
39232900,供运输或包装货物用的...,137,土耳其,19,千克,0,—,144
39232900,供运输或包装货物用的...,301,比利时,5,千克,0,—,197
39232900,供运输或包装货物用的...,305,法国,44224,千克,0,—,3268416
39232900,供运输或包装货物用的...,306,爱尔兰,210,千克,0,—,28989
39232900,供运输或包装货物用的...,307,意大利,51609,千克,0,—,364819
39232900,供运输或包装货物用的...,309,荷兰,26,千克,0,—,353
39232900,供运输或包装货物用的...,312,西班牙,26,千克,0,—,26
39232900,供运输或包装货物用的...,318,芬兰,3703,千克,0,—,29227
39232900,供运输或包装货物用的...,326,挪威,2,千克,0,—,69
39232900,供运输或包装货物用的...,327,波兰,18,千克,0,—,112
39232900,供运输或包装货物用的...,429,墨西哥,1853,千克,0,—,7581
39232900,供运输或包装货物用的...,501,加拿大,752,千克,0,—,37423
39233000,供运输或包装货物用的...,118,科威特,0,千克,0,—,1
39233000,供运输或包装货物用的...,129,菲律宾,5,千克,0,—,14
39233000,供运输或包装货物用的...,137,土耳其,101,千克,0,—,160
39233000,供运输或包装货物用的...,244,南非,20,千克,0,—,207
39233000,供运输或包装货物用的...,301,比利时,34,千克,0,—,7685
39233000,供运输或包装货物用的...,305,法国,14676,千克,0,—,452719
39233000,供运输或包装货物用的...,306,爱尔兰,43,千克,0,—,1904
39233000,供运输或包装货物用的...,307,意大利,2184,千克,0,—,64014
39233000,供运输或包装货物用的...,309,荷兰,688,千克,0,—,20570
39233000,供运输或包装货物用的...,310,希腊,1,千克,0,—,11
39233000,供运输或包装货物用的...,312,西班牙,1545,千克,0,—,7714
39233000,供运输或包装货物用的...,315,奥地利,4691,千克,0,—,54301
39233000,供运输或包装货物用的...,316,保加利亚,25171,千克,0,—,114083
39233000,供运输或包装货物用的...,321,匈牙利,8,千克,0,—,125
39233000,供运输或包装货物用的...,326,挪威,22,千克,0,—,535
39233000,供运输或包装货物用的...,327,波兰,9129,千克,0,—,141666
39233000,供运输或包装货物用的...,336,立陶宛,298,千克,0,—,2072
39233000,供运输或包装货物用的...,429,墨西哥,685,千克,0,—,11052
39233000,供运输或包装货物用的...,435,波多黎各,908,千克,0,—,24286
39233000,供运输或包装货物用的...,501,加拿大,177,千克,0,—,5257
39234000,塑料卷轴、纡子、筒管...,129,菲律宾,88,千克,0,—,735
39234000,塑料卷轴、纡子、筒管...,301,比利时,70,千克,0,—,1520
39234000,塑料卷轴、纡子、筒管...,305,法国,1583,千克,0,—,8756
39234000,塑料卷轴、纡子、筒管...,307,意大利,8418,千克,0,—,40236
39234000,塑料卷轴、纡子、筒管...,309,荷兰,2948,千克,0,—,110196
39234000,塑料卷轴、纡子、筒管...,327,波兰,6349,千克,0,—,81082
39234000,塑料卷轴、纡子、筒管...,429,墨西哥,1,千克,0,—,154
39235000,塑料塞子、盖子及类似...,129,菲律宾,1123,千克,0,—,43476
39235000,塑料塞子、盖子及类似...,137,土耳其,66,千克,0,—,4014
39235000,塑料塞子、盖子及类似...,138,阿联酋,185,千克,0,—,8906
39235000,塑料塞子、盖子及类似...,235,尼日尔,0,千克,0,—,407
39235000,塑料塞子、盖子及类似...,244,南非,152,千克,0,—,4081
39235000,塑料塞子、盖子及类似...,301,比利时,7031,千克,0,—,131785
39235000,塑料塞子、盖子及类似...,305,法国,43271,千克,0,—,663877
39235000,塑料塞子、盖子及类似...,306,爱尔兰,76,千克,0,—,10007
39235000,塑料塞子、盖子及类似...,307,意大利,51414,千克,0,—,553643
39235000,塑料塞子、盖子及类似...,309,荷兰,1013,千克,0,—,45495
39235000,塑料塞子、盖子及类似...,312,西班牙,8595,千克,0,—,141466
39235000,塑料塞子、盖子及类似...,315,奥地利,49898,千克,0,—,282449
39235000,塑料塞子、盖子及类似...,316,保加利亚,29,千克,0,—,679
39235000,塑料塞子、盖子及类似...,318,芬兰,165,千克,0,—,2899
39235000,塑料塞子、盖子及类似...,321,匈牙利,7675,千克,0,—,129598
39235000,塑料塞子、盖子及类似...,326,挪威,116,千克,0,—,2868
39235000,塑料塞子、盖子及类似...,327,波兰,34788,千克,0,—,394601
39235000,塑料塞子、盖子及类似...,336,立陶宛,77,千克,0,—,684
39235000,塑料塞子、盖子及类似...,350,斯洛文尼亚,1750,千克,0,—,60214
39235000,塑料塞子、盖子及类似...,410,巴西,321,千克,0,—,1638
39235000,塑料塞子、盖子及类似...,429,墨西哥,1595,千克,0,—,81368
39235000,塑料塞子、盖子及类似...,501,加拿大,193,千克,0,—,24685
39239000,供运输或包装货物用的...,129,菲律宾,9928,千克,0,—,133908
39239000,供运输或包装货物用的...,137,土耳其,4,千克,0,—,288
39239000,供运输或包装货物用的...,138,阿联酋,5276,千克,0,—,2312
39239000,供运输或包装货物用的...,224,肯尼亚,56,千克,0,—,1662
39239000,供运输或包装货物用的...,301,比利时,17,千克,0,—,737
39239000,供运输或包装货物用的...,305,法国,10951,千克,0,—,82068
39239000,供运输或包装货物用的...,306,爱尔兰,89,千克,0,—,104
39239000,供运输或包装货物用的...,307,意大利,10053,千克,0,—,59097
39239000,供运输或包装货物用的...,309,荷兰,16926,千克,0,—,335613
39239000,供运输或包装货物用的...,312,西班牙,384,千克,0,—,1734
39239000,供运输或包装货物用的...,315,奥地利,2685,千克,0,—,110661
39239000,供运输或包装货物用的...,318,芬兰,2,千克,0,—,233
39239000,供运输或包装货物用的...,321,匈牙利,68581,千克,0,—,265508
39239000,供运输或包装货物用的...,327,波兰,6319,千克,0,—,34480
39239000,供运输或包装货物用的...,350,斯洛文尼亚,674,千克,0,—,18981
39239000,供运输或包装货物用的...,415,哥斯达黎加,2174,千克,0,—,15699
39239000,供运输或包装货物用的...,429,墨西哥,155,千克,0,—,2541
39239000,供运输或包装货物用的...,501,加拿大,4272,千克,0,—,211803
39241000,塑料制餐具及厨房用具,129,菲律宾,2,千克,0,—,68
39241000,塑料制餐具及厨房用具,137,土耳其,374,千克,0,—,4884
39241000,塑料制餐具及厨房用具,138,阿联酋,50,千克,0,—,288
39241000,塑料制餐具及厨房用具,224,肯尼亚,5,千克,0,—,101
39241000,塑料制餐具及厨房用具,301,比利时,575,千克,0,—,5897
39241000,塑料制餐具及厨房用具,305,法国,1046,千克,0,—,44841
39241000,塑料制餐具及厨房用具,307,意大利,16772,千克,0,—,144026
39241000,塑料制餐具及厨房用具,309,荷兰,7,千克,0,—,230
39241000,塑料制餐具及厨房用具,312,西班牙,136,千克,0,—,976
39241000,塑料制餐具及厨房用具,315,奥地利,0,千克,0,—,37
39241000,塑料制餐具及厨房用具,318,芬兰,93,千克,0,—,1342
39241000,塑料制餐具及厨房用具,327,波兰,7455,千克,0,—,26463
39241000,塑料制餐具及厨房用具,350,斯洛文尼亚,3236,千克,0,—,25230
39241000,塑料制餐具及厨房用具,410,巴西,0,千克,0,—,34
39241000,塑料制餐具及厨房用具,429,墨西哥,434,千克,0,—,11357
39241000,塑料制餐具及厨房用具,501,加拿大,196,千克,0,—,4905
39249000,塑料制其他家庭用具及...,129,菲律宾,1,千克,0,—,387
39249000,塑料制其他家庭用具及...,137,土耳其,94334,千克,0,—,239848
39249000,塑料制其他家庭用具及...,301,比利时,44,千克,0,—,1076
39249000,塑料制其他家庭用具及...,305,法国,569,千克,0,—,11705
39249000,塑料制其他家庭用具及...,306,爱尔兰,1,千克,0,—,1031
39249000,塑料制其他家庭用具及...,307,意大利,112064,千克,0,—,382432
39249000,塑料制其他家庭用具及...,309,荷兰,301,千克,0,—,6654
39249000,塑料制其他家庭用具及...,312,西班牙,10134,千克,0,—,21679
39249000,塑料制其他家庭用具及...,315,奥地利,26,千克,0,—,1613
39249000,塑料制其他家庭用具及...,321,匈牙利,0,千克,0,—,52
39249000,塑料制其他家庭用具及...,327,波兰,5165,千克,0,—,17255
39249000,塑料制其他家庭用具及...,336,立陶宛,3,千克,0,—,59
39249000,塑料制其他家庭用具及...,429,墨西哥,743,千克,0,—,6459
39249000,塑料制其他家庭用具及...,501,加拿大,8,千克,0,—,210
39251000,塑料制囤、柜、罐、桶...,301,比利时,55,千克,0,—,1211
39251000,塑料制囤、柜、罐、桶...,305,法国,75,千克,0,—,11889
39251000,塑料制囤、柜、罐、桶...,307,意大利,23,千克,0,—,4513
39251000,塑料制囤、柜、罐、桶...,309,荷兰,99,千克,0,—,712
39251000,塑料制囤、柜、罐、桶...,318,芬兰,216,千克,0,—,1926
39252000,塑料制门、窗及其框架...,305,法国,15,千克,0,—,2098
39252000,塑料制门、窗及其框架...,307,意大利,650,千克,0,—,11704
39252000,塑料制门、窗及其框架...,315,奥地利,340,千克,0,—,9063
39252000,塑料制门、窗及其框架...,327,波兰,2,千克,0,—,576
39253000,塑料制窗板、百叶窗或...,301,比利时,3804,千克,0,—,38422
39253000,塑料制窗板、百叶窗或...,305,法国,28,千克,0,—,26866
39253000,塑料制窗板、百叶窗或...,307,意大利,556,千克,0,—,33082
39253000,塑料制窗板、百叶窗或...,309,荷兰,1016,千克,0,—,80743
39253000,塑料制窗板、百叶窗或...,315,奥地利,647,千克,0,—,67732
39253000,塑料制窗板、百叶窗或...,350,斯洛文尼亚,158,千克,0,—,1440
39253000,塑料制窗板、百叶窗或...,501,加拿大,2308,千克,0,—,11980
39259000,未列名的建筑用塑料制...,129,菲律宾,1,千克,0,—,403
39259000,未列名的建筑用塑料制...,137,土耳其,2,千克,0,—,18
39259000,未列名的建筑用塑料制...,301,比利时,3401,千克,0,—,120992
39259000,未列名的建筑用塑料制...,305,法国,547,千克,0,—,8025
39259000,未列名的建筑用塑料制...,307,意大利,30251,千克,0,—,150549
39259000,未列名的建筑用塑料制...,309,荷兰,17616,千克,0,—,377207
39259000,未列名的建筑用塑料制...,312,西班牙,511,千克,0,—,1221
39259000,未列名的建筑用塑料制...,315,奥地利,630,千克,0,—,24478
39259000,未列名的建筑用塑料制...,318,芬兰,2215,千克,0,—,14326
39259000,未列名的建筑用塑料制...,321,匈牙利,154,千克,0,—,3285
39259000,未列名的建筑用塑料制...,327,波兰,1766,千克,0,—,8672
39259000,未列名的建筑用塑料制...,336,立陶宛,358,千克,0,—,8487
39259000,未列名的建筑用塑料制...,429,墨西哥,6,千克,0,—,323
39259000,未列名的建筑用塑料制...,501,加拿大,10802,千克,0,—,26951
39261000,塑料制办公室或学校用...,301,比利时,4,千克,0,—,24
39261000,塑料制办公室或学校用...,305,法国,17,千克,0,—,5868
39261000,塑料制办公室或学校用...,307,意大利,163,千克,0,—,5816
39261000,塑料制办公室或学校用...,309,荷兰,2,千克,0,—,87
39261000,塑料制办公室或学校用...,312,西班牙,4,千克,0,—,60
39261000,塑料制办公室或学校用...,315,奥地利,20,千克,0,—,804
39261000,塑料制办公室或学校用...,350,斯洛文尼亚,14,千克,0,—,393
39261000,塑料制办公室或学校用...,429,墨西哥,4,千克,0,—,401
39262011,聚氯乙烯制手套（分指...,429,墨西哥,11,千克,500,双,2055
39262019,其他塑料制手套（分指...,127,巴基斯坦,329,千克,663,双,8608
39262019,其他塑料制手套（分指...,307,意大利,16,千克,53,双,115
39262019,其他塑料制手套（分指...,309,荷兰,10,千克,10,双,4756
39262019,其他塑料制手套（分指...,327,波兰,10,千克,10,双,1670
39262019,其他塑料制手套（分指...,429,墨西哥,133,千克,5000,双,3633
39262019,其他塑料制手套（分指...,501,加拿大,20,千克,180,双,744
39262090,其他塑料制衣服及衣着...,127,巴基斯坦,1,千克,0,—,25
39262090,其他塑料制衣服及衣着...,129,菲律宾,0,千克,0,—,260
39262090,其他塑料制衣服及衣着...,137,土耳其,57,千克,0,—,912
39262090,其他塑料制衣服及衣着...,301,比利时,0,千克,0,—,1557
39262090,其他塑料制衣服及衣着...,305,法国,436,千克,0,—,23704
39262090,其他塑料制衣服及衣着...,307,意大利,2695,千克,0,—,1522231
39262090,其他塑料制衣服及衣着...,309,荷兰,5,千克,0,—,820
39262090,其他塑料制衣服及衣着...,312,西班牙,46,千克,0,—,541
39262090,其他塑料制衣服及衣着...,315,奥地利,75,千克,0,—,3466
39262090,其他塑料制衣服及衣着...,321,匈牙利,423,千克,0,—,5903
39262090,其他塑料制衣服及衣着...,326,挪威,5,千克,0,—,1823
39262090,其他塑料制衣服及衣着...,327,波兰,34,千克,0,—,1601
39262090,其他塑料制衣服及衣着...,501,加拿大,49,千克,0,—,2883
39263000,塑料制家具、车厢或类...,137,土耳其,1150,千克,0,—,14399
39263000,塑料制家具、车厢或类...,301,比利时,0,千克,0,—,2
39263000,塑料制家具、车厢或类...,305,法国,342,千克,0,—,20243
39263000,塑料制家具、车厢或类...,307,意大利,19918,千克,0,—,1540564
39263000,塑料制家具、车厢或类...,309,荷兰,150,千克,0,—,3436
39263000,塑料制家具、车厢或类...,312,西班牙,3626,千克,0,—,149804
39263000,塑料制家具、车厢或类...,315,奥地利,62106,千克,0,—,2571971
39263000,塑料制家具、车厢或类...,321,匈牙利,1,千克,0,—,409
39263000,塑料制家具、车厢或类...,327,波兰,4772,千克,0,—,281991
39263000,塑料制家具、车厢或类...,336,立陶宛,1357,千克,0,—,8823
39263000,塑料制家具、车厢或类...,350,斯洛文尼亚,2591,千克,0,—,25076
39263000,塑料制家具、车厢或类...,410,巴西,3,千克,0,—,346
39263000,塑料制家具、车厢或类...,429,墨西哥,4458,千克,0,—,199416
39263000,塑料制家具、车厢或类...,501,加拿大,2,千克,0,—,90
39264000,塑料制小雕塑品及其他...,124,蒙古,322,千克,0,—,2660
39264000,塑料制小雕塑品及其他...,127,巴基斯坦,7,千克,0,—,243
39264000,塑料制小雕塑品及其他...,129,菲律宾,89,千克,0,—,5898
39264000,塑料制小雕塑品及其他...,301,比利时,380,千克,0,—,26068
39264000,塑料制小雕塑品及其他...,305,法国,647,千克,0,—,34081
39264000,塑料制小雕塑品及其他...,307,意大利,1585,千克,0,—,52882
39264000,塑料制小雕塑品及其他...,309,荷兰,267,千克,0,—,6714
39264000,塑料制小雕塑品及其他...,310,希腊,1,千克,0,—,118
39264000,塑料制小雕塑品及其他...,312,西班牙,464,千克,0,—,5869
39264000,塑料制小雕塑品及其他...,315,奥地利,1,千克,0,—,183
39264000,塑料制小雕塑品及其他...,327,波兰,24,千克,0,—,4397
39264000,塑料制小雕塑品及其他...,410,巴西,11,千克,0,—,13
39264000,塑料制小雕塑品及其他...,501,加拿大,34,千克,0,—,4576
39269010,塑料制机器及仪器用零...,129,菲律宾,2115,千克,0,—,124288
39269010,塑料制机器及仪器用零...,137,土耳其,5646,千克,0,—,196400
39269010,塑料制机器及仪器用零...,138,阿联酋,229,千克,0,—,37374
39269010,塑料制机器及仪器用零...,244,南非,2,千克,0,—,425
39269010,塑料制机器及仪器用零...,301,比利时,5234,千克,0,—,580514
39269010,塑料制机器及仪器用零...,305,法国,79681,千克,0,—,2610596
39269010,塑料制机器及仪器用零...,306,爱尔兰,419,千克,0,—,473663
39269010,塑料制机器及仪器用零...,307,意大利,145143,千克,0,—,4703618
39269010,塑料制机器及仪器用零...,309,荷兰,12595,千克,0,—,657923
39269010,塑料制机器及仪器用零...,310,希腊,0,千克,0,—,10
39269010,塑料制机器及仪器用零...,312,西班牙,13237,千克,0,—,380420
39269010,塑料制机器及仪器用零...,315,奥地利,35289,千克,0,—,1759162
39269010,塑料制机器及仪器用零...,316,保加利亚,196,千克,0,—,26633
39269010,塑料制机器及仪器用零...,318,芬兰,15028,千克,0,—,1475577
39269010,塑料制机器及仪器用零...,321,匈牙利,4571,千克,0,—,168809
39269010,塑料制机器及仪器用零...,326,挪威,87,千克,0,—,19993
39269010,塑料制机器及仪器用零...,327,波兰,22291,千克,0,—,566515
39269010,塑料制机器及仪器用零...,336,立陶宛,169,千克,0,—,10931
39269010,塑料制机器及仪器用零...,350,斯洛文尼亚,12811,千克,0,—,165144
39269010,塑料制机器及仪器用零...,410,巴西,483,千克,0,—,22668
39269010,塑料制机器及仪器用零...,415,哥斯达黎加,23,千克,0,—,5992
39269010,塑料制机器及仪器用零...,429,墨西哥,15559,千克,0,—,669767
39269010,塑料制机器及仪器用零...,501,加拿大,3044,千克,0,—,251638
39269090,未列名塑料制品,129,菲律宾,47706,千克,0,—,900299
39269090,未列名塑料制品,137,土耳其,18342,千克,0,—,288026
39269090,未列名塑料制品,138,阿联酋,1126,千克,0,—,40403
39269090,未列名塑料制品,220,加纳,0,千克,0,—,47
39269090,未列名塑料制品,227,马达加斯加,6,千克,0,—,666
39269090,未列名塑料制品,244,南非,307,千克,0,—,14779
39269090,未列名塑料制品,301,比利时,38068,千克,0,—,994368
39269090,未列名塑料制品,305,法国,87977,千克,0,—,4974168
39269090,未列名塑料制品,306,爱尔兰,2371,千克,0,—,399913
39269090,未列名塑料制品,307,意大利,190236,千克,0,—,5055459
39269090,未列名塑料制品,309,荷兰,48939,千克,0,—,2209392
39269090,未列名塑料制品,310,希腊,0,千克,0,—,10
39269090,未列名塑料制品,312,西班牙,182946,千克,0,—,2725336
39269090,未列名塑料制品,314,安道尔,2,千克,0,—,1168
39269090,未列名塑料制品,315,奥地利,110540,千克,0,—,2717690
39269090,未列名塑料制品,316,保加利亚,3494,千克,0,—,95523
39269090,未列名塑料制品,318,芬兰,79192,千克,0,—,1752897
39269090,未列名塑料制品,321,匈牙利,43706,千克,0,—,1583603
39269090,未列名塑料制品,326,挪威,1302,千克,0,—,145062
39269090,未列名塑料制品,327,波兰,86279,千克,0,—,1942128
39269090,未列名塑料制品,336,立陶宛,1006,千克,0,—,36425
39269090,未列名塑料制品,339,阿塞拜疆（2023年起停用）,2,千克,0,—,2143
39269090,未列名塑料制品,340,白俄罗斯,6,千克,0,—,642
39269090,未列名塑料制品,350,斯洛文尼亚,43243,千克,0,—,1615673
39269090,未列名塑料制品,359,黑山,2,千克,0,—,22
39269090,未列名塑料制品,410,巴西,14140,千克,0,—,419144
39269090,未列名塑料制品,415,哥斯达黎加,14571,千克,0,—,430390
39269090,未列名塑料制品,429,墨西哥,132318,千克,0,—,3817691
39269090,未列名塑料制品,435,波多黎各,509,千克,0,—,130397
39269090,未列名塑料制品,501,加拿大,38900,千克,0,—,1010049
39269090,未列名塑料制品,699,大洋洲其他国家(地区),3,千克,0,—,85
40012200,技术分类天然橡胶（T...,129,菲律宾,1070160,千克,0,—,1775815
40012900,其他形状的天然橡胶,220,加纳,142700,千克,0,—,50761
40012900,其他形状的天然橡胶,307,意大利,51,千克,0,—,1817
40021190,丁苯橡胶胶乳,307,意大利,84200,千克,0,—,134356
40021190,丁苯橡胶胶乳,327,波兰,546760,千克,0,—,666649
40021190,丁苯橡胶胶乳,410,巴西,386280,千克,0,—,516499
40021911,未经任何加工的非溶聚...,307,意大利,8800,千克,0,—,20275
40021911,未经任何加工的非溶聚...,410,巴西,45180,千克,0,—,100896
40021911,未经任何加工的非溶聚...,429,墨西哥,103711,千克,0,—,268211
40021912,充油非溶聚丁苯橡胶,305,法国,19024,千克,0,—,42804
40021912,充油非溶聚丁苯橡胶,327,波兰,1820331,千克,0,—,2934767
40021913,初级形状热塑丁苯橡胶,137,土耳其,46455,千克,0,—,246975
40021913,初级形状热塑丁苯橡胶,305,法国,54400,千克,0,—,135312
40021913,初级形状热塑丁苯橡胶,307,意大利,22895,千克,0,—,45588
40021913,初级形状热塑丁苯橡胶,309,荷兰,60,千克,0,—,241
40021913,初级形状热塑丁苯橡胶,410,巴西,25200,千克,0,—,71517
40021913,初级形状热塑丁苯橡胶,429,墨西哥,1452,千克,0,—,5007
40021914,初级形状充油热塑丁苯...,305,法国,2,千克,0,—,26
40021914,初级形状充油热塑丁苯...,309,荷兰,483,千克,0,—,8056
40021914,初级形状充油热塑丁苯...,312,西班牙,2360,千克,0,—,2832
40021915,未经任何加工的溶聚丁...,321,匈牙利,146370,千克,0,—,128425
40021915,未经任何加工的溶聚丁...,410,巴西,176111,千克,0,—,345705
40021916,充油溶聚丁苯橡胶,305,法国,64166,千克,0,—,86623
40021916,充油溶聚丁苯橡胶,327,波兰,208626,千克,0,—,385958
40021990,未列名丁苯橡胶及羧基...,305,法国,375400,千克,0,—,928118
40021990,未列名丁苯橡胶及羧基...,321,匈牙利,201600,千克,0,—,440068
40021990,未列名丁苯橡胶及羧基...,327,波兰,992477,千克,0,—,1811256
40021990,未列名丁苯橡胶及羧基...,429,墨西哥,24648,千克,0,—,63433
40022010,初级形状的丁二烯橡胶,137,土耳其,6000,千克,0,—,18000
40022010,初级形状的丁二烯橡胶,138,阿联酋,126000,千克,0,—,183879
40022010,初级形状的丁二烯橡胶,305,法国,463690,千克,0,—,963759
40022010,初级形状的丁二烯橡胶,307,意大利,14751,千克,0,—,20713
40022010,初级形状的丁二烯橡胶,312,西班牙,1,千克,0,—,161
40022010,初级形状的丁二烯橡胶,327,波兰,133154,千克,0,—,262971
40022010,初级形状的丁二烯橡胶,410,巴西,18001,千克,0,—,42200
40022090,其他丁二烯橡胶,138,阿联酋,1260000,千克,0,—,1881445
40022090,其他丁二烯橡胶,305,法国,266221,千克,0,—,482778
40022090,其他丁二烯橡胶,327,波兰,189474,千克,0,—,378948
40022090,其他丁二烯橡胶,410,巴西,40486,千克,0,—,94737
40023110,初级形状的异丁烯-异...,301,比利时,98178,千克,0,—,339461
40023190,其他异丁烯-异戊二烯...,301,比利时,199761,千克,0,—,557572
40023190,其他异丁烯-异戊二烯...,501,加拿大,238698,千克,0,—,564761
40023910,初级形状的卤代丁基橡...,501,加拿大,92511,千克,0,—,242745
40023990,其他卤代丁基橡胶,301,比利时,237813,千克,0,—,587831
40023990,其他卤代丁基橡胶,501,加拿大,515686,千克,0,—,1308233
40024990,未列名氯丁二烯（氯丁...,305,法国,81,千克,0,—,2158
40025100,丁腈橡胶胶乳,307,意大利,10000,千克,0,—,13614
40025100,丁腈橡胶胶乳,309,荷兰,11,千克,0,—,120
40025910,其他初级形状的丁腈橡...,305,法国,70718,千克,0,—,319778
40025910,其他初级形状的丁腈橡...,307,意大利,159605,千克,0,—,376842
40025990,未列名丁腈橡胶,305,法国,633015,千克,0,—,1902558
40025990,未列名丁腈橡胶,307,意大利,62484,千克,0,—,143459
40025990,未列名丁腈橡胶,312,西班牙,2301,千克,0,—,53429
40025990,未列名丁腈橡胶,315,奥地利,21,千克,0,—,1118
40026010,初级形状的异戊二烯橡...,410,巴西,165,千克,0,—,2398
40026090,其他异戊二烯橡胶,327,波兰,1,千克,0,—,591
40027010,初级形状的乙丙非共轭...,137,土耳其,3000,千克,0,—,12990
40027010,初级形状的乙丙非共轭...,138,阿联酋,129600,千克,0,—,311040
40027010,初级形状的乙丙非共轭...,305,法国,2204,千克,0,—,9572
40027010,初级形状的乙丙非共轭...,307,意大利,72055,千克,0,—,108362
40027010,初级形状的乙丙非共轭...,309,荷兰,354150,千克,0,—,851821
40027010,初级形状的乙丙非共轭...,327,波兰,60,千克,0,—,400
40027010,初级形状的乙丙非共轭...,410,巴西,99000,千克,0,—,251380
40027010,初级形状的乙丙非共轭...,501,加拿大,500,千克,0,—,3925
40027090,其他乙丙非共轭二烯橡...,137,土耳其,106488,千克,0,—,262252
40027090,其他乙丙非共轭二烯橡...,301,比利时,8,千克,0,—,178
40027090,其他乙丙非共轭二烯橡...,305,法国,54000,千克,0,—,145956
40027090,其他乙丙非共轭二烯橡...,307,意大利,831615,千克,0,—,1670645
40027090,其他乙丙非共轭二烯橡...,309,荷兰,670845,千克,0,—,2051933
40027090,其他乙丙非共轭二烯橡...,410,巴西,118800,千克,0,—,302940
40028000,4001所列产品与本...,129,菲律宾,201600,千克,0,—,315504
40029100,未列名合成橡胶胶乳,305,法国,105600,千克,0,—,172148
40029911,未列名初级形状的合成...,137,土耳其,40,千克,0,—,127
40029911,未列名初级形状的合成...,301,比利时,200,千克,0,—,1174
40029911,未列名初级形状的合成...,305,法国,20366,千克,0,—,91901
40029911,未列名初级形状的合成...,307,意大利,82092,千克,0,—,147884
40029911,未列名初级形状的合成...,309,荷兰,2100,千克,0,—,49350
40029911,未列名初级形状的合成...,312,西班牙,23800,千克,0,—,65670
40029911,未列名初级形状的合成...,429,墨西哥,22000,千克,0,—,51700
40029919,未列名非初级形状的合...,305,法国,550,千克,0,—,3607
40029919,未列名非初级形状的合...,307,意大利,926,千克,0,—,186519
40029990,从油类提取的油膏,305,法国,18900,千克,0,—,42914
40029990,从油类提取的油膏,312,西班牙,3,千克,0,—,1
40030000,再生橡胶，初级形状或...,127,巴基斯坦,76560,千克,0,—,61937
40030000,再生橡胶，初级形状或...,301,比利时,21475,千克,0,—,13529
40030000,再生橡胶，初级形状或...,309,荷兰,26088,千克,0,—,15652
40030000,再生橡胶，初级形状或...,321,匈牙利,21560,千克,0,—,12974
40030000,再生橡胶，初级形状或...,501,加拿大,15480,千克,0,—,19945
40051000,与碳黑或硅石混合未硫...,137,土耳其,42965,千克,0,—,68174
40051000,与碳黑或硅石混合未硫...,305,法国,119538,千克,0,—,810822
40051000,与碳黑或硅石混合未硫...,307,意大利,258048,千克,0,—,385247
40051000,与碳黑或硅石混合未硫...,309,荷兰,258367,千克,0,—,249732
40051000,与碳黑或硅石混合未硫...,312,西班牙,27996,千克,0,—,90740
40051000,与碳黑或硅石混合未硫...,315,奥地利,50,千克,0,—,638
40051000,与碳黑或硅石混合未硫...,321,匈牙利,2016,千克,0,—,4468
40051000,与碳黑或硅石混合未硫...,350,斯洛文尼亚,2401,千克,0,—,12864
40051000,与碳黑或硅石混合未硫...,410,巴西,20360,千克,0,—,154657
40051000,与碳黑或硅石混合未硫...,501,加拿大,24986,千克,0,—,17740
40059100,其他未硫化的复合橡胶...,301,比利时,4798,千克,0,—,20528
40059100,其他未硫化的复合橡胶...,305,法国,27597,千克,0,—,130059
40059100,其他未硫化的复合橡胶...,307,意大利,104006,千克,0,—,307263
40059100,其他未硫化的复合橡胶...,309,荷兰,30320,千克,0,—,59104
40059100,其他未硫化的复合橡胶...,315,奥地利,1897,千克,0,—,54859
40059100,其他未硫化的复合橡胶...,350,斯洛文尼亚,11027,千克,0,—,60343
40059900,其他未硫化的初级形状...,137,土耳其,14000,千克,0,—,55565
40059900,其他未硫化的初级形状...,305,法国,2000,千克,0,—,17213
40059900,其他未硫化的初级形状...,307,意大利,19103,千克,0,—,60401
40059900,其他未硫化的初级形状...,312,西班牙,20420,千克,0,—,131133
40069010,其他形状（例如，杆、...,307,意大利,0,千克,0,—,11
40069010,其他形状（例如，杆、...,315,奥地利,103,千克,0,—,2000
40069020,未硫化橡胶制品,305,法国,1792,千克,0,—,44714
40069020,未硫化橡胶制品,307,意大利,839,千克,0,—,11360
40069020,未硫化橡胶制品,309,荷兰,104,千克,0,—,3619
40069020,未硫化橡胶制品,310,希腊,3,千克,0,—,53
40069020,未硫化橡胶制品,318,芬兰,6,千克,0,—,1104
40069020,未硫化橡胶制品,429,墨西哥,111,千克,0,—,30396
40070000,硫化橡胶线及绳,305,法国,230,千克,0,—,460
40070000,硫化橡胶线及绳,307,意大利,1,千克,0,—,584
40070000,硫化橡胶线及绳,309,荷兰,161,千克,0,—,292
40070000,硫化橡胶线及绳,315,奥地利,48,千克,0,—,2054
40081100,硫化海绵橡胶制板、片...,301,比利时,73044,千克,0,—,588862
40081100,硫化海绵橡胶制板、片...,305,法国,65817,千克,0,—,386120
40081100,硫化海绵橡胶制板、片...,307,意大利,4817,千克,0,—,91241
40081100,硫化海绵橡胶制板、片...,309,荷兰,28,千克,0,—,1043
40081100,硫化海绵橡胶制板、片...,312,西班牙,2000,千克,0,—,18540
40081100,硫化海绵橡胶制板、片...,315,奥地利,20,千克,0,—,1277
40081100,硫化海绵橡胶制板、片...,318,芬兰,14,千克,0,—,1052
40081100,硫化海绵橡胶制板、片...,321,匈牙利,22,千克,0,—,1392
40081100,硫化海绵橡胶制板、片...,327,波兰,6,千克,0,—,612
40081100,硫化海绵橡胶制板、片...,350,斯洛文尼亚,1,千克,0,—,67
40081100,硫化海绵橡胶制板、片...,501,加拿大,12,千克,0,—,665
40081900,硫化海绵橡胶制杆、型...,137,土耳其,4,千克,0,—,60
40081900,硫化海绵橡胶制杆、型...,307,意大利,110,千克,0,—,2098
40081900,硫化海绵橡胶制杆、型...,312,西班牙,1,千克,0,—,2
40081900,硫化海绵橡胶制杆、型...,318,芬兰,58,千克,0,—,4368
40081900,硫化海绵橡胶制杆、型...,350,斯洛文尼亚,0,千克,0,—,81
40081900,硫化海绵橡胶制杆、型...,410,巴西,54,千克,0,—,608
40082100,硫化非海绵橡胶制板、...,129,菲律宾,27,千克,0,—,11750
40082100,硫化非海绵橡胶制板、...,137,土耳其,768,千克,0,—,5269
40082100,硫化非海绵橡胶制板、...,138,阿联酋,1,千克,0,—,46
40082100,硫化非海绵橡胶制板、...,301,比利时,47188,千克,0,—,693697
40082100,硫化非海绵橡胶制板、...,305,法国,21174,千克,0,—,130609
40082100,硫化非海绵橡胶制板、...,307,意大利,64290,千克,0,—,250003
40082100,硫化非海绵橡胶制板、...,309,荷兰,35428,千克,0,—,83155
40082100,硫化非海绵橡胶制板、...,312,西班牙,11969,千克,0,—,64987
40082100,硫化非海绵橡胶制板、...,315,奥地利,22394,千克,0,—,275854
40082100,硫化非海绵橡胶制板、...,318,芬兰,18,千克,0,—,1885
40082100,硫化非海绵橡胶制板、...,321,匈牙利,42,千克,0,—,1731
40082100,硫化非海绵橡胶制板、...,326,挪威,20,千克,0,—,1137
40082100,硫化非海绵橡胶制板、...,327,波兰,176,千克,0,—,5482
40082100,硫化非海绵橡胶制板、...,350,斯洛文尼亚,18145,千克,0,—,168646
40082100,硫化非海绵橡胶制板、...,410,巴西,14283,千克,0,—,124516
40082100,硫化非海绵橡胶制板、...,429,墨西哥,3559,千克,0,—,43962
40082100,硫化非海绵橡胶制板、...,501,加拿大,1,千克,0,—,555
40082900,硫化非海绵橡胶制杆、...,301,比利时,347,千克,0,—,9024
40082900,硫化非海绵橡胶制杆、...,305,法国,6,千克,0,—,1258
40082900,硫化非海绵橡胶制杆、...,307,意大利,76,千克,0,—,3888
40082900,硫化非海绵橡胶制杆、...,309,荷兰,12,千克,0,—,531
40082900,硫化非海绵橡胶制杆、...,312,西班牙,2264,千克,0,—,27361
40082900,硫化非海绵橡胶制杆、...,315,奥地利,10,千克,0,—,195
40082900,硫化非海绵橡胶制杆、...,318,芬兰,155,千克,0,—,9499
40082900,硫化非海绵橡胶制杆、...,321,匈牙利,988,千克,0,—,40075
40082900,硫化非海绵橡胶制杆、...,327,波兰,12,千克,0,—,978
40082900,硫化非海绵橡胶制杆、...,350,斯洛文尼亚,673,千克,0,—,32083
40082900,硫化非海绵橡胶制杆、...,501,加拿大,2,千克,0,—,180
40091100,未经加强或未与其他材...,129,菲律宾,12,千克,0,—,201
40091100,未经加强或未与其他材...,137,土耳其,20376,千克,0,—,154977
40091100,未经加强或未与其他材...,301,比利时,191,千克,0,—,8718
40091100,未经加强或未与其他材...,305,法国,8404,千克,0,—,94874
40091100,未经加强或未与其他材...,307,意大利,43617,千克,0,—,403558
40091100,未经加强或未与其他材...,309,荷兰,3,千克,0,—,812
40091100,未经加强或未与其他材...,312,西班牙,8497,千克,0,—,62876
40091100,未经加强或未与其他材...,315,奥地利,90,千克,0,—,7267
40091100,未经加强或未与其他材...,316,保加利亚,21,千克,0,—,260
40091100,未经加强或未与其他材...,318,芬兰,34,千克,0,—,4031
40091100,未经加强或未与其他材...,321,匈牙利,307,千克,0,—,6461
40091100,未经加强或未与其他材...,326,挪威,63,千克,0,—,781
40091100,未经加强或未与其他材...,327,波兰,1747,千克,0,—,54926
40091100,未经加强或未与其他材...,350,斯洛文尼亚,720,千克,0,—,4889
40091100,未经加强或未与其他材...,410,巴西,1,千克,0,—,143
40091100,未经加强或未与其他材...,429,墨西哥,2505,千克,0,—,78286
40091100,未经加强或未与其他材...,501,加拿大,69,千克,0,—,4500
40091200,未经加强或未与其他材...,137,土耳其,13579,千克,0,—,190826
40091200,未经加强或未与其他材...,301,比利时,346,千克,0,—,13036
40091200,未经加强或未与其他材...,305,法国,307,千克,0,—,72331
40091200,未经加强或未与其他材...,306,爱尔兰,0,千克,0,—,150
40091200,未经加强或未与其他材...,307,意大利,225,千克,0,—,11889
40091200,未经加强或未与其他材...,309,荷兰,72,千克,0,—,5401
40091200,未经加强或未与其他材...,312,西班牙,2955,千克,0,—,181787
40091200,未经加强或未与其他材...,315,奥地利,83,千克,0,—,17835
40091200,未经加强或未与其他材...,316,保加利亚,471,千克,0,—,16598
40091200,未经加强或未与其他材...,318,芬兰,23,千克,0,—,324
40091200,未经加强或未与其他材...,321,匈牙利,397,千克,0,—,39977
40091200,未经加强或未与其他材...,326,挪威,114,千克,0,—,1214
40091200,未经加强或未与其他材...,327,波兰,513,千克,0,—,43205
40091200,未经加强或未与其他材...,336,立陶宛,752,千克,0,—,24437
40091200,未经加强或未与其他材...,350,斯洛文尼亚,2481,千克,0,—,40981
40091200,未经加强或未与其他材...,410,巴西,5,千克,0,—,5536
40091200,未经加强或未与其他材...,429,墨西哥,9132,千克,0,—,224094
40091200,未经加强或未与其他材...,501,加拿大,0,千克,0,—,41
40092100,用金属加强或只与金属...,137,土耳其,271755,千克,0,—,885760
40092100,用金属加强或只与金属...,305,法国,42,千克,0,—,33906
40092100,用金属加强或只与金属...,307,意大利,329815,千克,0,—,1700770
40092100,用金属加强或只与金属...,309,荷兰,3,千克,0,—,113
40092100,用金属加强或只与金属...,312,西班牙,10,千克,0,—,935
40092100,用金属加强或只与金属...,315,奥地利,32860,千克,0,—,128785
40092100,用金属加强或只与金属...,318,芬兰,10,千克,0,—,806
40092100,用金属加强或只与金属...,321,匈牙利,15,千克,0,—,1114
40092100,用金属加强或只与金属...,327,波兰,4862,千克,0,—,56242
40092100,用金属加强或只与金属...,429,墨西哥,6422,千克,0,—,116894
40092100,用金属加强或只与金属...,501,加拿大,127,千克,0,—,4063
40092200,用金属加强或只与金属...,137,土耳其,1708,千克,0,—,13508
40092200,用金属加强或只与金属...,244,南非,2,千克,0,—,115
40092200,用金属加强或只与金属...,301,比利时,253,千克,0,—,6911
40092200,用金属加强或只与金属...,305,法国,121,千克,0,—,51558
40092200,用金属加强或只与金属...,307,意大利,11807,千克,0,—,224981
40092200,用金属加强或只与金属...,309,荷兰,282,千克,0,—,10667
40092200,用金属加强或只与金属...,312,西班牙,784,千克,0,—,41314
40092200,用金属加强或只与金属...,315,奥地利,513,千克,0,—,26543
40092200,用金属加强或只与金属...,316,保加利亚,112,千克,0,—,2436
40092200,用金属加强或只与金属...,318,芬兰,934,千克,0,—,21413
40092200,用金属加强或只与金属...,321,匈牙利,886,千克,0,—,43853
40092200,用金属加强或只与金属...,326,挪威,9679,千克,0,—,361374
40092200,用金属加强或只与金属...,327,波兰,489,千克,0,—,35522
40092200,用金属加强或只与金属...,410,巴西,69673,千克,0,—,696114
40092200,用金属加强或只与金属...,429,墨西哥,1417,千克,0,—,76685
40092200,用金属加强或只与金属...,501,加拿大,45,千克,0,—,3627
40093100,用纺材加强或只与纺材...,127,巴基斯坦,449,千克,0,—,5290
40093100,用纺材加强或只与纺材...,129,菲律宾,6,千克,0,—,143
40093100,用纺材加强或只与纺材...,137,土耳其,11842,千克,0,—,133176
40093100,用纺材加强或只与纺材...,301,比利时,59,千克,0,—,1324
40093100,用纺材加强或只与纺材...,305,法国,13664,千克,0,—,284035
40093100,用纺材加强或只与纺材...,307,意大利,6753,千克,0,—,128160
40093100,用纺材加强或只与纺材...,309,荷兰,8,千克,0,—,560
40093100,用纺材加强或只与纺材...,312,西班牙,1380,千克,0,—,62611
40093100,用纺材加强或只与纺材...,315,奥地利,38,千克,0,—,2005
40093100,用纺材加强或只与纺材...,316,保加利亚,677,千克,0,—,8715
40093100,用纺材加强或只与纺材...,318,芬兰,39,千克,0,—,2873
40093100,用纺材加强或只与纺材...,321,匈牙利,10108,千克,0,—,410161
40093100,用纺材加强或只与纺材...,326,挪威,26,千克,0,—,1162
40093100,用纺材加强或只与纺材...,327,波兰,8067,千克,0,—,264257
40093100,用纺材加强或只与纺材...,350,斯洛文尼亚,0,千克,0,—,8
40093100,用纺材加强或只与纺材...,410,巴西,1,千克,0,—,68
40093100,用纺材加强或只与纺材...,429,墨西哥,42167,千克,0,—,341449
40093100,用纺材加强或只与纺材...,501,加拿大,1232,千克,0,—,30954
40093200,用纺材加强或只与纺材...,129,菲律宾,7,千克,0,—,193
40093200,用纺材加强或只与纺材...,137,土耳其,99,千克,0,—,6416
40093200,用纺材加强或只与纺材...,305,法国,332,千克,0,—,53882
40093200,用纺材加强或只与纺材...,307,意大利,2514,千克,0,—,42153
40093200,用纺材加强或只与纺材...,309,荷兰,11,千克,0,—,250
40093200,用纺材加强或只与纺材...,310,希腊,30,千克,0,—,818
40093200,用纺材加强或只与纺材...,312,西班牙,2544,千克,0,—,82356
40093200,用纺材加强或只与纺材...,315,奥地利,20,千克,0,—,1202
40093200,用纺材加强或只与纺材...,316,保加利亚,30495,千克,0,—,961449
40093200,用纺材加强或只与纺材...,318,芬兰,13,千克,0,—,411
40093200,用纺材加强或只与纺材...,321,匈牙利,6390,千克,0,—,536331
40093200,用纺材加强或只与纺材...,327,波兰,40021,千克,0,—,1277121
40093200,用纺材加强或只与纺材...,350,斯洛文尼亚,98,千克,0,—,6130
40093200,用纺材加强或只与纺材...,410,巴西,1,千克,0,—,330
40093200,用纺材加强或只与纺材...,429,墨西哥,40646,千克,0,—,1246383
40093200,用纺材加强或只与纺材...,501,加拿大,18,千克,0,—,1642
40094100,用其他材料加强或与其...,137,土耳其,86469,千克,0,—,287777
40094100,用其他材料加强或与其...,301,比利时,38,千克,0,—,700
40094100,用其他材料加强或与其...,305,法国,1306,千克,0,—,33703
40094100,用其他材料加强或与其...,307,意大利,94918,千克,0,—,449452
40094100,用其他材料加强或与其...,309,荷兰,2522,千克,0,—,76534
40094100,用其他材料加强或与其...,312,西班牙,831,千克,0,—,10792
40094100,用其他材料加强或与其...,315,奥地利,2192,千克,0,—,91568
40094100,用其他材料加强或与其...,318,芬兰,590,千克,0,—,75424
40094100,用其他材料加强或与其...,321,匈牙利,25,千克,0,—,2490
40094100,用其他材料加强或与其...,327,波兰,37,千克,0,—,5694
40094100,用其他材料加强或与其...,350,斯洛文尼亚,10,千克,0,—,730
40094100,用其他材料加强或与其...,410,巴西,1,千克,0,—,120
40094100,用其他材料加强或与其...,429,墨西哥,140,千克,0,—,4606
40094100,用其他材料加强或与其...,501,加拿大,5602,千克,0,—,43609
40094200,用其他材料加强或与其...,137,土耳其,182,千克,0,—,6083
40094200,用其他材料加强或与其...,301,比利时,10,千克,0,—,281
40094200,用其他材料加强或与其...,305,法国,232,千克,0,—,140413
40094200,用其他材料加强或与其...,307,意大利,1460,千克,0,—,95147
40094200,用其他材料加强或与其...,309,荷兰,428,千克,0,—,24067
40094200,用其他材料加强或与其...,312,西班牙,607,千克,0,—,17109
40094200,用其他材料加强或与其...,315,奥地利,81,千克,0,—,4163
40094200,用其他材料加强或与其...,316,保加利亚,4614,千克,0,—,149784
40094200,用其他材料加强或与其...,318,芬兰,140,千克,0,—,12281
40094200,用其他材料加强或与其...,321,匈牙利,12485,千克,0,—,862184
40094200,用其他材料加强或与其...,326,挪威,25,千克,0,—,2802
40094200,用其他材料加强或与其...,327,波兰,97,千克,0,—,12095
40094200,用其他材料加强或与其...,429,墨西哥,2136,千克,0,—,184773
40094200,用其他材料加强或与其...,501,加拿大,79,千克,0,—,4238
40094200,用其他材料加强或与其...,621,马绍尔群岛,234,千克,0,—,5000
40101100,仅用金属加强的硫化橡...,301,比利时,106,千克,0,—,3234
40101100,仅用金属加强的硫化橡...,305,法国,10,千克,0,—,410
40101100,仅用金属加强的硫化橡...,307,意大利,42,千克,0,—,6994
40101100,仅用金属加强的硫化橡...,327,波兰,11825,千克,0,—,192303
40101200,仅用纺织材料加强的硫...,301,比利时,1,千克,0,—,28
40101200,仅用纺织材料加强的硫...,305,法国,388,千克,0,—,31502
40101200,仅用纺织材料加强的硫...,307,意大利,1264,千克,0,—,66200
40101200,仅用纺织材料加强的硫...,309,荷兰,18461,千克,0,—,248641
40101200,仅用纺织材料加强的硫...,312,西班牙,25,千克,0,—,5780
40101200,仅用纺织材料加强的硫...,315,奥地利,5,千克,0,—,278
40101200,仅用纺织材料加强的硫...,318,芬兰,403,千克,0,—,56805
40101200,仅用纺织材料加强的硫...,327,波兰,1,千克,0,—,8
40101200,仅用纺织材料加强的硫...,350,斯洛文尼亚,12350,千克,0,—,158757
40101200,仅用纺织材料加强的硫...,501,加拿大,339,千克,0,—,11660
40101900,其他硫化橡胶制输送带...,301,比利时,0,千克,0,—,28
40101900,其他硫化橡胶制输送带...,305,法国,25,千克,0,—,8148
40101900,其他硫化橡胶制输送带...,307,意大利,235,千克,0,—,64375
40101900,其他硫化橡胶制输送带...,309,荷兰,26,千克,0,—,3863
40101900,其他硫化橡胶制输送带...,312,西班牙,4,千克,0,—,1724
40101900,其他硫化橡胶制输送带...,315,奥地利,10,千克,0,—,824
40101900,其他硫化橡胶制输送带...,321,匈牙利,12,千克,0,—,1754
40101900,其他硫化橡胶制输送带...,327,波兰,10,千克,0,—,1436
40101900,其他硫化橡胶制输送带...,501,加拿大,0,千克,0,—,638
40103100,梯形截面V肋环形传动...,137,土耳其,390,千克,0,—,9270
40103100,梯形截面V肋环形传动...,305,法国,1455,千克,0,—,67376
40103100,梯形截面V肋环形传动...,307,意大利,516,千克,0,—,46629
40103100,梯形截面V肋环形传动...,309,荷兰,1,千克,0,—,94
40103100,梯形截面V肋环形传动...,312,西班牙,8614,千克,0,—,508469
40103100,梯形截面V肋环形传动...,315,奥地利,1,千克,0,—,298
40103100,梯形截面V肋环形传动...,318,芬兰,0,千克,0,—,12
40103100,梯形截面V肋环形传动...,326,挪威,1,千克,0,—,175
40103100,梯形截面V肋环形传动...,327,波兰,1635,千克,0,—,70687
40103100,梯形截面V肋环形传动...,350,斯洛文尼亚,9,千克,0,—,965
40103100,梯形截面V肋环形传动...,410,巴西,0,千克,0,—,21
40103100,梯形截面V肋环形传动...,429,墨西哥,449,千克,0,—,10630
40103100,梯形截面V肋环形传动...,501,加拿大,14,千克,0,—,2960
40103200,其他梯形截面环形传动...,129,菲律宾,6020,千克,0,—,32131
40103200,其他梯形截面环形传动...,137,土耳其,0,千克,0,—,11
40103200,其他梯形截面环形传动...,301,比利时,14,千克,0,—,220
40103200,其他梯形截面环形传动...,305,法国,523,千克,0,—,21190
40103200,其他梯形截面环形传动...,306,爱尔兰,0,千克,0,—,62
40103200,其他梯形截面环形传动...,307,意大利,71,千克,0,—,3442
40103200,其他梯形截面环形传动...,309,荷兰,3,千克,0,—,16
40103200,其他梯形截面环形传动...,312,西班牙,3,千克,0,—,738
40103200,其他梯形截面环形传动...,327,波兰,82,千克,0,—,3085
40103200,其他梯形截面环形传动...,350,斯洛文尼亚,106,千克,0,—,2570
40103200,其他梯形截面环形传动...,429,墨西哥,198,千克,0,—,5224
40103300,梯形截面V肋环形传动...,137,土耳其,60,千克,0,—,1704
40103300,梯形截面V肋环形传动...,305,法国,485,千克,0,—,16843
40103300,梯形截面V肋环形传动...,307,意大利,74,千克,0,—,2639
40103300,梯形截面V肋环形传动...,312,西班牙,906,千克,0,—,86629
40103300,梯形截面V肋环形传动...,327,波兰,157,千克,0,—,11204
40103300,梯形截面V肋环形传动...,429,墨西哥,88,千克,0,—,2312
40103400,其他梯形截面环形传动...,129,菲律宾,3222,千克,0,—,15926
40103400,其他梯形截面环形传动...,301,比利时,40,千克,0,—,553
40103400,其他梯形截面环形传动...,305,法国,23,千克,0,—,950
40103400,其他梯形截面环形传动...,307,意大利,3,千克,0,—,150
40103400,其他梯形截面环形传动...,312,西班牙,2,千克,0,—,526
40103400,其他梯形截面环形传动...,350,斯洛文尼亚,44,千克,0,—,1796
40103400,其他梯形截面环形传动...,410,巴西,6,千克,0,—,94
40103400,其他梯形截面环形传动...,429,墨西哥,48,千克,0,—,746
40103500,环形同步带，60cm...,129,菲律宾,0,千克,0,—,10
40103500,环形同步带，60cm...,137,土耳其,209,千克,0,—,4316
40103500,环形同步带，60cm...,301,比利时,1,千克,0,—,245
40103500,环形同步带，60cm...,305,法国,98,千克,0,—,6554
40103500,环形同步带，60cm...,306,爱尔兰,3,千克,0,—,317
40103500,环形同步带，60cm...,307,意大利,657,千克,0,—,50814
40103500,环形同步带，60cm...,309,荷兰,1,千克,0,—,1359
40103500,环形同步带，60cm...,312,西班牙,976,千克,0,—,44354
40103500,环形同步带，60cm...,315,奥地利,0,千克,0,—,153
40103500,环形同步带，60cm...,318,芬兰,2,千克,0,—,973
40103500,环形同步带，60cm...,326,挪威,0,千克,0,—,82
40103500,环形同步带，60cm...,327,波兰,0,千克,0,—,34
40103500,环形同步带，60cm...,350,斯洛文尼亚,0,千克,0,—,103
40103500,环形同步带，60cm...,429,墨西哥,5,千克,0,—,433
40103600,环形同步带，150c...,305,法国,101,千克,0,—,8501
40103600,环形同步带，150c...,307,意大利,75,千克,0,—,3235
40103600,环形同步带，150c...,312,西班牙,208,千克,0,—,12078
40103600,环形同步带，150c...,315,奥地利,0,千克,0,—,26
40103600,环形同步带，150c...,429,墨西哥,35,千克,0,—,1362
40103600,环形同步带，150c...,501,加拿大,463,千克,0,—,1799
40103900,其他硫化橡胶制传动带...,129,菲律宾,4171,千克,0,—,20029
40103900,其他硫化橡胶制传动带...,137,土耳其,0,千克,0,—,8
40103900,其他硫化橡胶制传动带...,301,比利时,128,千克,0,—,10616
40103900,其他硫化橡胶制传动带...,305,法国,8452,千克,0,—,326959
40103900,其他硫化橡胶制传动带...,306,爱尔兰,9,千克,0,—,2398
40103900,其他硫化橡胶制传动带...,307,意大利,3651,千克,0,—,148535
40103900,其他硫化橡胶制传动带...,309,荷兰,137,千克,0,—,17561
40103900,其他硫化橡胶制传动带...,312,西班牙,1207,千克,0,—,50672
40103900,其他硫化橡胶制传动带...,315,奥地利,159,千克,0,—,14912
40103900,其他硫化橡胶制传动带...,318,芬兰,307,千克,0,—,56704
40103900,其他硫化橡胶制传动带...,321,匈牙利,10,千克,0,—,2581
40103900,其他硫化橡胶制传动带...,327,波兰,565,千克,0,—,21731
40103900,其他硫化橡胶制传动带...,336,立陶宛,7,千克,0,—,1261
40103900,其他硫化橡胶制传动带...,350,斯洛文尼亚,150,千克,0,—,8481
40103900,其他硫化橡胶制传动带...,410,巴西,13,千克,0,—,202
40103900,其他硫化橡胶制传动带...,429,墨西哥,3972,千克,0,—,60170
40103900,其他硫化橡胶制传动带...,501,加拿大,3,千克,0,—,3121
40111000,机动小客车用新的充气...,137,土耳其,18311,千克,1731,条,212448
40111000,机动小客车用新的充气...,244,南非,21870,千克,1463,条,109166
40111000,机动小客车用新的充气...,301,比利时,110,千克,8,条,2718
40111000,机动小客车用新的充气...,305,法国,212156,千克,17588,条,2470973
40111000,机动小客车用新的充气...,307,意大利,499088,千克,39759,条,4859762
40111000,机动小客车用新的充气...,309,荷兰,24,千克,1,条,849
40111000,机动小客车用新的充气...,312,西班牙,178852,千克,15138,条,1340096
40111000,机动小客车用新的充气...,318,芬兰,3503,千克,310,条,18595
40111000,机动小客车用新的充气...,321,匈牙利,426080,千克,27511,条,3722399
40111000,机动小客车用新的充气...,327,波兰,327301,千克,25191,条,2356708
40111000,机动小客车用新的充气...,410,巴西,30473,千克,1985,条,187265
40111000,机动小客车用新的充气...,429,墨西哥,570415,千克,39117,条,4527218
40111000,机动小客车用新的充气...,501,加拿大,1707,千克,104,条,12652
40112000,客车或货运机动车辆用...,137,土耳其,90485,千克,905,条,397408
40112000,客车或货运机动车辆用...,307,意大利,13514,千克,207,条,42649
40112000,客车或货运机动车辆用...,312,西班牙,209531,千克,768,条,1529289
40112000,客车或货运机动车辆用...,327,波兰,514,千克,8,条,7130
40112000,客车或货运机动车辆用...,501,加拿大,262,千克,4,条,1846
40113000,航空器用新的充气橡胶...,305,法国,76,千克,6,条,12231
40113000,航空器用新的充气橡胶...,309,荷兰,27,千克,7,条,3520
40114000,摩托车用新的充气橡胶...,312,西班牙,1540,千克,285,条,16091
40114000,摩托车用新的充气橡胶...,350,斯洛文尼亚,9217,千克,1819,条,83409
40115000,自行车用新的充气橡胶...,305,法国,29,千克,87,条,3059
40115000,自行车用新的充气橡胶...,321,匈牙利,3,千克,1,条,77
40117010,农业或林业车辆及机器...,307,意大利,13582,千克,42,条,78037
40117090,农业或林业车辆及机器...,305,法国,689,千克,7,条,5968
40118011,建筑业、采矿业或工业...,305,法国,45756,千克,36,条,316800
40118011,建筑业、采矿业或工业...,410,巴西,85702,千克,108,条,593568
40118012,建筑业、采矿业或工业...,305,法国,27154,千克,55,条,166564
40118012,建筑业、采矿业或工业...,318,芬兰,1292,千克,4,条,13350
40118012,建筑业、采矿业或工业...,410,巴西,6195,千克,6,条,23236
40118091,建筑业、采矿业或工业...,305,法国,18994,千克,82,条,102718
40118091,建筑业、采矿业或工业...,307,意大利,20,千克,12,条,792
40118091,建筑业、采矿业或工业...,312,西班牙,296,千克,2,条,3010
40118091,建筑业、采矿业或工业...,318,芬兰,1423,千克,12,条,10206
40118091,建筑业、采矿业或工业...,410,巴西,10342,千克,133,条,35044
40118092,建筑业、采矿业或工业...,305,法国,125036,千克,632,条,785022
40118092,建筑业、采矿业或工业...,312,西班牙,451759,千克,176,条,3562596
40118092,建筑业、采矿业或工业...,318,芬兰,10738,千克,39,条,62167
40118092,建筑业、采矿业或工业...,410,巴西,21146,千克,41,条,92649
40119010,其他新的人字形胎面或...,307,意大利,20,千克,5,条,735
40119010,其他新的人字形胎面或...,321,匈牙利,113,千克,1760,条,490
40119090,未列名新的充气橡胶轮...,312,西班牙,4397,千克,85,条,23568
40119090,未列名新的充气橡胶轮...,321,匈牙利,2751,千克,204478,条,15635
40119090,未列名新的充气橡胶轮...,429,墨西哥,792,千克,63750,条,6062
40121300,航空器用翻新的充气橡...,305,法国,16215,千克,245,条,243007
40129020,汽车用实心或半实心橡...,305,法国,30,千克,0,—,206
40129090,其他实心或半实心橡胶...,307,意大利,348,千克,0,—,11150
40129090,其他实心或半实心橡胶...,315,奥地利,111,千克,0,—,3010
40129090,其他实心或半实心橡胶...,321,匈牙利,626,千克,0,—,5605
40129090,其他实心或半实心橡胶...,327,波兰,18,千克,0,—,371
40129090,其他实心或半实心橡胶...,429,墨西哥,463,千克,0,—,4588
40139010,航空器用橡胶内胎,307,意大利,343,千克,450,条,31894
40139090,未列名橡胶内胎,305,法国,15,千克,3,条,253
40139090,未列名橡胶内胎,307,意大利,15,千克,5,条,116
40139090,未列名橡胶内胎,318,芬兰,154,千克,18,条,1808
40141000,硫化橡胶制避孕套,309,荷兰,11,千克,0,—,235
40149000,硫化橡胶制其他卫生及...,301,比利时,1745,千克,0,—,135284
40149000,硫化橡胶制其他卫生及...,305,法国,6,千克,0,—,423
40149000,硫化橡胶制其他卫生及...,307,意大利,2,千克,0,—,79
40149000,硫化橡胶制其他卫生及...,309,荷兰,2,千克,0,—,1274
40149000,硫化橡胶制其他卫生及...,312,西班牙,0,千克,0,—,34
40149000,硫化橡胶制其他卫生及...,321,匈牙利,0,千克,0,—,101
40151900,硫化橡胶制其他分指、...,127,巴基斯坦,1028,千克,3542,双,19003
40151900,硫化橡胶制其他分指、...,137,土耳其,1,千克,10,双,160
40151900,硫化橡胶制其他分指、...,301,比利时,0,千克,2,双,16
40151900,硫化橡胶制其他分指、...,305,法国,1328,千克,3949,双,113524
40151900,硫化橡胶制其他分指、...,307,意大利,91,千克,208,双,8520
40151900,硫化橡胶制其他分指、...,429,墨西哥,0,千克,2,双,5
40159090,硫化橡胶制非医疗用衣...,127,巴基斯坦,15,千克,0,—,1531
40159090,硫化橡胶制非医疗用衣...,301,比利时,0,千克,0,—,183
40159090,硫化橡胶制非医疗用衣...,305,法国,15,千克,0,—,6211
40159090,硫化橡胶制非医疗用衣...,307,意大利,558,千克,0,—,10710
40161010,硫化海绵橡胶制机器及...,129,菲律宾,0,千克,0,—,0
40161010,硫化海绵橡胶制机器及...,137,土耳其,0,千克,0,—,8
40161010,硫化海绵橡胶制机器及...,301,比利时,297,千克,0,—,15071
40161010,硫化海绵橡胶制机器及...,305,法国,65,千克,0,—,11201
40161010,硫化海绵橡胶制机器及...,307,意大利,1248,千克,0,—,63214
40161010,硫化海绵橡胶制机器及...,309,荷兰,42,千克,0,—,4108
40161010,硫化海绵橡胶制机器及...,312,西班牙,153,千克,0,—,1814
40161010,硫化海绵橡胶制机器及...,315,奥地利,6,千克,0,—,2816
40161010,硫化海绵橡胶制机器及...,316,保加利亚,0,千克,0,—,103
40161010,硫化海绵橡胶制机器及...,318,芬兰,231,千克,0,—,28285
40161010,硫化海绵橡胶制机器及...,321,匈牙利,60,千克,0,—,2208
40161010,硫化海绵橡胶制机器及...,326,挪威,10,千克,0,—,1575
40161010,硫化海绵橡胶制机器及...,327,波兰,370,千克,0,—,11141
40161010,硫化海绵橡胶制机器及...,336,立陶宛,0,千克,0,—,118
40161010,硫化海绵橡胶制机器及...,410,巴西,1,千克,0,—,329
40161010,硫化海绵橡胶制机器及...,429,墨西哥,111,千克,0,—,11810
40161010,硫化海绵橡胶制机器及...,501,加拿大,179,千克,0,—,4947
40161090,其他硫化海绵橡胶制品,129,菲律宾,2861,千克,0,—,14117
40161090,其他硫化海绵橡胶制品,137,土耳其,5,千克,0,—,532
40161090,其他硫化海绵橡胶制品,301,比利时,102,千克,0,—,4573
40161090,其他硫化海绵橡胶制品,305,法国,572,千克,0,—,33189
40161090,其他硫化海绵橡胶制品,306,爱尔兰,660,千克,0,—,31780
40161090,其他硫化海绵橡胶制品,307,意大利,583,千克,0,—,65187
40161090,其他硫化海绵橡胶制品,309,荷兰,172,千克,0,—,3908
40161090,其他硫化海绵橡胶制品,312,西班牙,458,千克,0,—,20718
40161090,其他硫化海绵橡胶制品,315,奥地利,359,千克,0,—,19058
40161090,其他硫化海绵橡胶制品,318,芬兰,0,千克,0,—,2
40161090,其他硫化海绵橡胶制品,327,波兰,10101,千克,0,—,178561
40161090,其他硫化海绵橡胶制品,350,斯洛文尼亚,24,千克,0,—,6121
40161090,其他硫化海绵橡胶制品,410,巴西,22,千克,0,—,236
40161090,其他硫化海绵橡胶制品,429,墨西哥,2103,千克,0,—,40771
40161090,其他硫化海绵橡胶制品,501,加拿大,110,千克,0,—,4455
40169100,硫化橡胶制铺地用品及...,137,土耳其,1082,千克,0,—,4838
40169100,硫化橡胶制铺地用品及...,305,法国,85,千克,0,—,14423
40169100,硫化橡胶制铺地用品及...,307,意大利,137654,千克,0,—,449103
40169100,硫化橡胶制铺地用品及...,309,荷兰,163,千克,0,—,1744
40169100,硫化橡胶制铺地用品及...,318,芬兰,2,千克,0,—,45
40169100,硫化橡胶制铺地用品及...,321,匈牙利,24,千克,0,—,1226
40169100,硫化橡胶制铺地用品及...,327,波兰,191,千克,0,—,2843
40169100,硫化橡胶制铺地用品及...,501,加拿大,11095,千克,0,—,42023
40169200,硫化橡胶制橡皮擦,305,法国,287,千克,0,—,3839
40169200,硫化橡胶制橡皮擦,307,意大利,0,千克,0,—,191
40169200,硫化橡胶制橡皮擦,312,西班牙,5,千克,0,—,90
40169200,硫化橡胶制橡皮擦,315,奥地利,5,千克,0,—,385
40169310,硫化橡胶制机器及仪器...,129,菲律宾,1487,千克,0,—,289785
40169310,硫化橡胶制机器及仪器...,137,土耳其,9964,千克,0,—,306011
40169310,硫化橡胶制机器及仪器...,138,阿联酋,151,千克,0,—,12742
40169310,硫化橡胶制机器及仪器...,244,南非,17,千克,0,—,1327
40169310,硫化橡胶制机器及仪器...,250,乌干达,0,千克,0,—,0
40169310,硫化橡胶制机器及仪器...,301,比利时,15263,千克,0,—,697659
40169310,硫化橡胶制机器及仪器...,305,法国,36247,千克,0,—,4445238
40169310,硫化橡胶制机器及仪器...,306,爱尔兰,478,千克,0,—,80404
40169310,硫化橡胶制机器及仪器...,307,意大利,101141,千克,0,—,6511815
40169310,硫化橡胶制机器及仪器...,309,荷兰,2019,千克,0,—,480826
40169310,硫化橡胶制机器及仪器...,310,希腊,11,千克,0,—,2203
40169310,硫化橡胶制机器及仪器...,312,西班牙,9535,千克,0,—,550205
40169310,硫化橡胶制机器及仪器...,315,奥地利,8278,千克,0,—,535764
40169310,硫化橡胶制机器及仪器...,316,保加利亚,126,千克,0,—,12663
40169310,硫化橡胶制机器及仪器...,318,芬兰,2096,千克,0,—,170360
40169310,硫化橡胶制机器及仪器...,321,匈牙利,2581,千克,0,—,359629
40169310,硫化橡胶制机器及仪器...,326,挪威,104,千克,0,—,30367
40169310,硫化橡胶制机器及仪器...,327,波兰,17608,千克,0,—,651846
40169310,硫化橡胶制机器及仪器...,336,立陶宛,416,千克,0,—,55112
40169310,硫化橡胶制机器及仪器...,350,斯洛文尼亚,5052,千克,0,—,187331
40169310,硫化橡胶制机器及仪器...,406,伯利兹,1,千克,0,—,69
40169310,硫化橡胶制机器及仪器...,410,巴西,22,千克,0,—,7611
40169310,硫化橡胶制机器及仪器...,415,哥斯达黎加,55,千克,0,—,5571
40169310,硫化橡胶制机器及仪器...,429,墨西哥,15158,千克,0,—,1472773
40169310,硫化橡胶制机器及仪器...,501,加拿大,1542,千克,0,—,148829
40169390,硫化橡胶制非机器及仪...,108,塞浦路斯,2,千克,0,—,216
40169390,硫化橡胶制非机器及仪...,129,菲律宾,471,千克,0,—,50790
40169390,硫化橡胶制非机器及仪...,137,土耳其,11681,千克,0,—,192509
40169390,硫化橡胶制非机器及仪...,138,阿联酋,375,千克,0,—,18899
40169390,硫化橡胶制非机器及仪...,244,南非,0,千克,0,—,336
40169390,硫化橡胶制非机器及仪...,301,比利时,21458,千克,0,—,876744
40169390,硫化橡胶制非机器及仪...,305,法国,20343,千克,0,—,2968584
40169390,硫化橡胶制非机器及仪...,306,爱尔兰,751,千克,0,—,104383
40169390,硫化橡胶制非机器及仪...,307,意大利,39449,千克,0,—,2354297
40169390,硫化橡胶制非机器及仪...,309,荷兰,1866,千克,0,—,181325
40169390,硫化橡胶制非机器及仪...,312,西班牙,25290,千克,0,—,1064469
40169390,硫化橡胶制非机器及仪...,315,奥地利,12486,千克,0,—,218936
40169390,硫化橡胶制非机器及仪...,316,保加利亚,136,千克,0,—,9322
40169390,硫化橡胶制非机器及仪...,318,芬兰,56,千克,0,—,2181
40169390,硫化橡胶制非机器及仪...,321,匈牙利,5214,千克,0,—,326323
40169390,硫化橡胶制非机器及仪...,326,挪威,31,千克,0,—,2798
40169390,硫化橡胶制非机器及仪...,327,波兰,120648,千克,0,—,1433729
40169390,硫化橡胶制非机器及仪...,336,立陶宛,140,千克,0,—,1091
40169390,硫化橡胶制非机器及仪...,350,斯洛文尼亚,7959,千克,0,—,194885
40169390,硫化橡胶制非机器及仪...,410,巴西,1023,千克,0,—,126739
40169390,硫化橡胶制非机器及仪...,429,墨西哥,29270,千克,0,—,1082231
40169390,硫化橡胶制非机器及仪...,501,加拿大,566,千克,0,—,100302
40169500,硫化橡胶制其他可充气...,129,菲律宾,131,千克,0,—,3570
40169500,硫化橡胶制其他可充气...,137,土耳其,745226,千克,0,—,1940158
40169500,硫化橡胶制其他可充气...,301,比利时,36,千克,0,—,9785
40169500,硫化橡胶制其他可充气...,305,法国,4243,千克,0,—,154772
40169500,硫化橡胶制其他可充气...,307,意大利,174,千克,0,—,18736
40169500,硫化橡胶制其他可充气...,309,荷兰,10,千克,0,—,903
40169500,硫化橡胶制其他可充气...,312,西班牙,12,千克,0,—,1134
40169500,硫化橡胶制其他可充气...,315,奥地利,177,千克,0,—,14051
40169500,硫化橡胶制其他可充气...,318,芬兰,57,千克,0,—,13214
40169500,硫化橡胶制其他可充气...,321,匈牙利,396,千克,0,—,9098
40169500,硫化橡胶制其他可充气...,326,挪威,2436,千克,0,—,25897
40169500,硫化橡胶制其他可充气...,327,波兰,18265,千克,0,—,70694
40169500,硫化橡胶制其他可充气...,350,斯洛文尼亚,122,千克,0,—,11882
40169500,硫化橡胶制其他可充气...,415,哥斯达黎加,20,千克,0,—,5970
40169500,硫化橡胶制其他可充气...,429,墨西哥,18964,千克,0,—,382937
40169500,硫化橡胶制其他可充气...,501,加拿大,565,千克,0,—,71594
40169910,其他硫化橡胶制机器及...,129,菲律宾,2737,千克,0,—,116039
40169910,其他硫化橡胶制机器及...,137,土耳其,13428,千克,0,—,87293
40169910,其他硫化橡胶制机器及...,138,阿联酋,17,千克,0,—,418
40169910,其他硫化橡胶制机器及...,301,比利时,76651,千克,0,—,1515418
40169910,其他硫化橡胶制机器及...,305,法国,43242,千克,0,—,1899957
40169910,其他硫化橡胶制机器及...,306,爱尔兰,1011,千克,0,—,9091
40169910,其他硫化橡胶制机器及...,307,意大利,11284,千克,0,—,757344
40169910,其他硫化橡胶制机器及...,309,荷兰,2567,千克,0,—,97070
40169910,其他硫化橡胶制机器及...,310,希腊,42,千克,0,—,1589
40169910,其他硫化橡胶制机器及...,312,西班牙,9976,千克,0,—,152401
40169910,其他硫化橡胶制机器及...,315,奥地利,15233,千克,0,—,492758
40169910,其他硫化橡胶制机器及...,318,芬兰,3444,千克,0,—,88746
40169910,其他硫化橡胶制机器及...,321,匈牙利,1296,千克,0,—,72425
40169910,其他硫化橡胶制机器及...,326,挪威,8,千克,0,—,3707
40169910,其他硫化橡胶制机器及...,327,波兰,5949,千克,0,—,265481
40169910,其他硫化橡胶制机器及...,336,立陶宛,2527,千克,0,—,52901
40169910,其他硫化橡胶制机器及...,350,斯洛文尼亚,394,千克,0,—,17546
40169910,其他硫化橡胶制机器及...,410,巴西,1951,千克,0,—,146187
40169910,其他硫化橡胶制机器及...,429,墨西哥,11241,千克,0,—,320844
40169910,其他硫化橡胶制机器及...,501,加拿大,409,千克,0,—,27325
40169990,未列名硫化橡胶制品,129,菲律宾,1657,千克,0,—,52599
40169990,未列名硫化橡胶制品,137,土耳其,14883,千克,0,—,116542
40169990,未列名硫化橡胶制品,138,阿联酋,121,千克,0,—,7736
40169990,未列名硫化橡胶制品,244,南非,4,千克,0,—,120
40169990,未列名硫化橡胶制品,301,比利时,45587,千克,0,—,1252919
40169990,未列名硫化橡胶制品,305,法国,32299,千克,0,—,1996023
40169990,未列名硫化橡胶制品,306,爱尔兰,1549,千克,0,—,29208
40169990,未列名硫化橡胶制品,307,意大利,116067,千克,0,—,1450111
40169990,未列名硫化橡胶制品,309,荷兰,1475,千克,0,—,173428
40169990,未列名硫化橡胶制品,312,西班牙,28392,千克,0,—,637370
40169990,未列名硫化橡胶制品,315,奥地利,8336,千克,0,—,481223
40169990,未列名硫化橡胶制品,316,保加利亚,14,千克,0,—,861
40169990,未列名硫化橡胶制品,318,芬兰,45,千克,0,—,1667
40169990,未列名硫化橡胶制品,321,匈牙利,10770,千克,0,—,242619
40169990,未列名硫化橡胶制品,326,挪威,12,千克,0,—,250
40169990,未列名硫化橡胶制品,327,波兰,34310,千克,0,—,501162
40169990,未列名硫化橡胶制品,336,立陶宛,0,千克,0,—,171
40169990,未列名硫化橡胶制品,350,斯洛文尼亚,32711,千克,0,—,517065
40169990,未列名硫化橡胶制品,410,巴西,6534,千克,0,—,94957
40169990,未列名硫化橡胶制品,415,哥斯达黎加,19,千克,0,—,1332
40169990,未列名硫化橡胶制品,429,墨西哥,58707,千克,0,—,834095
40169990,未列名硫化橡胶制品,501,加拿大,5539,千克,0,—,207333
40170020,硬质橡胶制品,305,法国,0,千克,0,—,3180
40170020,硬质橡胶制品,307,意大利,568,千克,0,—,24249
40170020,硬质橡胶制品,309,荷兰,0,千克,0,—,115
40170020,硬质橡胶制品,312,西班牙,5,千克,0,—,709
40170020,硬质橡胶制品,316,保加利亚,1,千克,0,—,432
40170020,硬质橡胶制品,321,匈牙利,4482,千克,0,—,125364
40170020,硬质橡胶制品,429,墨西哥,328,千克,0,—,9908
40170020,硬质橡胶制品,501,加拿大,0,千克,0,—,145
41012019,其他未剖层的整张牛皮...,244,南非,26456,千克,1690,张,13267
41012019,其他未剖层的整张牛皮...,301,比利时,60602,千克,11658,张,163883
41012019,其他未剖层的整张牛皮...,305,法国,127974,千克,10992,张,355856
41012019,其他未剖层的整张牛皮...,307,意大利,342697,千克,69899,张,1046901
41012019,其他未剖层的整张牛皮...,309,荷兰,289388,千克,28151,张,1034560
41012019,其他未剖层的整张牛皮...,327,波兰,69012,千克,8498,张,138872
41012019,其他未剖层的整张牛皮...,501,加拿大,42826,千克,3065,张,133260
41012020,未剖层的整张马科动物...,203,贝宁,14370,千克,6160,张,160160
41012020,未剖层的整张马科动物...,220,加纳,292540,千克,61440,张,1536000
41012020,未剖层的整张马科动物...,301,比利时,44863,千克,3780,张,63654
41012020,未剖层的整张马科动物...,307,意大利,33134,千克,2584,张,54560
41012020,未剖层的整张马科动物...,410,巴西,28147,千克,3326,张,83150
41012020,未剖层的整张马科动物...,429,墨西哥,76042,千克,6260,张,270843
41012020,未剖层的整张马科动物...,444,乌拉圭,22686,千克,1700,张,8143
41015019,其他重量＞16kg的...,244,南非,1116957,千克,37906,张,1061647
41015019,其他重量＞16kg的...,301,比利时,654024,千克,21402,张,775483
41015019,其他重量＞16kg的...,305,法国,1238080,千克,38722,张,1748934
41015019,其他重量＞16kg的...,306,爱尔兰,2154143,千克,57642,张,2710776
41015019,其他重量＞16kg的...,307,意大利,2409889,千克,80188,张,2672253
41015019,其他重量＞16kg的...,309,荷兰,1672279,千克,63803,张,3096425
41015019,其他重量＞16kg的...,312,西班牙,2037345,千克,77015,张,3224972
41015019,其他重量＞16kg的...,318,芬兰,134382,千克,4640,张,140320
41015019,其他重量＞16kg的...,327,波兰,663924,千克,22164,张,829961
41015019,其他重量＞16kg的...,415,哥斯达黎加,409685,千克,14200,张,215443
41015019,其他重量＞16kg的...,444,乌拉圭,756235,千克,25810,张,552809
41015019,其他重量＞16kg的...,501,加拿大,5682300,千克,171142,张,7452422
41015020,重量＞16kg的整张...,301,比利时,60024,千克,3172,张,61253
41019019,其他牛皮,305,法国,87126,千克,0,—,217360
41019019,其他牛皮,307,意大利,648234,千克,0,—,301524
41021000,带毛的绵羊或羔羊生皮,244,南非,966552,千克,197920,张,824177
41021000,带毛的绵羊或羔羊生皮,301,比利时,22136,千克,4830,张,11773
41021000,带毛的绵羊或羔羊生皮,305,法国,20705,千克,4877,张,3901
41021000,带毛的绵羊或羔羊生皮,306,爱尔兰,529011,千克,94029,张,120083
41021000,带毛的绵羊或羔羊生皮,307,意大利,152439,千克,99200,张,428347
41021000,带毛的绵羊或羔羊生皮,309,荷兰,70146,千克,12930,张,28605
41021000,带毛的绵羊或羔羊生皮,310,希腊,21760,千克,5500,张,7172
41021000,带毛的绵羊或羔羊生皮,312,西班牙,594821,千克,367088,张,2437089
41021000,带毛的绵羊或羔羊生皮,326,挪威,24187,千克,5040,张,11279
41021000,带毛的绵羊或羔羊生皮,501,加拿大,26151,千克,3394,张,5091
41039029,其他山羊皮或小山羊皮,305,法国,15952,千克,24000,张,14040
41039029,其他山羊皮或小山羊皮,312,西班牙,69622,千克,89800,张,98697
41041111,全粒面未剖层及粒面剖...,137,土耳其,170753,千克,0,—,635171
41041111,全粒面未剖层及粒面剖...,147,塔吉克斯坦,236000,千克,0,—,542800
41041111,全粒面未剖层及粒面剖...,224,肯尼亚,32452,千克,0,—,41542
41041111,全粒面未剖层及粒面剖...,250,乌干达,50750,千克,0,—,33086
41041111,全粒面未剖层及粒面剖...,307,意大利,531952,千克,0,—,3116213
41041111,全粒面未剖层及粒面剖...,309,荷兰,249465,千克,0,—,1790921
41041111,全粒面未剖层及粒面剖...,312,西班牙,22353,千克,0,—,106930
41041111,全粒面未剖层及粒面剖...,339,阿塞拜疆（2023年起停用）,147158,千克,0,—,498640
41041111,全粒面未剖层及粒面剖...,410,巴西,6370735,千克,0,—,12929273
41041111,全粒面未剖层及粒面剖...,429,墨西哥,585038,千克,0,—,1643161
41041111,全粒面未剖层及粒面剖...,431,尼加拉瓜,74025,千克,0,—,71976
41041111,全粒面未剖层及粒面剖...,444,乌拉圭,259899,千克,0,—,781863
41041911,其他蓝湿牛皮,137,土耳其,184390,千克,0,—,204587
41041911,其他蓝湿牛皮,244,南非,192197,千克,0,—,164413
41041911,其他蓝湿牛皮,307,意大利,5765660,千克,0,—,2308255
41041911,其他蓝湿牛皮,410,巴西,7278220,千克,0,—,4592423
41041911,其他蓝湿牛皮,429,墨西哥,385158,千克,0,—,331940
41041911,其他蓝湿牛皮,444,乌拉圭,222199,千克,0,—,171055
41041919,其他牛湿革,307,意大利,51020,千克,0,—,7751
41044100,全粒面未剖层及粒面剖...,127,巴基斯坦,101335,千克,0,—,962983
41044100,全粒面未剖层及粒面剖...,137,土耳其,21847,千克,0,—,211190
41044100,全粒面未剖层及粒面剖...,224,肯尼亚,11684,千克,0,—,53937
41044100,全粒面未剖层及粒面剖...,244,南非,4965,千克,0,—,50032
41044100,全粒面未剖层及粒面剖...,307,意大利,146033,千克,0,—,1676454
41044100,全粒面未剖层及粒面剖...,410,巴西,865237,千克,0,—,13806647
41044100,全粒面未剖层及粒面剖...,429,墨西哥,20257,千克,0,—,465889
41044100,全粒面未剖层及粒面剖...,444,乌拉圭,29,千克,0,—,1290
41044990,其他牛、马科动物干革...,307,意大利,113,千克,0,—,6700
41044990,其他牛、马科动物干革...,410,巴西,849,千克,0,—,5706
41051010,蓝湿绵羊或羔羊皮,124,蒙古,724390,千克,0,—,341241
41051010,蓝湿绵羊或羔羊皮,137,土耳其,12,千克,0,—,234
41051010,蓝湿绵羊或羔羊皮,224,肯尼亚,64497,千克,0,—,77844
41051090,其他绵羊或羔羊湿革,307,意大利,28,千克,0,—,140
41053000,绵羊或羔羊干革（坯革...,305,法国,1000,千克,0,—,21000
41053000,绵羊或羔羊干革（坯革...,307,意大利,24,千克,0,—,1800
41062100,山羊或小山羊湿革（包...,124,蒙古,378917,千克,0,—,178498
41062100,山羊或小山羊湿革（包...,137,土耳其,48490,千克,0,—,138404
41062100,山羊或小山羊湿革（包...,224,肯尼亚,90777,千克,0,—,144836
41062100,山羊或小山羊湿革（包...,250,乌干达,42699,千克,0,—,33767
41062200,山羊或小山羊干革（坯...,307,意大利,80,千克,0,—,7358
41062200,山羊或小山羊干革（坯...,312,西班牙,3143,千克,0,—,126829
41064000,经鞣制的不带毛爬行动...,244,南非,182,千克,0,—,17208
41069200,其他动物干革（坯革）,307,意大利,195,千克,0,—,24091
41069200,其他动物干革（坯革）,318,芬兰,66,千克,0,—,6258
41071110,整张全粒面未剖层牛皮...,305,法国,3559,千克,2215,张,612290
41071110,整张全粒面未剖层牛皮...,307,意大利,16421,千克,3375,张,423441
41071110,整张全粒面未剖层牛皮...,312,西班牙,9,千克,2,张,1158
41071210,整张粒面剖层牛皮革,127,巴基斯坦,4817,千克,4408,张,125628
41071210,整张粒面剖层牛皮革,137,土耳其,3154,千克,2005,张,116369
41071210,整张粒面剖层牛皮革,244,南非,4637,千克,1387,张,143168
41071210,整张粒面剖层牛皮革,305,法国,2060,千克,956,张,189100
41071210,整张粒面剖层牛皮革,307,意大利,473980,千克,118346,张,10926904
41071210,整张粒面剖层牛皮革,309,荷兰,20,千克,7,张,2212
41071210,整张粒面剖层牛皮革,312,西班牙,10907,千克,8915,张,299514
41071210,整张粒面剖层牛皮革,315,奥地利,11979,千克,3073,张,110689
41071210,整张粒面剖层牛皮革,321,匈牙利,19935,千克,4962,张,70769
41071210,整张粒面剖层牛皮革,350,斯洛文尼亚,251,千克,117,张,4679
41071210,整张粒面剖层牛皮革,410,巴西,322593,千克,79555,张,4391951
41071210,整张粒面剖层牛皮革,429,墨西哥,33578,千克,8632,张,624834
41071220,整张粒面剖层马科动物...,301,比利时,255,千克,50,张,954
41071910,其他机器带用整张牛、...,307,意大利,88,千克,26,张,2005
41071990,其他整张牛、马科动物...,127,巴基斯坦,878,千克,619,张,9634
41071990,其他整张牛、马科动物...,307,意大利,17915,千克,8859,张,589872
41071990,其他整张牛、马科动物...,312,西班牙,846,千克,534,张,24504
41071990,其他整张牛、马科动物...,315,奥地利,650,千克,160,张,29985
41071990,其他整张牛、马科动物...,410,巴西,3922,千克,1897,张,45156
41079100,全粒面未剖层革（整张...,244,南非,2051,千克,0,—,39082
41079100,全粒面未剖层革（整张...,305,法国,498,千克,0,—,20713
41079100,全粒面未剖层革（整张...,307,意大利,94199,千克,0,—,1038598
41079100,全粒面未剖层革（整张...,327,波兰,135,千克,0,—,25811
41079100,全粒面未剖层革（整张...,410,巴西,102703,千克,0,—,660259
41079100,全粒面未剖层革（整张...,429,墨西哥,91513,千克,0,—,699885
41079200,粒面剖层革（整张革除...,127,巴基斯坦,88594,千克,0,—,1453960
41079200,粒面剖层革（整张革除...,129,菲律宾,18,千克,0,—,116
41079200,粒面剖层革（整张革除...,137,土耳其,7002,千克,0,—,212884
41079200,粒面剖层革（整张革除...,305,法国,6100,千克,0,—,305949
41079200,粒面剖层革（整张革除...,307,意大利,221034,千克,0,—,4827498
41079200,粒面剖层革（整张革除...,309,荷兰,1906,千克,0,—,53898
41079200,粒面剖层革（整张革除...,312,西班牙,15443,千克,0,—,470148
41079200,粒面剖层革（整张革除...,315,奥地利,73,千克,0,—,2044
41079200,粒面剖层革（整张革除...,340,白俄罗斯,19650,千克,0,—,49125
41079200,粒面剖层革（整张革除...,410,巴西,171456,千克,0,—,2564995
41079200,粒面剖层革（整张革除...,429,墨西哥,24143,千克,0,—,339091
41079200,粒面剖层革（整张革除...,444,乌拉圭,8232,千克,0,—,57650
41079910,机器带用牛、马科动物...,307,意大利,25,千克,0,—,442
41079990,未列名牛、马科动物皮...,127,巴基斯坦,1301,千克,0,—,4821
41079990,未列名牛、马科动物皮...,137,土耳其,364,千克,0,—,728
41079990,未列名牛、马科动物皮...,244,南非,253,千克,0,—,14236
41079990,未列名牛、马科动物皮...,307,意大利,63472,千克,0,—,1234142
41079990,未列名牛、马科动物皮...,309,荷兰,875,千克,0,—,27043
41079990,未列名牛、马科动物皮...,312,西班牙,480,千克,0,—,65425
41079990,未列名牛、马科动物皮...,315,奥地利,347,千克,0,—,5355
41079990,未列名牛、马科动物皮...,410,巴西,2335,千克,0,—,48123
41079990,未列名牛、马科动物皮...,429,墨西哥,1102,千克,0,—,11180
41120000,鞣制或半硝后加工的不...,127,巴基斯坦,4255,千克,0,—,132668
41120000,鞣制或半硝后加工的不...,137,土耳其,5017,千克,0,—,331342
41120000,鞣制或半硝后加工的不...,224,肯尼亚,577,千克,0,—,4195
41120000,鞣制或半硝后加工的不...,305,法国,2378,千克,0,—,87337
41120000,鞣制或半硝后加工的不...,307,意大利,13239,千克,0,—,715920
41120000,鞣制或半硝后加工的不...,312,西班牙,7766,千克,0,—,232615
41120000,鞣制或半硝后加工的不...,321,匈牙利,559,千克,0,—,64093
41120000,鞣制或半硝后加工的不...,410,巴西,265,千克,0,—,13949
41120000,鞣制或半硝后加工的不...,429,墨西哥,4,千克,0,—,973
41131000,经鞣制或半硝处理后加...,127,巴基斯坦,16808,千克,0,—,606351
41131000,经鞣制或半硝处理后加...,137,土耳其,10,千克,0,—,511
41131000,经鞣制或半硝处理后加...,305,法国,63,千克,0,—,932
41131000,经鞣制或半硝处理后加...,307,意大利,2714,千克,0,—,129065
41131000,经鞣制或半硝处理后加...,312,西班牙,558,千克,0,—,19108
41131000,经鞣制或半硝处理后加...,410,巴西,204,千克,0,—,7360
41131000,经鞣制或半硝处理后加...,429,墨西哥,275,千克,0,—,25575
41132000,经鞣制或半硝处理后加...,321,匈牙利,5,千克,0,—,764
41133000,经鞣制或半硝处理后加...,244,南非,452,千克,0,—,31451
41133000,经鞣制或半硝处理后加...,307,意大利,29,千克,0,—,34165
41133000,经鞣制或半硝处理后加...,312,西班牙,25,千克,0,—,20880
41139000,经鞣制或半硝处理后加...,127,巴基斯坦,1897,千克,0,—,123848
41139000,经鞣制或半硝处理后加...,244,南非,42,千克,0,—,6190
41139000,经鞣制或半硝处理后加...,307,意大利,2,千克,0,—,1964
41139000,经鞣制或半硝处理后加...,318,芬兰,52,千克,0,—,1074
41139000,经鞣制或半硝处理后加...,321,匈牙利,46,千克,0,—,1688
41141000,油鞣皮革（包括结合鞣...,127,巴基斯坦,1713,千克,0,—,56846
41141000,油鞣皮革（包括结合鞣...,301,比利时,393,千克,0,—,35836
41141000,油鞣皮革（包括结合鞣...,307,意大利,1193,千克,0,—,18827
41141000,油鞣皮革（包括结合鞣...,321,匈牙利,695,千克,0,—,76287
41141000,油鞣皮革（包括结合鞣...,410,巴西,91,千克,0,—,994
41141000,油鞣皮革（包括结合鞣...,429,墨西哥,3713,千克,0,—,246071
41142000,漆皮及层压漆皮；镀金...,127,巴基斯坦,45,千克,0,—,2940
41142000,漆皮及层压漆皮；镀金...,305,法国,3,千克,0,—,187
41142000,漆皮及层压漆皮；镀金...,307,意大利,19823,千克,0,—,357340
41142000,漆皮及层压漆皮；镀金...,309,荷兰,198,千克,0,—,5280
41142000,漆皮及层压漆皮；镀金...,312,西班牙,2,千克,0,—,56
41142000,漆皮及层压漆皮；镀金...,315,奥地利,1,千克,0,—,29
41142000,漆皮及层压漆皮；镀金...,318,芬兰,1422,千克,0,—,2640
41142000,漆皮及层压漆皮；镀金...,327,波兰,187,千克,0,—,5290
41142000,漆皮及层压漆皮；镀金...,410,巴西,2578,千克,0,—,51313
41151000,以皮革或皮革纤维为基...,137,土耳其,17420,千克,0,—,24405
41151000,以皮革或皮革纤维为基...,307,意大利,25355,千克,0,—,327666
41151000,以皮革或皮革纤维为基...,309,荷兰,3040,千克,0,—,36280
41151000,以皮革或皮革纤维为基...,312,西班牙,3621,千克,0,—,115600
41151000,以皮革或皮革纤维为基...,315,奥地利,34,千克,0,—,765
41151000,以皮革或皮革纤维为基...,318,芬兰,13163,千克,0,—,20585
41151000,以皮革或皮革纤维为基...,429,墨西哥,471,千克,0,—,13409
42010000,各种材料制成的鞍具及...,124,蒙古,1337,千克,0,—,4850
42010000,各种材料制成的鞍具及...,301,比利时,55,千克,0,—,10603
42010000,各种材料制成的鞍具及...,305,法国,257,千克,0,—,151793
42010000,各种材料制成的鞍具及...,307,意大利,1847,千克,0,—,233874
42010000,各种材料制成的鞍具及...,309,荷兰,66,千克,0,—,7563
42010000,各种材料制成的鞍具及...,312,西班牙,12,千克,0,—,4508
42010000,各种材料制成的鞍具及...,321,匈牙利,0,千克,0,—,97
42010000,各种材料制成的鞍具及...,326,挪威,4,千克,0,—,3138
42010000,各种材料制成的鞍具及...,429,墨西哥,22,千克,0,—,273
42010000,各种材料制成的鞍具及...,501,加拿大,14,千克,0,—,23814
42021110,以皮革或再生皮革作面...,305,法国,283,千克,37,个,198700
42021110,以皮革或再生皮革作面...,307,意大利,235,千克,39,个,81944
42021190,以皮革或再生皮革作面...,129,菲律宾,306,千克,352,个,72889
42021190,以皮革或再生皮革作面...,137,土耳其,26,千克,14,个,4238
42021190,以皮革或再生皮革作面...,227,马达加斯加,1,千克,2,个,162
42021190,以皮革或再生皮革作面...,244,南非,6,千克,2,个,15
42021190,以皮革或再生皮革作面...,301,比利时,30,千克,1,个,545
42021190,以皮革或再生皮革作面...,305,法国,1451,千克,594,个,1208110
42021190,以皮革或再生皮革作面...,306,爱尔兰,4,千克,9,个,2495
42021190,以皮革或再生皮革作面...,307,意大利,3900,千克,3590,个,2061631
42021190,以皮革或再生皮革作面...,312,西班牙,87,千克,136,个,56708
42021190,以皮革或再生皮革作面...,315,奥地利,2,千克,8,个,392
42021190,以皮革或再生皮革作面...,316,保加利亚,221,千克,474,个,118700
42021190,以皮革或再生皮革作面...,321,匈牙利,0,千克,2,个,476
42021190,以皮革或再生皮革作面...,408,玻利维亚,354,千克,240,个,5252
42021190,以皮革或再生皮革作面...,501,加拿大,0,千克,2,个,148
42021210,以塑料或纺织材料作面...,301,比利时,11,千克,2,个,275
42021210,以塑料或纺织材料作面...,305,法国,4362,千克,237,个,1762720
42021210,以塑料或纺织材料作面...,307,意大利,812,千克,182,个,68629
42021210,以塑料或纺织材料作面...,321,匈牙利,598,千克,230,个,12798
42021210,以塑料或纺织材料作面...,501,加拿大,282,千克,23,个,4457
42021290,以塑料或纺织材料作面...,127,巴基斯坦,112,千克,349,个,5298
42021290,以塑料或纺织材料作面...,129,菲律宾,1346,千克,2686,个,104499
42021290,以塑料或纺织材料作面...,137,土耳其,5,千克,7,个,434
42021290,以塑料或纺织材料作面...,227,马达加斯加,0,千克,1,个,117
42021290,以塑料或纺织材料作面...,301,比利时,77,千克,56,个,6931
42021290,以塑料或纺织材料作面...,305,法国,4221,千克,1487,个,2328394
42021290,以塑料或纺织材料作面...,306,爱尔兰,8,千克,5,个,641
42021290,以塑料或纺织材料作面...,307,意大利,8052,千克,6935,个,1362613
42021290,以塑料或纺织材料作面...,309,荷兰,19,千克,31,个,1751
42021290,以塑料或纺织材料作面...,312,西班牙,551,千克,506,个,457965
42021290,以塑料或纺织材料作面...,315,奥地利,16,千克,254,个,1532
42021290,以塑料或纺织材料作面...,316,保加利亚,7,千克,9,个,2135
42021290,以塑料或纺织材料作面...,318,芬兰,2,千克,25,个,108
42021290,以塑料或纺织材料作面...,321,匈牙利,13065,千克,5410,个,688371
42021290,以塑料或纺织材料作面...,327,波兰,5,千克,19,个,166
42021290,以塑料或纺织材料作面...,336,立陶宛,15,千克,66,个,2962
42021290,以塑料或纺织材料作面...,410,巴西,2,千克,1,个,295
42021290,以塑料或纺织材料作面...,501,加拿大,60,千克,20,个,4302
42021900,以其他材料作面的衣箱...,129,菲律宾,2,千克,4,个,389
42021900,以其他材料作面的衣箱...,227,马达加斯加,2,千克,2,个,241
42021900,以其他材料作面的衣箱...,305,法国,15,千克,3,个,17151
42021900,以其他材料作面的衣箱...,307,意大利,13,千克,6,个,1766
42021900,以其他材料作面的衣箱...,410,巴西,1,千克,2,个,183
42021900,以其他材料作面的衣箱...,429,墨西哥,4,千克,1,个,214
42022100,以皮革或再生皮革作面...,129,菲律宾,12034,千克,22263,个,1492790
42022100,以皮革或再生皮革作面...,137,土耳其,3225,千克,5879,个,1274831
42022100,以皮革或再生皮革作面...,138,阿联酋,42,千克,46,个,32558
42022100,以皮革或再生皮革作面...,244,南非,3,千克,3,个,13
42022100,以皮革或再生皮革作面...,301,比利时,102,千克,157,个,203302
42022100,以皮革或再生皮革作面...,305,法国,35898,千克,44007,个,80976176
42022100,以皮革或再生皮革作面...,307,意大利,126261,千克,169273,个,140681540
42022100,以皮革或再生皮革作面...,309,荷兰,5,千克,28,个,342
42022100,以皮革或再生皮革作面...,312,西班牙,6614,千克,9807,个,7419832
42022100,以皮革或再生皮革作面...,314,安道尔,2,千克,4,个,1334
42022100,以皮革或再生皮革作面...,315,奥地利,12,千克,17,个,2764
42022100,以皮革或再生皮革作面...,316,保加利亚,4586,千克,7965,个,1056079
42022100,以皮革或再生皮革作面...,321,匈牙利,230,千克,314,个,76951
42022100,以皮革或再生皮革作面...,327,波兰,5,千克,11,个,2490
42022100,以皮革或再生皮革作面...,408,玻利维亚,535,千克,984,个,20627
42022100,以皮革或再生皮革作面...,410,巴西,30,千克,30,个,5639
42022100,以皮革或再生皮革作面...,501,加拿大,178,千克,318,个,39304
42022200,以塑料片或纺织材料作...,127,巴基斯坦,12,千克,31,个,835
42022200,以塑料片或纺织材料作...,129,菲律宾,14638,千克,25158,个,1376328
42022200,以塑料片或纺织材料作...,137,土耳其,127,千克,366,个,17377
42022200,以塑料片或纺织材料作...,138,阿联酋,9,千克,4,个,3170
42022200,以塑料片或纺织材料作...,220,加纳,3,千克,2,个,750
42022200,以塑料片或纺织材料作...,224,肯尼亚,67,千克,103,个,3115
42022200,以塑料片或纺织材料作...,227,马达加斯加,27,千克,50,个,11564
42022200,以塑料片或纺织材料作...,301,比利时,2,千克,6,个,662
42022200,以塑料片或纺织材料作...,305,法国,33098,千克,59790,个,51124208
42022200,以塑料片或纺织材料作...,307,意大利,101835,千克,137737,个,96100814
42022200,以塑料片或纺织材料作...,312,西班牙,7152,千克,10847,个,9447949
42022200,以塑料片或纺织材料作...,313,阿尔巴尼亚,10,千克,7,个,1238
42022200,以塑料片或纺织材料作...,314,安道尔,3,千克,4,个,459
42022200,以塑料片或纺织材料作...,315,奥地利,2,千克,14,个,331
42022200,以塑料片或纺织材料作...,316,保加利亚,245,千克,341,个,42233
42022200,以塑料片或纺织材料作...,321,匈牙利,217,千克,277,个,64966
42022200,以塑料片或纺织材料作...,327,波兰,7,千克,8,个,429
42022200,以塑料片或纺织材料作...,336,立陶宛,0,千克,1,个,31
42022200,以塑料片或纺织材料作...,410,巴西,96,千克,76,个,7424
42022200,以塑料片或纺织材料作...,429,墨西哥,120,千克,439,个,6954
42022200,以塑料片或纺织材料作...,431,尼加拉瓜,3,千克,25,个,220
42022200,以塑料片或纺织材料作...,501,加拿大,61,千克,57,个,3527
42022900,以其他材料作面的手提...,129,菲律宾,8,千克,9,个,859
42022900,以其他材料作面的手提...,224,肯尼亚,49,千克,122,个,26916
42022900,以其他材料作面的手提...,227,马达加斯加,23,千克,62,个,7348
42022900,以其他材料作面的手提...,305,法国,14,千克,8,个,1934
42022900,以其他材料作面的手提...,307,意大利,294,千克,605,个,66019
42022900,以其他材料作面的手提...,312,西班牙,1,千克,1,个,408
42022900,以其他材料作面的手提...,315,奥地利,13,千克,6,个,1529
42022900,以其他材料作面的手提...,327,波兰,1,千克,1,个,94
42022900,以其他材料作面的手提...,410,巴西,1,千克,1,个,282
42023100,以皮革或再生皮革作面...,129,菲律宾,607,千克,5722,个,111727
42023100,以皮革或再生皮革作面...,137,土耳其,11,千克,141,个,28836
42023100,以皮革或再生皮革作面...,244,南非,0,千克,1,个,50
42023100,以皮革或再生皮革作面...,301,比利时,2,千克,3,个,876
42023100,以皮革或再生皮革作面...,305,法国,1177,千克,5995,个,3824714
42023100,以皮革或再生皮革作面...,307,意大利,9330,千克,42103,个,10246251
42023100,以皮革或再生皮革作面...,309,荷兰,21,千克,208,个,1386
42023100,以皮革或再生皮革作面...,312,西班牙,590,千克,3698,个,770647
42023100,以皮革或再生皮革作面...,316,保加利亚,24,千克,109,个,8393
42023100,以皮革或再生皮革作面...,321,匈牙利,12,千克,116,个,26973
42023100,以皮革或再生皮革作面...,327,波兰,1,千克,2,个,244
42023100,以皮革或再生皮革作面...,429,墨西哥,1,千克,3,个,248
42023100,以皮革或再生皮革作面...,501,加拿大,7,千克,57,个,1896
42023200,以塑料片或纺织材料作...,129,菲律宾,303,千克,3560,个,44718
42023200,以塑料片或纺织材料作...,137,土耳其,6,千克,300,个,534
42023200,以塑料片或纺织材料作...,227,马达加斯加,1,千克,1,个,242
42023200,以塑料片或纺织材料作...,301,比利时,1,千克,3,个,130
42023200,以塑料片或纺织材料作...,305,法国,943,千克,9896,个,2281600
42023200,以塑料片或纺织材料作...,306,爱尔兰,11,千克,100,个,2400
42023200,以塑料片或纺织材料作...,307,意大利,4409,千克,28123,个,2280445
42023200,以塑料片或纺织材料作...,309,荷兰,0,千克,1,个,88
42023200,以塑料片或纺织材料作...,312,西班牙,243,千克,1874,个,458218
42023200,以塑料片或纺织材料作...,315,奥地利,14,千克,528,个,1318
42023200,以塑料片或纺织材料作...,316,保加利亚,18,千克,50,个,21520
42023200,以塑料片或纺织材料作...,318,芬兰,8,千克,80,个,741
42023200,以塑料片或纺织材料作...,321,匈牙利,20,千克,133,个,15109
42023900,以其他材料作面通常置...,137,土耳其,540,千克,2400,个,8407
42023900,以其他材料作面通常置...,227,马达加斯加,2,千克,16,个,652
42023900,以其他材料作面通常置...,305,法国,31,千克,150,个,4941
42023900,以其他材料作面通常置...,307,意大利,22,千克,256,个,2731
42023900,以其他材料作面通常置...,312,西班牙,3,千克,1,个,314
42029100,以皮革或再生皮革作面...,127,巴基斯坦,0,千克,1,个,36
42029100,以皮革或再生皮革作面...,129,菲律宾,9202,千克,12276,个,1204016
42029100,以皮革或再生皮革作面...,137,土耳其,24,千克,43,个,9767
42029100,以皮革或再生皮革作面...,227,马达加斯加,3,千克,93,个,23190
42029100,以皮革或再生皮革作面...,305,法国,1264,千克,1337,个,1504702
42029100,以皮革或再生皮革作面...,307,意大利,13623,千克,18131,个,6717422
42029100,以皮革或再生皮革作面...,309,荷兰,8,千克,75,个,570
42029100,以皮革或再生皮革作面...,312,西班牙,717,千克,857,个,918150
42029100,以皮革或再生皮革作面...,316,保加利亚,84,千克,114,个,36387
42029100,以皮革或再生皮革作面...,321,匈牙利,98,千克,144,个,31621
42029100,以皮革或再生皮革作面...,327,波兰,1,千克,1,个,278
42029100,以皮革或再生皮革作面...,429,墨西哥,9,千克,6,个,2399
42029200,以塑料片或纺织材料作...,127,巴基斯坦,5944,千克,26749,个,243460
42029200,以塑料片或纺织材料作...,129,菲律宾,7104,千克,8796,个,660361
42029200,以塑料片或纺织材料作...,137,土耳其,65,千克,204,个,14962
42029200,以塑料片或纺织材料作...,244,南非,4,千克,5,个,135
42029200,以塑料片或纺织材料作...,301,比利时,21,千克,35,个,1639
42029200,以塑料片或纺织材料作...,305,法国,9189,千克,11564,个,9465897
42029200,以塑料片或纺织材料作...,307,意大利,26645,千克,41688,个,13330958
42029200,以塑料片或纺织材料作...,309,荷兰,45,千克,563,个,2286
42029200,以塑料片或纺织材料作...,310,希腊,4,千克,2,个,109
42029200,以塑料片或纺织材料作...,312,西班牙,1707,千克,5554,个,2192783
42029200,以塑料片或纺织材料作...,314,安道尔,1,千克,1,个,121
42029200,以塑料片或纺织材料作...,315,奥地利,73,千克,540,个,6371
42029200,以塑料片或纺织材料作...,316,保加利亚,177,千克,581,个,42944
42029200,以塑料片或纺织材料作...,318,芬兰,0,千克,2,个,112
42029200,以塑料片或纺织材料作...,321,匈牙利,154,千克,137,个,27533
42029200,以塑料片或纺织材料作...,326,挪威,13,千克,9,个,1125
42029200,以塑料片或纺织材料作...,327,波兰,4766,千克,6436,个,48890
42029200,以塑料片或纺织材料作...,350,斯洛文尼亚,28,千克,10,个,943
42029200,以塑料片或纺织材料作...,410,巴西,1,千克,50,个,5
42029200,以塑料片或纺织材料作...,429,墨西哥,562,千克,1578,个,27717
42029200,以塑料片或纺织材料作...,501,加拿大,159,千克,177,个,32735
42029900,以其他材料作面的其他...,301,比利时,96,千克,18,个,3172
42029900,以其他材料作面的其他...,305,法国,3265,千克,20030,个,154881
42029900,以其他材料作面的其他...,306,爱尔兰,6,千克,2,个,133
42029900,以其他材料作面的其他...,307,意大利,380,千克,608,个,27578
42029900,以其他材料作面的其他...,309,荷兰,108,千克,26,个,9125
42029900,以其他材料作面的其他...,312,西班牙,25,千克,22,个,738
42029900,以其他材料作面的其他...,315,奥地利,95,千克,69,个,5039
42029900,以其他材料作面的其他...,327,波兰,1610,千克,815,个,20018
42029900,以其他材料作面的其他...,415,哥斯达黎加,2,千克,1,个,1423
42031000,皮革或再生皮革制的衣...,127,巴基斯坦,1563,千克,394,件,55014
42031000,皮革或再生皮革制的衣...,129,菲律宾,3,千克,1,件,994
42031000,皮革或再生皮革制的衣...,137,土耳其,1120,千克,969,件,605207
42031000,皮革或再生皮革制的衣...,305,法国,340,千克,284,件,995321
42031000,皮革或再生皮革制的衣...,307,意大利,2941,千克,3123,件,5203353
42031000,皮革或再生皮革制的衣...,309,荷兰,23,千克,12,件,2314
42031000,皮革或再生皮革制的衣...,312,西班牙,479,千克,391,件,542888
42031000,皮革或再生皮革制的衣...,313,阿尔巴尼亚,15,千克,17,件,5201
42031000,皮革或再生皮革制的衣...,316,保加利亚,27,千克,13,件,5428
42031000,皮革或再生皮革制的衣...,321,匈牙利,16,千克,19,件,5067
42031000,皮革或再生皮革制的衣...,501,加拿大,24,千克,18,件,2942
42032100,皮革或再生皮革制专供...,127,巴基斯坦,1405,千克,10595,双,54320
42032100,皮革或再生皮革制专供...,129,菲律宾,1131,千克,2792,双,57465
42032100,皮革或再生皮革制专供...,307,意大利,5,千克,19,双,2315
42032100,皮革或再生皮革制专供...,429,墨西哥,3,千克,4,双,592
42032910,皮革或再生皮革制的劳...,127,巴基斯坦,2370,千克,18396,双,23910
42032910,皮革或再生皮革制的劳...,301,比利时,1,千克,15,双,182
42032910,皮革或再生皮革制的劳...,307,意大利,3,千克,5,双,105
42032910,皮革或再生皮革制的劳...,309,荷兰,56,千克,330,双,648
42032910,皮革或再生皮革制的劳...,429,墨西哥,37,千克,199,双,16360
42032990,皮革或再生皮革制的未...,127,巴基斯坦,130,千克,1317,双,22193
42032990,皮革或再生皮革制的未...,129,菲律宾,2,千克,9,双,596
42032990,皮革或再生皮革制的未...,137,土耳其,22,千克,70,双,2274
42032990,皮革或再生皮革制的未...,305,法国,11,千克,104,双,46434
42032990,皮革或再生皮革制的未...,307,意大利,47,千克,304,双,75548
42032990,皮革或再生皮革制的未...,309,荷兰,0,千克,1,双,44
42033010,皮革或再生皮革制的腰...,127,巴基斯坦,1845,千克,0,—,35808
42033010,皮革或再生皮革制的腰...,129,菲律宾,114,千克,0,—,19178
42033010,皮革或再生皮革制的腰...,137,土耳其,256,千克,0,—,60028
42033010,皮革或再生皮革制的腰...,138,阿联酋,4,千克,0,—,1027
42033010,皮革或再生皮革制的腰...,301,比利时,54,千克,0,—,4480
42033010,皮革或再生皮革制的腰...,305,法国,3073,千克,0,—,2737147
42033010,皮革或再生皮革制的腰...,307,意大利,37274,千克,0,—,21918904
42033010,皮革或再生皮革制的腰...,312,西班牙,2026,千克,0,—,2412932
42033010,皮革或再生皮革制的腰...,313,阿尔巴尼亚,26,千克,0,—,10390
42033010,皮革或再生皮革制的腰...,315,奥地利,10,千克,0,—,1889
42033010,皮革或再生皮革制的腰...,316,保加利亚,1,千克,0,—,125
42033010,皮革或再生皮革制的腰...,327,波兰,0,千克,0,—,62
42033010,皮革或再生皮革制的腰...,410,巴西,0,千克,0,—,158
42033010,皮革或再生皮革制的腰...,429,墨西哥,0,千克,0,—,122
42034000,皮革或再生皮革制的其...,127,巴基斯坦,338,千克,0,—,7920
42034000,皮革或再生皮革制的其...,137,土耳其,141,千克,0,—,10979
42034000,皮革或再生皮革制的其...,305,法国,2,千克,0,—,946
42034000,皮革或再生皮革制的其...,307,意大利,246,千克,0,—,86498
42034000,皮革或再生皮革制的其...,312,西班牙,6,千克,0,—,719
42034000,皮革或再生皮革制的其...,321,匈牙利,5,千克,0,—,1693
42034000,皮革或再生皮革制的其...,326,挪威,0,千克,0,—,350
42034000,皮革或再生皮革制的其...,429,墨西哥,0,千克,0,—,33
42034000,皮革或再生皮革制的其...,501,加拿大,83,千克,0,—,10474
42050010,皮革或再生皮革的坐具...,137,土耳其,3,千克,0,—,919
42050010,皮革或再生皮革的坐具...,244,南非,1,千克,0,—,373
42050010,皮革或再生皮革的坐具...,307,意大利,56,千克,0,—,2965
42050010,皮革或再生皮革的坐具...,312,西班牙,271,千克,0,—,92051
42050010,皮革或再生皮革的坐具...,327,波兰,16,千克,0,—,2797
42050010,皮革或再生皮革的坐具...,350,斯洛文尼亚,1,千克,0,—,412
42050010,皮革或再生皮革的坐具...,429,墨西哥,185,千克,0,—,51369
42050020,机器、机械器具或其他...,350,斯洛文尼亚,1,千克,0,—,555
42050090,皮革或再生皮革的其他...,127,巴基斯坦,1,千克,0,—,275
42050090,皮革或再生皮革的其他...,129,菲律宾,9,千克,0,—,1083
42050090,皮革或再生皮革的其他...,137,土耳其,293,千克,0,—,14280
42050090,皮革或再生皮革的其他...,250,乌干达,1,千克,0,—,18
42050090,皮革或再生皮革的其他...,301,比利时,14,千克,0,—,12344
42050090,皮革或再生皮革的其他...,305,法国,668,千克,0,—,1033066
42050090,皮革或再生皮革的其他...,307,意大利,2120,千克,0,—,376944
42050090,皮革或再生皮革的其他...,309,荷兰,8,千克,0,—,146
42050090,皮革或再生皮革的其他...,312,西班牙,151,千克,0,—,58894
42050090,皮革或再生皮革的其他...,315,奥地利,358,千克,0,—,23946
42050090,皮革或再生皮革的其他...,316,保加利亚,2,千克,0,—,781
42050090,皮革或再生皮革的其他...,321,匈牙利,0,千克,0,—,237
42050090,皮革或再生皮革的其他...,336,立陶宛,1,千克,0,—,66
42050090,皮革或再生皮革的其他...,410,巴西,22,千克,0,—,971
42050090,皮革或再生皮革的其他...,429,墨西哥,176,千克,0,—,18879
42050090,皮革或再生皮革的其他...,501,加拿大,97,千克,0,—,5992
42060000,肠线（蚕胶丝除外）、...,127,巴基斯坦,9,千克,0,—,1760
42060000,肠线（蚕胶丝除外）、...,410,巴西,10,千克,0,—,8354
43016000,整张狐皮,318,芬兰,100942,千克,91193,张,9176504
43018010,整张兔皮,301,比利时,103351,千克,394380,张,55647
43018010,整张兔皮,305,法国,188377,千克,771600,张,112223
43018010,整张兔皮,307,意大利,294206,千克,1002400,张,144331
43018010,整张兔皮,312,西班牙,989822,千克,4467200,张,702552
43018010,整张兔皮,321,匈牙利,66440,千克,226800,张,23033
43018090,其他整张毛皮,501,加拿大,1427,千克,5132,张,50778
43019090,其他适合加工皮货用的...,318,芬兰,24980,千克,0,—,104137
43021100,未缝制的整张水貂皮,305,法国,305,千克,2969,张,34833
43021100,未缝制的整张水貂皮,310,希腊,1659,千克,25998,张,93428
43021100,未缝制的整张水貂皮,318,芬兰,3479,千克,30251,张,169330
43021100,未缝制的整张水貂皮,340,白俄罗斯,897,千克,7701,张,130085
43021910,未缝制整张灰鼠、白鼬...,305,法国,38,千克,77,张,4247
43021910,未缝制整张灰鼠、白鼬...,318,芬兰,710,千克,1602,张,24166
43021920,未缝制整张兔皮,312,西班牙,14276,千克,216000,张,73798
43021930,未缝制的整张下列羔羊...,137,土耳其,179,千克,445,张,13011
43021930,未缝制的整张下列羔羊...,307,意大利,84,千克,556,张,15305
43021930,未缝制的整张下列羔羊...,312,西班牙,3052,千克,6440,张,218855
43021990,未列名未缝制的整张毛...,137,土耳其,4168,千克,14939,张,94128
43021990,未列名未缝制的整张毛...,244,南非,29,千克,8,张,3259
43021990,未列名未缝制的整张毛...,305,法国,237,千克,861,张,16943
43021990,未列名未缝制的整张毛...,307,意大利,7128,千克,4643,张,473390
43021990,未列名未缝制的整张毛...,310,希腊,449,千克,1974,张,81630
43021990,未列名未缝制的整张毛...,312,西班牙,23486,千克,77020,张,634840
43021990,未列名未缝制的整张毛...,321,匈牙利,149,千克,705,张,8756
43021990,未列名未缝制的整张毛...,327,波兰,37,千克,1391,张,12106
43021990,未列名未缝制的整张毛...,350,斯洛文尼亚,31,千克,1137,张,28487
43021990,未列名未缝制的整张毛...,410,巴西,1429,千克,377,张,41873
43022000,未缝制的头、尾、爪及...,307,意大利,83,千克,0,—,6235
43022000,未缝制的头、尾、爪及...,310,希腊,1510,千克,0,—,6000
43022000,未缝制的头、尾、爪及...,410,巴西,195,千克,0,—,7325
43022000,未缝制的头、尾、爪及...,501,加拿大,17,千克,0,—,5160
43023090,其他已缝制的整张毛皮...,310,希腊,2800,千克,0,—,12600
43023090,其他已缝制的整张毛皮...,321,匈牙利,1,千克,0,—,198
43023090,其他已缝制的整张毛皮...,501,加拿大,7,千克,0,—,4000
43031010,毛皮衣服,137,土耳其,306,千克,227,件,146736
43031010,毛皮衣服,305,法国,641,千克,412,件,1809856
43031010,毛皮衣服,307,意大利,1061,千克,820,件,3214000
43031010,毛皮衣服,327,波兰,113,千克,71,件,181363
43031020,毛皮衣着附件,305,法国,169,千克,0,—,47169
43031020,毛皮衣着附件,307,意大利,27,千克,0,—,80748
43031020,毛皮衣着附件,318,芬兰,24,千克,0,—,6262
43031020,毛皮衣着附件,501,加拿大,147,千克,0,—,51072
43039000,其他毛皮制品,305,法国,12,千克,0,—,7824
43039000,其他毛皮制品,307,意大利,375,千克,0,—,482008
43039000,其他毛皮制品,316,保加利亚,0,千克,0,—,280
43039000,其他毛皮制品,405,巴巴多斯,6,千克,0,—,345
43039000,其他毛皮制品,501,加拿大,19,千克,0,—,6207
43040010,人造毛皮,410,巴西,33,千克,0,—,2492
43040020,人造毛皮制品,305,法国,4,千克,0,—,4376
43040020,人造毛皮制品,307,意大利,122,千克,0,—,85816
44011200,非针叶木薪柴（圆木段...,305,法国,1460,千克,0,—,30970
44012100,针叶木的木片或木粒,410,巴西,40,千克,0,—,980
44012100,针叶木的木片或木粒,501,加拿大,20,千克,0,—,185
44012200,非针叶木的木片或木粒,244,南非,41967300,千克,0,—,8809516
44012200,非针叶木的木片或木粒,305,法国,45676,千克,0,—,223496
44012200,非针叶木的木片或木粒,410,巴西,94748212,千克,0,—,19081211
44014000,未粘结的锯末、木废料...,309,荷兰,24480,千克,0,—,15269
44029000,其他木炭（包括果壳炭...,129,菲律宾,3721266,千克,0,—,2242691
44029000,其他木炭（包括果壳炭...,203,贝宁,182920,千克,0,—,43603
44029000,其他木炭（包括果壳炭...,220,加纳,50000,千克,0,—,10000
44029000,其他木炭（包括果壳炭...,305,法国,130,千克,0,—,198
44032110,红松和樟子松原木，截...,301,比利时,128370,千克,153,立方米,28881
44032110,红松和樟子松原木，截...,327,波兰,38168356,千克,46067,立方米,6640142
44032110,红松和樟子松原木，截...,336,立陶宛,3626030,千克,4180,立方米,577849
44032120,辐射松原木，截面尺寸...,410,巴西,208189,千克,321,立方米,35292
44032190,其他松木（松属）原木...,244,南非,40713508,千克,33596,立方米,4267766
44032190,其他松木（松属）原木...,410,巴西,116615150,千克,113133,立方米,14851212
44032190,其他松木（松属）原木...,444,乌拉圭,132128688,千克,130846,立方米,18718119
44032210,红松和樟子松原木，截...,327,波兰,436009,千克,541,立方米,73204
44032220,辐射松原木，截面尺寸...,410,巴西,55060,千克,32,立方米,3518
44032290,其他松木（松属）原木...,244,南非,7512402,千克,5931,立方米,693635
44032290,其他松木（松属）原木...,410,巴西,10140122,千克,9902,立方米,1279994
44032290,其他松木（松属）原木...,444,乌拉圭,413967,千克,415,立方米,54212
44032300,冷杉和云杉原木，截面...,301,比利时,3217650,千克,4463,立方米,712218
44032300,冷杉和云杉原木，截面...,305,法国,49539339,千克,69582,立方米,10833793
44032300,冷杉和云杉原木，截面...,327,波兰,32998587,千克,44400,立方米,7201373
44032300,冷杉和云杉原木，截面...,336,立陶宛,1865080,千克,2939,立方米,468900
44032300,冷杉和云杉原木，截面...,501,加拿大,23246776,千克,33721,立方米,7091870
44032400,冷杉和云杉原木，截面...,305,法国,472000,千克,627,立方米,78688
44032400,冷杉和云杉原木，截面...,501,加拿大,1206201,千克,1962,立方米,394042
44032520,花旗松原木，截面尺寸...,301,比利时,126955,千克,162,立方米,37040
44032520,花旗松原木，截面尺寸...,305,法国,128704,千克,192,立方米,30264
44032520,花旗松原木，截面尺寸...,501,加拿大,32867805,千克,50238,立方米,11184966
44032590,其他针叶木原木，截面...,415,哥斯达黎加,1051790,千克,923,立方米,277931
44032590,其他针叶木原木，截面...,429,墨西哥,1166582,千克,1270,立方米,474053
44032590,其他针叶木原木，截面...,501,加拿大,64884752,千克,92617,立方米,20093678
44032620,花旗松原木，截面尺寸...,501,加拿大,11516878,千克,18182,立方米,3746981
44032690,其他针叶木原木，截面...,501,加拿大,6289934,千克,9937,立方米,2004610
44034910,柚木原木,220,加纳,8208,千克,8,立方米,2260
44034910,柚木原木,410,巴西,1446410,千克,1294,立方米,708341
44034910,柚木原木,415,哥斯达黎加,105430,千克,88,立方米,54108
44034920,奥克曼木Okoume...,213,刚果共和国,11634588,千克,17335,立方米,6391730
44034980,热带红木原木,213,刚果共和国,1454932,千克,1232,立方米,480646
44034980,热带红木原木,219,冈比亚,4886160,千克,3691,立方米,3405426
44034980,热带红木原木,220,加纳,498820,千克,383,立方米,307066
44034980,热带红木原木,233,莫桑比克,183995,千克,122,立方米,56684
44034980,热带红木原木,429,墨西哥,163570,千克,127,立方米,462858
44034980,热带红木原木,431,尼加拉瓜,308060,千克,255,立方米,674011
44034990,其他热带木原木,209,中非,6150873,千克,7196,立方米,2351315
44034990,其他热带木原木,213,刚果共和国,19403566,千克,21705,立方米,8867805
44034990,其他热带木原木,220,加纳,1759886,千克,1300,立方米,562171
44034990,其他热带木原木,233,莫桑比克,56573319,千克,37864,立方米,19063125
44034990,其他热带木原木,252,刚果民主共和国,4407939,千克,4135,立方米,4248393
44034990,其他热带木原木,408,玻利维亚,1596722,千克,1368,立方米,615694
44034990,其他热带木原木,429,墨西哥,2445790,千克,2085,立方米,1180133
44039100,栎木（橡木）原木,301,比利时,9381446,千克,9135,立方米,3361595
44039100,栎木（橡木）原木,305,法国,38528699,千克,36002,立方米,14706574
44039100,栎木（橡木）原木,307,意大利,130600,千克,110,立方米,55146
44039100,栎木（橡木）原木,309,荷兰,513370,千克,466,立方米,139174
44039100,栎木（橡木）原木,312,西班牙,179262,千克,167,立方米,53082
44039100,栎木（橡木）原木,315,奥地利,196990,千克,188,立方米,64227
44039100,栎木（橡木）原木,316,保加利亚,702040,千克,657,立方米,217451
44039100,栎木（橡木）原木,327,波兰,1418160,千克,1261,立方米,507046
44039100,栎木（橡木）原木,350,斯洛文尼亚,5491662,千克,5027,立方米,1966549
44039100,栎木（橡木）原木,429,墨西哥,3710211,千克,3189,立方米,1646555
44039100,栎木（橡木）原木,501,加拿大,278045,千克,224,立方米,139145
44039300,水青冈木（山毛榉木）...,301,比利时,4411644,千克,3943,立方米,983780
44039300,水青冈木（山毛榉木）...,305,法国,15343389,千克,13910,立方米,3368258
44039300,水青冈木（山毛榉木）...,315,奥地利,432000,千克,491,立方米,115682
44039300,水青冈木（山毛榉木）...,327,波兰,7479832,千克,6119,立方米,1259813
44039300,水青冈木（山毛榉木）...,350,斯洛文尼亚,4355217,千克,4271,立方米,887255
44039700,杨木原木,305,法国,725600,千克,795,立方米,138511
44039700,杨木原木,501,加拿大,17240,千克,22,立方米,3526
44039800,桉木原木,244,南非,17710826,千克,16604,立方米,2148699
44039800,桉木原木,312,西班牙,352138,千克,315,立方米,208878
44039800,桉木原木,410,巴西,98030708,千克,105795,立方米,12138096
44039800,桉木原木,444,乌拉圭,5670485,千克,6766,立方米,1079862
44039960,北美硬阔叶木原木,301,比利时,132000,千克,159,立方米,38541
44039960,北美硬阔叶木原木,305,法国,453769,千克,471,立方米,116490
44039960,北美硬阔叶木原木,429,墨西哥,4383562,千克,3920,立方米,2982886
44039960,北美硬阔叶木原木,501,加拿大,3997286,千克,4006,立方米,2401919
44039980,其他温带非针叶木原木,301,比利时,205460,千克,211,立方米,59266
44039980,其他温带非针叶木原木,305,法国,738417,千克,796,立方米,190910
44039980,其他温带非针叶木原木,316,保加利亚,365840,千克,391,立方米,98085
44039980,其他温带非针叶木原木,350,斯洛文尼亚,474121,千克,541,立方米,129921
44039980,其他温带非针叶木原木,501,加拿大,52600,千克,49,立方米,22502
44039990,未列名非针叶木原木,233,莫桑比克,8038329,千克,5159,立方米,2364741
44039990,未列名非针叶木原木,307,意大利,54640,千克,46,立方米,27052
44039990,未列名非针叶木原木,312,西班牙,280840,千克,231,立方米,153198
44039990,未列名非针叶木原木,408,玻利维亚,117000,千克,100,立方米,52201
44039990,未列名非针叶木原木,415,哥斯达黎加,20405,千克,19,立方米,5767
44039990,未列名非针叶木原木,429,墨西哥,37550,千克,36,立方米,58898
44041000,针叶木的箍木、木劈条...,501,加拿大,82,千克,0,—,501
44042000,非针叶木的箍木、木劈...,305,法国,375,千克,0,—,2969
44071110,红松和樟子松木材，经...,318,芬兰,10507104,千克,19756,立方米,5118386
44071110,红松和樟子松木材，经...,327,波兰,134070,千克,267,立方米,45869
44071110,红松和樟子松木材，经...,336,立陶宛,1413547,千克,2406,立方米,650635
44071110,红松和樟子松木材，经...,340,白俄罗斯,27747936,千克,41927,立方米,10270479
44071110,红松和樟子松木材，经...,410,巴西,51870,千克,108,立方米,23693
44071120,辐射松木材，经纵锯、...,309,荷兰,21552,千克,38,立方米,85514
44071120,辐射松木材，经纵锯、...,312,西班牙,510060,千克,950,立方米,269468
44071120,辐射松木材，经纵锯、...,410,巴西,589318,千克,1249,立方米,258274
44071190,其他松木（松属）木材...,137,土耳其,42150,千克,71,立方米,31178
44071190,其他松木（松属）木材...,318,芬兰,193306,千克,359,立方米,97150
44071190,其他松木（松属）木材...,336,立陶宛,49000,千克,99,立方米,26666
44071190,其他松木（松属）木材...,340,白俄罗斯,61384,千克,121,立方米,36246
44071190,其他松木（松属）木材...,410,巴西,13153687,千克,27151,立方米,6204112
44071190,其他松木（松属）木材...,444,乌拉圭,2759310,千克,5372,立方米,1557262
44071190,其他松木（松属）木材...,501,加拿大,2864830,千克,5059,立方米,2063985
44071200,冷杉及云杉木材，经纵...,137,土耳其,44950,千克,90,立方米,27841
44071200,冷杉及云杉木材，经纵...,315,奥地利,1869130,千克,3901,立方米,1268219
44071200,冷杉及云杉木材，经纵...,318,芬兰,18740080,千克,38784,立方米,10548986
44071200,冷杉及云杉木材，经纵...,336,立陶宛,189397,千克,344,立方米,86078
44071200,冷杉及云杉木材，经纵...,340,白俄罗斯,6393688,千克,10447,立方米,2660765
44071200,冷杉及云杉木材，经纵...,501,加拿大,19859679,千克,41418,立方米,8620690
44071910,花旗松木材，经纵锯、...,501,加拿大,1805787,千克,3407,立方米,799982
44071990,其他针叶木木材，经纵...,318,芬兰,239577,千克,437,立方米,119570
44071990,其他针叶木木材，经纵...,501,加拿大,11263149,千克,16216,立方米,5365578
44072200,苏里南肉豆蔻木、细孔...,415,哥斯达黎加,8857,千克,55,立方米,30363
44072700,纵锯切刨或旋切的沙比...,213,刚果共和国,1379650,千克,1450,立方米,943886
44072910,经纵锯切刨切或旋切的...,410,巴西,129517,千克,165,立方米,121827
44072940,热带红木木材，经纵锯...,213,刚果共和国,233524,千克,193,立方米,106533
44072940,热带红木木材，经纵锯...,219,冈比亚,4974620,千克,4390,立方米,4122846
44072940,热带红木木材，经纵锯...,220,加纳,350850,千克,325,立方米,385682
44072940,热带红木木材，经纵锯...,233,莫桑比克,108830,千克,81,立方米,44071
44072940,热带红木木材，经纵锯...,312,西班牙,90,千克,0,立方米,300
44072940,热带红木木材，经纵锯...,408,玻利维亚,3262,千克,3,立方米,23000
44072940,热带红木木材，经纵锯...,410,巴西,1602,千克,4,立方米,729
44072940,热带红木木材，经纵锯...,431,尼加拉瓜,304,千克,0,立方米,453
44072990,未列名热带木木材，经...,129,菲律宾,29055361,千克,56084,立方米,5069188
44072990,未列名热带木木材，经...,203,贝宁,40600,千克,50,立方米,32332
44072990,未列名热带木木材，经...,209,中非,19040,千克,46,立方米,22517
44072990,未列名热带木木材，经...,213,刚果共和国,2913815,千克,2875,立方米,1350055
44072990,未列名热带木木材，经...,220,加纳,299971,千克,352,立方米,206259
44072990,未列名热带木木材，经...,233,莫桑比克,1542112,千克,1375,立方米,914900
44072990,未列名热带木木材，经...,244,南非,1,千克,0,立方米,107
44072990,未列名热带木木材，经...,307,意大利,128235,千克,191,立方米,107864
44072990,未列名热带木木材，经...,309,荷兰,26879,千克,22,立方米,46718
44072990,未列名热带木木材，经...,312,西班牙,16415,千克,24,立方米,56409
44072990,未列名热带木木材，经...,408,玻利维亚,2208975,千克,1941,立方米,1596677
44072990,未列名热带木木材，经...,410,巴西,1925475,千克,2342,立方米,1358976
44079100,栎木(橡木)木材，经...,305,法国,2383146,千克,2253,立方米,1705654
44079100,栎木(橡木)木材，经...,307,意大利,25740,千克,33,立方米,39618
44079100,栎木(橡木)木材，经...,321,匈牙利,272500,千克,330,立方米,187498
44079100,栎木(橡木)木材，经...,501,加拿大,1350306,千克,1855,立方米,1459344
44079200,水青冈木（山毛榉木）...,305,法国,2176822,千克,2813,立方米,1206536
44079200,水青冈木（山毛榉木）...,307,意大利,884710,千克,1024,立方米,506918
44079200,水青冈木（山毛榉木）...,310,希腊,111840,千克,146,立方米,62458
44079200,水青冈木（山毛榉木）...,315,奥地利,1287453,千克,1691,立方米,819006
44079200,水青冈木（山毛榉木）...,321,匈牙利,572864,千克,689,立方米,301760
44079200,水青冈木（山毛榉木）...,327,波兰,4921416,千克,5651,立方米,2265051
44079200,水青冈木（山毛榉木）...,350,斯洛文尼亚,113915,千克,132,立方米,64251
44079200,水青冈木（山毛榉木）...,359,黑山,163352,千克,207,立方米,93330
44079300,槭木（枫木）木材，经...,315,奥地利,217,千克,0,立方米,14046
44079300,槭木（枫木）木材，经...,501,加拿大,1216395,千克,1553,立方米,896621
44079400,樱桃木木材，经纵锯、...,501,加拿大,417971,千克,630,立方米,388659
44079500,白蜡木木材，经纵锯、...,305,法国,505792,千克,642,立方米,319314
44079500,白蜡木木材，经纵锯、...,307,意大利,66680,千克,78,立方米,40353
44079500,白蜡木木材，经纵锯、...,315,奥地利,445175,千克,564,立方米,290459
44079500,白蜡木木材，经纵锯、...,321,匈牙利,141628,千克,190,立方米,126657
44079500,白蜡木木材，经纵锯、...,501,加拿大,690316,千克,942,立方米,649177
44079600,桦木木材，经纵锯、纵...,318,芬兰,190203,千克,292,立方米,140640
44079600,桦木木材，经纵锯、纵...,340,白俄罗斯,8021,千克,10,立方米,2887
44079700,杨木木材，经纵锯、纵...,340,白俄罗斯,1172851,千克,1415,立方米,329838
44079700,杨木木材，经纵锯、纵...,501,加拿大,32740,千克,65,立方米,38053
44079930,经纵锯切、刨或旋切的...,501,加拿大,292409,千克,438,立方米,582803
44079980,纵锯切刨或旋切其他温...,307,意大利,44560,千克,52,立方米,17494
44079980,纵锯切刨或旋切其他温...,312,西班牙,7797,千克,10,立方米,57990
44079980,纵锯切刨或旋切其他温...,340,白俄罗斯,97405,千克,109,立方米,20514
44079980,纵锯切刨或旋切其他温...,410,巴西,161008,千克,224,立方米,50873
44079980,纵锯切刨或旋切其他温...,444,乌拉圭,220089,千克,366,立方米,205966
44079990,未列名纵锯切、刨或旋...,233,莫桑比克,195330,千克,147,立方米,79187
44079990,未列名纵锯切、刨或旋...,307,意大利,68940,千克,50,立方米,60419
44079990,未列名纵锯切、刨或旋...,312,西班牙,3497,千克,10,立方米,5985
44079990,未列名纵锯切、刨或旋...,321,匈牙利,46040,千克,53,立方米,30103
44079990,未列名纵锯切、刨或旋...,336,立陶宛,2682,千克,4,立方米,1042
44079990,未列名纵锯切、刨或旋...,340,白俄罗斯,43330,千克,55,立方米,12903
44079990,未列名纵锯切、刨或旋...,408,玻利维亚,352776,千克,319,立方米,269242
44079990,未列名纵锯切、刨或旋...,410,巴西,453199,千克,595,立方米,140579
44079990,未列名纵锯切、刨或旋...,444,乌拉圭,528595,千克,851,立方米,457178
44079990,未列名纵锯切、刨或旋...,501,加拿大,20134,千克,38,立方米,20342
44081019,其他针叶木饰面用单板...,312,西班牙,1360,千克,0,—,15986
44081019,其他针叶木饰面用单板...,501,加拿大,7771,千克,0,—,113921
44081020,针叶木制胶合板用单板...,227,马达加斯加,576000,千克,0,—,75528
44081090,其他针叶木木材，经纵...,307,意大利,8437,千克,0,—,44109
44081090,其他针叶木木材，经纵...,312,西班牙,192,千克,0,—,600
44081090,其他针叶木木材，经纵...,501,加拿大,5880,千克,0,—,67032
44083911,用胶合板等多层板制的...,307,意大利,90,千克,0,—,3123
44083919,其他饰面用单板，其他...,307,意大利,4784,千克,0,—,190607
44083919,其他饰面用单板，其他...,312,西班牙,1625,千克,0,—,20387
44083919,其他饰面用单板，其他...,408,玻利维亚,4466,千克,0,—,81000
44083919,其他饰面用单板，其他...,410,巴西,27,千克,0,—,93
44083920,制胶合板用单板，其他...,250,乌干达,1098315,千克,0,—,75780
44089011,用胶合板等多层板制的...,137,土耳其,2,千克,0,—,169
44089012,温带非针叶木制饰面用...,137,土耳其,18480,千克,0,—,125206
44089012,温带非针叶木制饰面用...,305,法国,0,千克,0,—,6
44089012,温带非针叶木制饰面用...,307,意大利,3619,千克,0,—,167857
44089012,温带非针叶木制饰面用...,312,西班牙,23600,千克,0,—,176629
44089012,温带非针叶木制饰面用...,318,芬兰,19875,千克,0,—,69511
44089012,温带非针叶木制饰面用...,327,波兰,320,千克,0,—,58856
44089012,温带非针叶木制饰面用...,350,斯洛文尼亚,3948,千克,0,—,53433
44089019,其他木制饰面用单板，...,137,土耳其,1490,千克,0,—,31240
44089019,其他木制饰面用单板，...,305,法国,3100,千克,0,—,9193
44089019,其他木制饰面用单板，...,307,意大利,24973,千克,0,—,333140
44089019,其他木制饰面用单板，...,312,西班牙,51740,千克,0,—,298410
44089019,其他木制饰面用单板，...,315,奥地利,265,千克,0,—,12505
44089019,其他木制饰面用单板，...,501,加拿大,166,千克,0,—,198
44089021,温带非针叶木制胶合板...,137,土耳其,60970,千克,0,—,83391
44089021,温带非针叶木制胶合板...,340,白俄罗斯,32508,千克,0,—,18425
44089029,其他木制胶合板用单板...,307,意大利,57,千克,0,—,459
44089029,其他木制胶合板用单板...,410,巴西,2173904,千克,0,—,301123
44089091,温带非针叶木制经纵刨...,312,西班牙,298,千克,0,—,5264
44089099,未列名木制经纵锯、刨...,301,比利时,60,千克,0,—,7141
44092110,任何一边、端或面制成...,137,土耳其,5,千克,0,—,83
44092110,任何一边、端或面制成...,307,意大利,3,千克,0,—,60
44092290,热带木制的任何一边、...,219,冈比亚,280000,千克,0,—,200600
44092290,热带木制的任何一边、...,233,莫桑比克,39148,千克,0,—,22070
44092290,热带木制的任何一边、...,410,巴西,13060,千克,0,—,8053
44092910,其他任一边、端或面成...,307,意大利,32772,千克,0,—,348502
44092910,其他任一边、端或面成...,309,荷兰,805,千克,0,—,6860
44092910,其他任一边、端或面成...,315,奥地利,732,千克,0,—,6678
44092910,其他任一边、端或面成...,321,匈牙利,8800,千克,0,—,39194
44092910,其他任一边、端或面成...,429,墨西哥,1,千克,0,—,145
44092990,其他任一边、端或面成...,307,意大利,135,千克,0,—,11397
44092990,其他任一边、端或面成...,327,波兰,13542,千克,0,—,87714
44101100,木制碎料板,137,土耳其,1653581,千克,0,—,884198
44101100,木制碎料板,138,阿联酋,9,千克,0,—,110
44101100,木制碎料板,301,比利时,50953,千克,0,—,15518
44101100,木制碎料板,305,法国,770355,千克,0,—,561807
44101100,木制碎料板,307,意大利,1683187,千克,0,—,1433100
44101100,木制碎料板,309,荷兰,13056,千克,0,—,196639
44101100,木制碎料板,312,西班牙,871906,千克,0,—,506062
44101100,木制碎料板,315,奥地利,916684,千克,0,—,836132
44101100,木制碎料板,336,立陶宛,595,千克,0,—,2030
44101100,木制碎料板,410,巴西,5177598,千克,0,—,1528622
44101100,木制碎料板,415,哥斯达黎加,0,千克,0,—,85
44101200,木制定向刨花板（OS...,138,阿联酋,0,千克,0,—,21
44101200,木制定向刨花板（OS...,307,意大利,103136,千克,0,—,61813
44101200,木制定向刨花板（OS...,315,奥地利,24199,千克,0,—,15463
44101200,木制定向刨花板（OS...,410,巴西,2841377,千克,0,—,1411254
44101200,木制定向刨花板（OS...,501,加拿大,3435642,千克,0,—,1807266
44101900,其他木制类似板（例如...,137,土耳其,2,千克,0,—,71
44101900,其他木制类似板（例如...,307,意大利,302302,千克,0,—,341147
44101900,其他木制类似板（例如...,312,西班牙,230708,千克,0,—,123657
44101900,其他木制类似板（例如...,315,奥地利,715451,千克,0,—,581417
44101900,其他木制类似板（例如...,410,巴西,103940,千克,0,—,61060
44109090,其他木质材料制定向刨...,307,意大利,18,千克,0,—,246
44111211,未机械加工中密度板，...,312,西班牙,9,千克,0,—,50
44111219,经机械加工中密度板，...,305,法国,10,千克,0,—,198
44111219,经机械加工中密度板，...,327,波兰,52671,千克,0,—,98781
44111229,其他中密度板0.5g...,305,法国,0,千克,0,—,28
44111229,其他中密度板0.5g...,307,意大利,6806,千克,0,—,33653
44111229,其他中密度板0.5g...,312,西班牙,2,千克,0,—,101
44111299,加工中密度板，密度≤...,118,科威特,0,千克,0,—,19
44111299,加工中密度板，密度≤...,315,奥地利,23,千克,0,—,452
44111311,未加工中密度板，密度...,501,加拿大,8,千克,0,—,227
44111319,加工中密度板，密度＞...,301,比利时,1305862,千克,0,—,1756506
44111319,加工中密度板，密度＞...,305,法国,33954,千克,0,—,37695
44111319,加工中密度板，密度＞...,312,西班牙,30,千克,0,—,330
44111319,加工中密度板，密度＞...,315,奥地利,116118,千克,0,—,112799
44111319,加工中密度板，密度＞...,327,波兰,196142,千克,0,—,181461
44111319,加工中密度板，密度＞...,340,白俄罗斯,31726,千克,0,—,36064
44111319,加工中密度板，密度＞...,501,加拿大,1,千克,0,—,52
44111399,加工中密度板，密度≤...,307,意大利,2,千克,0,—,16
44111411,未加工中密度板，密度...,307,意大利,1060,千克,0,—,133015
44111419,加工中密度板，密度＞...,301,比利时,77423,千克,0,—,111392
44111419,加工中密度板，密度＞...,305,法国,65366,千克,0,—,96129
44111419,加工中密度板，密度＞...,307,意大利,3025,千克,0,—,7832
44111419,加工中密度板，密度＞...,312,西班牙,125762,千克,0,—,200186
44111419,加工中密度板，密度＞...,315,奥地利,26945,千克,0,—,24565
44111419,加工中密度板，密度＞...,340,白俄罗斯,36721,千克,0,—,27857
44111419,加工中密度板，密度＞...,501,加拿大,1,千克,0,—,186
44111429,其他中密度板0.5g...,118,科威特,3,千克,0,—,65
44111429,其他中密度板0.5g...,138,阿联酋,2,千克,0,—,106
44111429,其他中密度板0.5g...,301,比利时,1811,千克,0,—,5525
44111429,其他中密度板0.5g...,307,意大利,80414,千克,0,—,123768
44111429,其他中密度板0.5g...,312,西班牙,1124072,千克,0,—,1529680
44111499,未加工中密度板，密度...,137,土耳其,22180,千克,0,—,20999
44111499,未加工中密度板，密度...,301,比利时,21,千克,0,—,438
44111499,未加工中密度板，密度...,305,法国,2,千克,0,—,30
44111499,未加工中密度板，密度...,307,意大利,9,千克,0,—,834
44111499,未加工中密度板，密度...,312,西班牙,46278,千克,0,—,54041
44119290,加工木纤维板，密度＞...,307,意大利,15617,千克,0,—,33208
44119290,加工木纤维板，密度＞...,309,荷兰,152035,千克,0,—,311784
44119290,加工木纤维板，密度＞...,312,西班牙,34987,千克,0,—,59597
44119290,加工木纤维板，密度＞...,315,奥地利,225,千克,0,—,1575
44119410,木纤板，0.35g/...,305,法国,120,千克,0,—,19379
44119429,加工木纤板，密度≤0...,307,意大利,56,千克,0,—,682
44121019,其他仅由薄板制的竹胶...,307,意大利,21810,千克,45,立方米,42926
44121019,其他仅由薄板制的竹胶...,327,波兰,17376,千克,26,立方米,95109
44123300,仅由薄木板制的其他胶...,129,菲律宾,0,千克,0,立方米,20
44123300,仅由薄木板制的其他胶...,307,意大利,59569,千克,100,立方米,125210
44123300,仅由薄木板制的其他胶...,312,西班牙,991,千克,3,立方米,2364
44123300,仅由薄木板制的其他胶...,318,芬兰,271192,千克,391,立方米,531183
44123300,仅由薄木板制的其他胶...,321,匈牙利,1,千克,0,立方米,5
44123490,仅由薄木板制的其他胶...,312,西班牙,1237,千克,4,立方米,7284
44129410,其他木块芯胶合板等至...,305,法国,1,千克,0,立方米,162
44129410,其他木块芯胶合板等至...,307,意大利,7961,千克,21,立方米,94461
44129410,其他木块芯胶合板等至...,315,奥地利,270919,千克,495,立方米,1314883
44129410,其他木块芯胶合板等至...,327,波兰,26957,千克,42,立方米,107697
44129910,其他胶合板等至少一表...,138,阿联酋,1,千克,0,立方米,143
44129910,其他胶合板等至少一表...,301,比利时,147757,千克,182,立方米,489011
44129910,其他胶合板等至少一表...,305,法国,6,千克,0,立方米,195
44129910,其他胶合板等至少一表...,307,意大利,11995,千克,19,立方米,106685
44129910,其他胶合板等至少一表...,312,西班牙,1,千克,0,立方米,234
44129910,其他胶合板等至少一表...,315,奥地利,262348,千克,475,立方米,1289084
44129910,其他胶合板等至少一表...,321,匈牙利,2263,千克,20,立方米,11590
44129910,其他胶合板等至少一表...,501,加拿大,12,千克,0,立方米,586
44130000,强化木，成块、板、条...,307,意大利,185,千克,0,—,4914
44130000,强化木，成块、板、条...,312,西班牙,50,千克,0,—,201
44140090,其他木制的画框、相框...,129,菲律宾,16,千克,0,—,250
44140090,其他木制的画框、相框...,301,比利时,89,千克,0,—,230
44140090,其他木制的画框、相框...,305,法国,91,千克,0,—,3207
44140090,其他木制的画框、相框...,307,意大利,209,千克,0,—,31263
44140090,其他木制的画框、相框...,327,波兰,13829,千克,0,—,55743
44151000,木制箱、盒、桶及类似...,138,阿联酋,93,千克,1,件,230
44151000,木制箱、盒、桶及类似...,305,法国,5253,千克,1041,件,26834
44151000,木制箱、盒、桶及类似...,307,意大利,3,千克,1,件,173
44151000,木制箱、盒、桶及类似...,309,荷兰,132,千克,5,件,6131
44151000,木制箱、盒、桶及类似...,312,西班牙,14433,千克,362,件,6490
44151000,木制箱、盒、桶及类似...,410,巴西,61920,千克,36855,件,159883
44151000,木制箱、盒、桶及类似...,429,墨西哥,60,千克,1,件,1030
44152090,木托板、箱形托盘及其...,220,加纳,1,千克,2,件,169
44152090,木托板、箱形托盘及其...,305,法国,70,千克,73,件,3309
44152090,木托板、箱形托盘及其...,309,荷兰,184,千克,6,件,6565
44152090,木托板、箱形托盘及其...,312,西班牙,8,千克,2,件,283
44152090,木托板、箱形托盘及其...,336,立陶宛,11280,千克,1810,件,441
44160090,木制大桶、琵琶桶、盆...,305,法国,122648,千克,0,—,1648887
44160090,木制大桶、琵琶桶、盆...,307,意大利,50,千克,0,—,70
44160090,木制大桶、琵琶桶、盆...,312,西班牙,65150,千克,0,—,260051
44170090,木制工具等；扫帚及刷...,305,法国,0,千克,0,—,146
44170090,木制工具等；扫帚及刷...,307,意大利,43,千克,0,—,5112
44170090,木制工具等；扫帚及刷...,309,荷兰,140,千克,0,—,1041
44170090,木制工具等；扫帚及刷...,410,巴西,46,千克,0,—,208
44182000,木制门及其框架和门槛,312,西班牙,1233,千克,0,—,25562
44184000,木制水泥构件的模板,315,奥地利,21320,千克,0,—,33822
44186000,木制柱及梁,307,意大利,20,千克,0,—,2814
44187400,其他马赛克地板用已装...,307,意大利,783,千克,0,—,25061
44187500,其他多层已装拼的木地...,137,土耳其,21301,千克,0,—,88884
44187500,其他多层已装拼的木地...,305,法国,2506,千克,0,—,22420
44187500,其他多层已装拼的木地...,307,意大利,61586,千克,0,—,555858
44187500,其他多层已装拼的木地...,312,西班牙,47676,千克,0,—,205411
44187500,其他多层已装拼的木地...,315,奥地利,32898,千克,0,—,223010
44187500,其他多层已装拼的木地...,321,匈牙利,16205,千克,0,—,84337
44187500,其他多层已装拼的木地...,327,波兰,194496,千克,0,—,706425
44187500,其他多层已装拼的木地...,336,立陶宛,116260,千克,0,—,577999
44187500,其他多层已装拼的木地...,340,白俄罗斯,17928,千克,0,—,99987
44187900,其他已装拼木地板,307,意大利,11704,千克,0,—,169869
44189900,未列名建筑用木工制品,305,法国,240,千克,0,—,25510
44189900,未列名建筑用木工制品,307,意大利,1625,千克,0,—,46590
44189900,未列名建筑用木工制品,315,奥地利,157318,千克,0,—,611195
44191100,竹制切面包板、 砧板...,327,波兰,1,千克,0,—,9
44191900,其他竹制餐具及厨房用...,129,菲律宾,6,千克,0,—,343
44191900,其他竹制餐具及厨房用...,305,法国,16,千克,0,—,470
44191900,其他竹制餐具及厨房用...,312,西班牙,0,千克,0,—,16
44191900,其他竹制餐具及厨房用...,318,芬兰,0,千克,0,—,23
44191900,其他竹制餐具及厨房用...,327,波兰,0,千克,0,—,2
44199090,未列名木制餐具及厨房...,129,菲律宾,70,千克,0,—,891
44199090,未列名木制餐具及厨房...,137,土耳其,33,千克,0,—,301
44199090,未列名木制餐具及厨房...,305,法国,31,千克,0,—,627
44199090,未列名木制餐具及厨房...,307,意大利,44,千克,0,—,3240
44199090,未列名木制餐具及厨房...,318,芬兰,1,千克,0,—,112
44199090,未列名木制餐具及厨房...,327,波兰,20,千克,0,—,601
44199090,未列名木制餐具及厨房...,410,巴西,4,千克,0,—,152
44199090,未列名木制餐具及厨房...,501,加拿大,0,千克,0,—,17
44201020,木扇,307,意大利,0,千克,0,—,432
44201090,其他木制小雕像及装饰...,118,科威特,1,千克,0,—,19
44201090,其他木制小雕像及装饰...,127,巴基斯坦,8355,千克,0,—,5530
44201090,其他木制小雕像及装饰...,213,刚果共和国,1,千克,0,—,136
44201090,其他木制小雕像及装饰...,301,比利时,1178,千克,0,—,4862
44201090,其他木制小雕像及装饰...,305,法国,200,千克,0,—,18601
44201090,其他木制小雕像及装饰...,307,意大利,881,千克,0,—,383663
44201090,其他木制小雕像及装饰...,310,希腊,0,千克,0,—,62
44201090,其他木制小雕像及装饰...,312,西班牙,2,千克,0,—,2386
44201090,其他木制小雕像及装饰...,315,奥地利,17,千克,0,—,691
44201090,其他木制小雕像及装饰...,327,波兰,23,千克,0,—,6353
44201090,其他木制小雕像及装饰...,429,墨西哥,7,千克,0,—,621
44209090,珠宝或刀具木盒及类似...,129,菲律宾,10,千克,0,—,103
44209090,珠宝或刀具木盒及类似...,301,比利时,17,千克,0,—,355
44209090,珠宝或刀具木盒及类似...,305,法国,1107,千克,0,—,151763
44209090,珠宝或刀具木盒及类似...,307,意大利,3324,千克,0,—,192858
44209090,珠宝或刀具木盒及类似...,309,荷兰,50,千克,0,—,25
44209090,珠宝或刀具木盒及类似...,312,西班牙,393,千克,0,—,180666
44209090,珠宝或刀具木盒及类似...,315,奥地利,255,千克,0,—,9026
44209090,珠宝或刀具木盒及类似...,327,波兰,13035,千克,0,—,44977
44211000,木制衣架,137,土耳其,8,千克,0,—,10
44211000,木制衣架,138,阿联酋,2,千克,0,—,106
44211000,木制衣架,301,比利时,224,千克,0,—,1561
44211000,木制衣架,305,法国,15,千克,0,—,3541
44211000,木制衣架,307,意大利,1094,千克,0,—,68019
44211000,木制衣架,327,波兰,45,千克,0,—,744
44219910,其他木制圆签、圆棒、...,137,土耳其,1,千克,0,—,3
44219910,其他木制圆签、圆棒、...,307,意大利,2,千克,0,—,122
44219910,其他木制圆签、圆棒、...,312,西班牙,0,千克,0,—,26
44219990,未列名木制品,129,菲律宾,10,千克,0,—,318
44219990,未列名木制品,138,阿联酋,1,千克,0,—,143
44219990,未列名木制品,220,加纳,3158,千克,0,—,37212
44219990,未列名木制品,301,比利时,64,千克,0,—,3091
44219990,未列名木制品,305,法国,1366,千克,0,—,127948
44219990,未列名木制品,307,意大利,22826,千克,0,—,575528
44219990,未列名木制品,309,荷兰,22,千克,0,—,325
44219990,未列名木制品,312,西班牙,94,千克,0,—,16834
44219990,未列名木制品,315,奥地利,11,千克,0,—,231
44219990,未列名木制品,321,匈牙利,29655,千克,0,—,37053
44219990,未列名木制品,327,波兰,138129,千克,0,—,408097
44219990,未列名木制品,336,立陶宛,864,千克,0,—,26469
44219990,未列名木制品,350,斯洛文尼亚,328,千克,0,—,2515
44219990,未列名木制品,410,巴西,28,千克,0,—,135
44219990,未列名木制品,429,墨西哥,6,千克,0,—,116
44219990,未列名木制品,501,加拿大,45,千克,0,—,906
45011000,未加工或简单加工的天...,307,意大利,17865,千克,0,—,68374
45011000,未加工或简单加工的天...,312,西班牙,34680,千克,0,—,104860
45031000,天然软木塞子,307,意大利,813,千克,0,—,22200
45041000,压制软木块、板、片及...,305,法国,7147,千克,0,—,76202
45041000,压制软木块、板、片及...,307,意大利,3332,千克,0,—,40824
45041000,压制软木块、板、片及...,312,西班牙,33920,千克,0,—,129485
45041000,压制软木块、板、片及...,318,芬兰,32,千克,0,—,1869
45049000,其他压制软木及其制品,327,波兰,3046,千克,0,—,10864
46012919,其他草制的席子、席料...,227,马达加斯加,11096,千克,37967,张,24772
46019419,稻草制其他平行连结或...,227,马达加斯加,2,千克,0,—,1096
46019499,未列名植物编结材料制...,307,意大利,0,千克,0,—,1804
46019499,未列名植物编结材料制...,312,西班牙,104,千克,0,—,4640
46019990,非植物编结材料制其他...,305,法国,6370,千克,0,—,97394
46019990,非植物编结材料制其他...,309,荷兰,11779,千克,0,—,363020
46021100,竹制篮筐及其他编结品,129,菲律宾,1,千克,0,—,13
46021100,竹制篮筐及其他编结品,220,加纳,3,千克,0,—,130
46021100,竹制篮筐及其他编结品,305,法国,3,千克,0,—,190
46021100,竹制篮筐及其他编结品,307,意大利,12,千克,0,—,63136
46021100,竹制篮筐及其他编结品,312,西班牙,5,千克,0,—,1268
46021200,藤制篮筐及其他编结品,129,菲律宾,4,千克,0,—,376
46021200,藤制篮筐及其他编结品,307,意大利,70,千克,0,—,70192
46021910,草制篮筐及其他编结品,129,菲律宾,1,千克,0,—,645
46021910,草制篮筐及其他编结品,220,加纳,80,千克,0,—,28733
46021910,草制篮筐及其他编结品,224,肯尼亚,1,千克,0,—,853
46021910,草制篮筐及其他编结品,227,马达加斯加,9,千克,0,—,5821
46021910,草制篮筐及其他编结品,307,意大利,35,千克,0,—,30435
46021910,草制篮筐及其他编结品,312,西班牙,290,千克,0,—,94555
46021910,草制篮筐及其他编结品,321,匈牙利,2,千克,0,—,359
46021930,柳条制篮筐及其他编结...,305,法国,20,千克,0,—,53564
46021930,柳条制篮筐及其他编结...,307,意大利,2,千克,0,—,857
46021990,其他植物材料制篮筐等...,129,菲律宾,172,千克,0,—,13386
46021990,其他植物材料制篮筐等...,227,马达加斯加,14,千克,0,—,3845
46021990,其他植物材料制篮筐等...,305,法国,2,千克,0,—,687
46021990,其他植物材料制篮筐等...,307,意大利,53,千克,0,—,87301
46021990,其他植物材料制篮筐等...,309,荷兰,4,千克,0,—,3692
46021990,其他植物材料制篮筐等...,312,西班牙,352,千克,0,—,129888
46029000,非植物编结材料制篮筐...,224,肯尼亚,0,千克,0,—,778
46029000,非植物编结材料制篮筐...,307,意大利,11,千克,0,—,3976
47010000,机械木浆,305,法国,159426,千克,0,—,135685
47020000,化学木浆、溶解级,244,南非,14115506,千克,0,—,13445291
47020000,化学木浆、溶解级,305,法国,153618,千克,0,—,249534
47020000,化学木浆、溶解级,315,奥地利,8326022,千克,0,—,8701098
47020000,化学木浆、溶解级,318,芬兰,17716282,千克,0,—,17290546
47020000,化学木浆、溶解级,326,挪威,649262,千克,0,—,827808
47020000,化学木浆、溶解级,410,巴西,30040651,千克,0,—,32268607
47020000,化学木浆、溶解级,501,加拿大,10023520,千克,0,—,9221486
47031100,未漂白的针叶木烧碱木...,305,法国,13476613,千克,0,—,10471257
47031100,未漂白的针叶木烧碱木...,315,奥地利,791774,千克,0,—,434776
47031100,未漂白的针叶木烧碱木...,318,芬兰,4789653,千克,0,—,3180347
47031100,未漂白的针叶木烧碱木...,501,加拿大,16834326,千克,0,—,12485119
47031900,未漂白的非针叶木烧碱...,244,南非,994069,千克,0,—,569315
47032100,半漂白或漂白的针叶木...,318,芬兰,134715451,千克,0,—,116894955
47032100,半漂白或漂白的针叶木...,340,白俄罗斯,9574062,千克,0,—,8010190
47032100,半漂白或漂白的针叶木...,410,巴西,6648434,千克,0,—,5949486
47032100,半漂白或漂白的针叶木...,501,加拿大,195690263,千克,0,—,180261854
47032900,半漂白或漂白非针叶木...,244,南非,200915,千克,0,—,150954
47032900,半漂白或漂白非针叶木...,305,法国,6743574,千克,0,—,4204842
47032900,半漂白或漂白非针叶木...,312,西班牙,19810,千克,0,—,15083
47032900,半漂白或漂白非针叶木...,318,芬兰,6430525,千克,0,—,4019652
47032900,半漂白或漂白非针叶木...,410,巴西,487936411,千克,0,—,314126259
47032900,半漂白或漂白非针叶木...,444,乌拉圭,82144151,千克,0,—,58189030
47032900,半漂白或漂白非针叶木...,501,加拿大,5359236,千克,0,—,3255628
47041900,未漂白的非针叶木亚硫...,326,挪威,2,千克,0,—,269
47042100,半漂白或漂白的针叶木...,305,法国,50061,千克,0,—,38046
47050000,用机械与化学联合制浆...,307,意大利,497025,千克,0,—,213720
47050000,用机械与化学联合制浆...,312,西班牙,296492,千克,0,—,166127
47050000,用机械与化学联合制浆...,318,芬兰,4236729,千克,0,—,2422336
47050000,用机械与化学联合制浆...,326,挪威,4688333,千克,0,—,2514392
47050000,用机械与化学联合制浆...,501,加拿大,112696216,千克,0,—,61885847
47062000,从回收（废碎）纸或纸...,129,菲律宾,286000,千克,0,—,32180
47062000,从回收（废碎）纸或纸...,244,南非,219430,千克,0,—,76193
47062000,从回收（废碎）纸或纸...,501,加拿大,211824,千克,0,—,99855
47069200,其他纤维状纤维素化学...,129,菲律宾,251875,千克,0,—,1356703
47069200,其他纤维状纤维素化学...,138,阿联酋,24170,千克,0,—,13776
47069300,其他用机械和化学联合...,501,加拿大,91,千克,0,—,1179
48010010,成卷的新闻纸,301,比利时,6491818,千克,0,—,2887909
48010010,成卷的新闻纸,305,法国,1879508,千克,0,—,796936
48010010,成卷的新闻纸,309,荷兰,2315770,千克,0,—,1309127
48010010,成卷的新闻纸,312,西班牙,746844,千克,0,—,446100
48010010,成卷的新闻纸,315,奥地利,475572,千克,0,—,255562
48010010,成卷的新闻纸,326,挪威,3424245,千克,0,—,1405079
48010010,成卷的新闻纸,327,波兰,75535,千克,0,—,39017
48010010,成卷的新闻纸,501,加拿大,25619164,千克,0,—,13132931
48021090,其他手工制纸及纸板,307,意大利,4,千克,0,—,288
48022090,其他光敏热敏电敏纸及...,305,法国,20,千克,0,—,1550
48024000,壁纸原纸,318,芬兰,22568,千克,0,—,24899
48025500,其他未涂书写印刷纸，...,305,法国,165551,千克,0,—,364050
48025500,其他未涂书写印刷纸，...,309,荷兰,10663,千克,0,—,8828
48025500,其他未涂书写印刷纸，...,318,芬兰,139474,千克,0,—,128798
48025500,其他未涂书写印刷纸，...,326,挪威,894706,千克,0,—,583301
48025500,其他未涂书写印刷纸，...,410,巴西,2363478,千克,0,—,1418770
48025500,其他未涂书写印刷纸，...,501,加拿大,334406,千克,0,—,123095
48025600,其他未涂书写印刷纸，...,305,法国,364,千克,0,—,14433
48025600,其他未涂书写印刷纸，...,315,奥地利,16079,千克,0,—,30064
48025600,其他未涂书写印刷纸，...,410,巴西,1183320,千克,0,—,854529
48025700,其他未涂书写印刷纸，...,305,法国,16,千克,0,—,14
48025700,其他未涂书写印刷纸，...,307,意大利,129098,千克,0,—,231151
48025700,其他未涂书写印刷纸，...,312,西班牙,636,千克,0,—,2564
48025700,其他未涂书写印刷纸，...,318,芬兰,2587,千克,0,—,3342
48025700,其他未涂书写印刷纸，...,410,巴西,409,千克,0,—,250
48025800,其他未涂书写印刷纸，...,305,法国,76983,千克,0,—,124916
48025800,其他未涂书写印刷纸，...,307,意大利,771208,千克,0,—,1106808
48025800,其他未涂书写印刷纸，...,309,荷兰,51293,千克,0,—,33440
48025800,其他未涂书写印刷纸，...,312,西班牙,3834,千克,0,—,12826
48025800,其他未涂书写印刷纸，...,315,奥地利,9829,千克,0,—,24966
48025800,其他未涂书写印刷纸，...,429,墨西哥,3,千克,0,—,494
48026100,其他未涂书写印刷纸，...,301,比利时,221502,千克,0,—,117515
48026100,其他未涂书写印刷纸，...,315,奥地利,990,千克,0,—,14727
48026100,其他未涂书写印刷纸，...,318,芬兰,1056342,千克,0,—,756629
48026100,其他未涂书写印刷纸，...,501,加拿大,44181,千克,0,—,16964
48026200,其他未涂书写印刷纸，...,305,法国,2,千克,0,—,85
48026200,其他未涂书写印刷纸，...,307,意大利,2029,千克,0,—,4178
48026200,其他未涂书写印刷纸，...,309,荷兰,8,千克,0,—,18
48026200,其他未涂书写印刷纸，...,315,奥地利,22171,千克,0,—,51295
48026900,其他未涂书写印刷纸，...,305,法国,83202,千克,0,—,287527
48026900,其他未涂书写印刷纸，...,307,意大利,7674,千克,0,—,17210
48026900,其他未涂书写印刷纸，...,312,西班牙,31,千克,0,—,52
48026900,其他未涂书写印刷纸，...,315,奥地利,811,千克,0,—,3494
48026900,其他未涂书写印刷纸，...,318,芬兰,1140,千克,0,—,1493
48030000,成卷成张的家庭或卫生...,137,土耳其,135829,千克,0,—,141261
48030000,成卷成张的家庭或卫生...,305,法国,12,千克,0,—,143
48030000,成卷成张的家庭或卫生...,307,意大利,1,千克,0,—,46
48030000,成卷成张的家庭或卫生...,327,波兰,7,千克,0,—,54
48030000,成卷成张的家庭或卫生...,429,墨西哥,3080,千克,0,—,6468
48030000,成卷成张的家庭或卫生...,501,加拿大,111681,千克,0,—,67381
48041100,未漂白牛皮挂面板纸,305,法国,144,千克,0,—,3407
48041100,未漂白牛皮挂面板纸,318,芬兰,3302458,千克,0,—,1548838
48041100,未漂白牛皮挂面板纸,327,波兰,242867,千克,0,—,170722
48041100,未漂白牛皮挂面板纸,410,巴西,24876,千克,0,—,14970
48041900,其他牛皮挂面板纸,327,波兰,169700,千克,0,—,100191
48041900,其他牛皮挂面板纸,501,加拿大,24400,千克,0,—,8784
48042100,未漂白袋用牛皮纸,318,芬兰,49548,千克,0,—,64616
48042100,未漂白袋用牛皮纸,410,巴西,386210,千克,0,—,285594
48042100,未漂白袋用牛皮纸,501,加拿大,597793,千克,0,—,413827
48042900,其他袋用牛皮纸,305,法国,382421,千克,0,—,831296
48042900,其他袋用牛皮纸,312,西班牙,156,千克,0,—,936
48042900,其他袋用牛皮纸,318,芬兰,70460,千克,0,—,71277
48042900,其他袋用牛皮纸,501,加拿大,1112413,千克,0,—,1091097
48043100,其他未涂布未漂白牛皮...,301,比利时,25800,千克,0,—,11985
48043100,其他未涂布未漂白牛皮...,305,法国,71162,千克,0,—,82400
48043100,其他未涂布未漂白牛皮...,307,意大利,20,千克,0,—,247
48043100,其他未涂布未漂白牛皮...,315,奥地利,100831,千克,0,—,124725
48043100,其他未涂布未漂白牛皮...,318,芬兰,518412,千克,0,—,574954
48043100,其他未涂布未漂白牛皮...,327,波兰,315421,千克,0,—,179100
48043100,其他未涂布未漂白牛皮...,410,巴西,52169,千克,0,—,40882
48043100,其他未涂布未漂白牛皮...,501,加拿大,7573055,千克,0,—,4434949
48043900,其他未涂布牛皮纸，平...,244,南非,45532,千克,0,—,34935
48043900,其他未涂布牛皮纸，平...,305,法国,139615,千克,0,—,341437
48043900,其他未涂布牛皮纸，平...,309,荷兰,6218,千克,0,—,5718
48043900,其他未涂布牛皮纸，平...,315,奥地利,498008,千克,0,—,424993
48043900,其他未涂布牛皮纸，平...,327,波兰,464442,千克,0,—,425565
48043900,其他未涂布牛皮纸，平...,410,巴西,223757,千克,0,—,239576
48043900,其他未涂布牛皮纸，平...,501,加拿大,170014,千克,0,—,82313
48044100,其他未涂未漂白牛皮纸...,305,法国,220,千克,0,—,277
48044100,其他未涂未漂白牛皮纸...,307,意大利,24132,千克,0,—,27353
48044100,其他未涂未漂白牛皮纸...,309,荷兰,24808,千克,0,—,29149
48044100,其他未涂未漂白牛皮纸...,318,芬兰,89484,千克,0,—,85892
48044100,其他未涂未漂白牛皮纸...,327,波兰,205713,千克,0,—,120492
48044200,未涂布本体漂白牛皮纸...,318,芬兰,98104,千克,0,—,75766
48044900,其他未涂布的牛皮纸，...,244,南非,22443,千克,0,—,15757
48045900,其他未涂布的牛皮纸，...,318,芬兰,2274,千克,0,—,2092
48051100,半化学瓦楞原纸,318,芬兰,205032,千克,0,—,105599
48051900,其他瓦楞原纸,138,阿联酋,486720,千克,0,—,288469
48051900,其他瓦楞原纸,244,南非,802749,千克,0,—,231671
48051900,其他瓦楞原纸,301,比利时,130220,千克,0,—,56629
48051900,其他瓦楞原纸,305,法国,14786,千克,0,—,7300
48051900,其他瓦楞原纸,307,意大利,767100,千克,0,—,326965
48051900,其他瓦楞原纸,309,荷兰,35278,千克,0,—,17490
48051900,其他瓦楞原纸,312,西班牙,4417637,千克,0,—,2368015
48051900,其他瓦楞原纸,315,奥地利,1460,千克,0,—,717
48051900,其他瓦楞原纸,326,挪威,25462,千克,0,—,15022
48051900,其他瓦楞原纸,327,波兰,100486,千克,0,—,41199
48051900,其他瓦楞原纸,350,斯洛文尼亚,1520775,千克,0,—,836430
48051900,其他瓦楞原纸,501,加拿大,2919847,千克,0,—,1620063
48052400,强韧箱纸板（再生挂面...,137,土耳其,2088532,千克,0,—,1214899
48052400,强韧箱纸板（再生挂面...,244,南非,30761,千克,0,—,8832
48052400,强韧箱纸板（再生挂面...,305,法国,372086,千克,0,—,214978
48052400,强韧箱纸板（再生挂面...,307,意大利,618886,千克,0,—,258429
48052400,强韧箱纸板（再生挂面...,309,荷兰,169041,千克,0,—,84135
48052400,强韧箱纸板（再生挂面...,312,西班牙,5545449,千克,0,—,2926042
48052400,强韧箱纸板（再生挂面...,315,奥地利,164948,千克,0,—,86648
48052400,强韧箱纸板（再生挂面...,321,匈牙利,415325,千克,0,—,174959
48052400,强韧箱纸板（再生挂面...,327,波兰,1568403,千克,0,—,841252
48052400,强韧箱纸板（再生挂面...,501,加拿大,773121,千克,0,—,324941
48052500,强韧箱纸板（再生挂面...,244,南非,47505,千克,0,—,13640
48052500,强韧箱纸板（再生挂面...,305,法国,35548,千克,0,—,17468
48052500,强韧箱纸板（再生挂面...,307,意大利,178399,千克,0,—,75478
48052500,强韧箱纸板（再生挂面...,309,荷兰,106191,千克,0,—,54432
48052500,强韧箱纸板（再生挂面...,312,西班牙,844609,千克,0,—,392222
48052500,强韧箱纸板（再生挂面...,318,芬兰,193343,千克,0,—,113105
48052500,强韧箱纸板（再生挂面...,327,波兰,127540,千克,0,—,57018
48052500,强韧箱纸板（再生挂面...,501,加拿大,447975,千克,0,—,191843
48053000,亚硫酸盐包装纸,307,意大利,42729,千克,0,—,54470
48054000,滤纸及纸板,129,菲律宾,4,千克,0,—,259
48054000,滤纸及纸板,301,比利时,11930,千克,0,—,7179
48054000,滤纸及纸板,305,法国,564,千克,0,—,4445
48054000,滤纸及纸板,307,意大利,83397,千克,0,—,284915
48054000,滤纸及纸板,309,荷兰,10590,千克,0,—,8414
48054000,滤纸及纸板,312,西班牙,17360,千克,0,—,10589
48059110,电解电容器纸，每平米...,305,法国,9171,千克,0,—,93514
48059110,电解电容器纸，每平米...,318,芬兰,1683,千克,0,—,9587
48059190,其他未经涂布的纸及纸...,244,南非,4184,千克,0,—,1195
48059190,其他未经涂布的纸及纸...,301,比利时,847791,千克,0,—,393868
48059190,其他未经涂布的纸及纸...,305,法国,99059,千克,0,—,241575
48059190,其他未经涂布的纸及纸...,307,意大利,402,千克,0,—,3502
48059190,其他未经涂布的纸及纸...,309,荷兰,1255378,千克,0,—,715374
48059190,其他未经涂布的纸及纸...,312,西班牙,10830,千克,0,—,37408
48059190,其他未经涂布的纸及纸...,410,巴西,204226,千克,0,—,119579
48059190,其他未经涂布的纸及纸...,501,加拿大,19394120,千克,0,—,10618554
48059200,其他未涂布纸及纸板，...,301,比利时,24967,千克,0,—,9238
48059200,其他未涂布纸及纸板，...,309,荷兰,375674,千克,0,—,183386
48059200,其他未涂布纸及纸板，...,312,西班牙,13154,千克,0,—,44398
48059200,其他未涂布纸及纸板，...,501,加拿大,16727,千克,0,—,49951
48059300,其他未涂布纸及纸板，...,305,法国,1325,千克,0,—,4854
48059300,其他未涂布纸及纸板，...,307,意大利,724434,千克,0,—,316065
48059300,其他未涂布纸及纸板，...,309,荷兰,71818,千克,0,—,53560
48059300,其他未涂布纸及纸板，...,315,奥地利,129,千克,0,—,354
48059300,其他未涂布纸及纸板，...,318,芬兰,29780,千克,0,—,43776
48059300,其他未涂布纸及纸板，...,327,波兰,105,千克,0,—,5265
48061000,植物羊皮纸,305,法国,18500,千克,0,—,50125
48062000,防油纸,307,意大利,36588,千克,0,—,121126
48062000,防油纸,312,西班牙,5,千克,0,—,222
48062000,防油纸,318,芬兰,165435,千克,0,—,392907
48062000,防油纸,326,挪威,62804,千克,0,—,140467
48063000,描图纸,312,西班牙,574,千克,0,—,3834
48064000,半透明玻璃纸及其他高...,305,法国,489833,千克,0,—,812158
48064000,半透明玻璃纸及其他高...,307,意大利,151050,千克,0,—,234632
48064000,半透明玻璃纸及其他高...,318,芬兰,255712,千克,0,—,361665
48064000,半透明玻璃纸及其他高...,321,匈牙利,26272,千克,0,—,28895
48064000,半透明玻璃纸及其他高...,326,挪威,19920,千克,0,—,44359
48070000,成卷或成张的复合纸及...,305,法国,1182,千克,0,—,2559
48070000,成卷或成张的复合纸及...,309,荷兰,1498295,千克,0,—,968211
48070000,成卷或成张的复合纸及...,501,加拿大,400,千克,0,—,8897
48081000,瓦楞纸及纸板，不论是...,129,菲律宾,1,千克,0,—,10
48081000,瓦楞纸及纸板，不论是...,301,比利时,783864,千克,0,—,416279
48081000,瓦楞纸及纸板，不论是...,305,法国,429,千克,0,—,2645
48081000,瓦楞纸及纸板，不论是...,307,意大利,170,千克,0,—,3061
48081000,瓦楞纸及纸板，不论是...,309,荷兰,10,千克,0,—,50
48081000,瓦楞纸及纸板，不论是...,312,西班牙,394921,千克,0,—,199098
48081000,瓦楞纸及纸板，不论是...,321,匈牙利,0,千克,0,—,4
48081000,瓦楞纸及纸板，不论是...,327,波兰,1,千克,0,—,23
48081000,瓦楞纸及纸板，不论是...,501,加拿大,52797,千克,0,—,22702
48084000,皱纹牛皮纸，不论是否...,305,法国,455,千克,0,—,2937
48089000,其他皱纹纸及纸板、压...,305,法国,19583,千克,0,—,67068
48089000,其他皱纹纸及纸板、压...,307,意大利,60039,千克,0,—,320056
48089000,其他皱纹纸及纸板、压...,309,荷兰,50,千克,0,—,150
48099000,复写纸及其他拷贝或转...,307,意大利,546,千克,0,—,9945
48101300,高岭土及其他无机物涂...,301,比利时,442210,千克,0,—,263173
48101300,高岭土及其他无机物涂...,305,法国,1020380,千克,0,—,1369882
48101300,高岭土及其他无机物涂...,307,意大利,849247,千克,0,—,691108
48101300,高岭土及其他无机物涂...,309,荷兰,79200,千克,0,—,43690
48101300,高岭土及其他无机物涂...,315,奥地利,1107444,千克,0,—,1202555
48101300,高岭土及其他无机物涂...,318,芬兰,1697493,千克,0,—,1314606
48101300,高岭土及其他无机物涂...,350,斯洛文尼亚,292242,千克,0,—,331253
48101400,高岭土及其他无机物涂...,307,意大利,1548,千克,0,—,2785
48101400,高岭土及其他无机物涂...,315,奥地利,26,千克,0,—,344
48101900,其他高岭土及其他无机...,305,法国,77,千克,0,—,162
48101900,其他高岭土及其他无机...,307,意大利,1389128,千克,0,—,1175976
48101900,其他高岭土及其他无机...,309,荷兰,1115,千克,0,—,2057
48101900,其他高岭土及其他无机...,312,西班牙,11730,千克,0,—,65166
48101900,其他高岭土及其他无机...,315,奥地利,592341,千克,0,—,563323
48102200,高岭土及其他无机物涂...,309,荷兰,74664,千克,0,—,45681
48102200,高岭土及其他无机物涂...,318,芬兰,177927,千克,0,—,105264
48102200,高岭土及其他无机物涂...,501,加拿大,1565784,千克,0,—,881786
48102900,其他高岭土及其他无机...,301,比利时,83159,千克,0,—,60290
48102900,其他高岭土及其他无机...,307,意大利,60963,千克,0,—,76882
48102900,其他高岭土及其他无机...,312,西班牙,50,千克,0,—,869
48102900,其他高岭土及其他无机...,318,芬兰,3279686,千克,0,—,3163661
48102900,其他高岭土及其他无机...,410,巴西,21470,千克,0,—,12452
48102900,其他高岭土及其他无机...,501,加拿大,284216,千克,0,—,147824
48103100,高岭土及其他无机物涂...,305,法国,80084,千克,0,—,161844
48103100,高岭土及其他无机物涂...,307,意大利,136004,千克,0,—,265403
48103100,高岭土及其他无机物涂...,312,西班牙,5263,千克,0,—,9091
48103100,高岭土及其他无机物涂...,315,奥地利,208883,千克,0,—,159365
48103100,高岭土及其他无机物涂...,318,芬兰,142993,千克,0,—,193964
48103200,高岭土及其他无机物涂...,307,意大利,94320,千克,0,—,182945
48103200,高岭土及其他无机物涂...,312,西班牙,73,千克,0,—,87
48103200,高岭土及其他无机物涂...,315,奥地利,63,千克,0,—,53
48103200,高岭土及其他无机物涂...,318,芬兰,640877,千克,0,—,665063
48103200,高岭土及其他无机物涂...,501,加拿大,17440,千克,0,—,9592
48103900,其他涂布高岭土或其他...,312,西班牙,195340,千克,0,—,82042
48103900,其他涂布高岭土或其他...,318,芬兰,108815,千克,0,—,115887
48103900,其他涂布高岭土或其他...,410,巴西,2121596,千克,0,—,2363902
48109200,涂布高岭土或其他无机...,305,法国,50,千克,0,—,2173
48109200,涂布高岭土或其他无机...,307,意大利,82,千克,0,—,270
48109200,涂布高岭土或其他无机...,315,奥地利,305096,千克,0,—,217533
48109200,涂布高岭土或其他无机...,318,芬兰,105668,千克,0,—,122212
48109200,涂布高岭土或其他无机...,410,巴西,558371,千克,0,—,632242
48109900,未列名涂布高岭土或其...,306,爱尔兰,145,千克,0,—,571
48109900,未列名涂布高岭土或其...,307,意大利,1439,千克,0,—,5695
48109900,未列名涂布高岭土或其...,318,芬兰,2490,千克,0,—,3709
48111000,成卷或成张矩形焦油纸...,315,奥地利,892,千克,0,—,59498
48114100,成卷或成张矩形的任何...,137,土耳其,65,千克,0,—,255
48114100,成卷或成张矩形的任何...,301,比利时,28,千克,0,—,440
48114100,成卷或成张矩形的任何...,305,法国,2598,千克,0,—,40446
48114100,成卷或成张矩形的任何...,306,爱尔兰,241,千克,0,—,18686
48114100,成卷或成张矩形的任何...,307,意大利,11691,千克,0,—,86380
48114100,成卷或成张矩形的任何...,309,荷兰,1197,千克,0,—,8201
48114100,成卷或成张矩形的任何...,310,希腊,100,千克,0,—,103
48114100,成卷或成张矩形的任何...,312,西班牙,386,千克,0,—,9714
48114100,成卷或成张矩形的任何...,315,奥地利,0,千克,0,—,4
48114100,成卷或成张矩形的任何...,318,芬兰,15989,千克,0,—,105312
48114100,成卷或成张矩形的任何...,321,匈牙利,21,千克,0,—,4235
48114100,成卷或成张矩形的任何...,327,波兰,510,千克,0,—,17496
48114100,成卷或成张矩形的任何...,410,巴西,1,千克,0,—,1796
48114100,成卷或成张矩形的任何...,415,哥斯达黎加,6,千克,0,—,992
48114100,成卷或成张矩形的任何...,429,墨西哥,162,千克,0,—,224
48114100,成卷或成张矩形的任何...,501,加拿大,35415,千克,0,—,273110
48114900,成卷或成张矩形的其他...,305,法国,15189,千克,0,—,91136
48114900,成卷或成张矩形的其他...,307,意大利,6337,千克,0,—,28180
48115110,彩色相纸用双面涂塑纸...,309,荷兰,3,千克,0,—,54
48115110,彩色相纸用双面涂塑纸...,312,西班牙,6,千克,0,—,151
48115199,其他用塑料（不包括黏...,306,爱尔兰,11,千克,0,—,534
48115199,其他用塑料（不包括黏...,307,意大利,458003,千克,0,—,1896955
48115199,其他用塑料（不包括黏...,318,芬兰,27181,千克,0,—,45816
48115910,其他用塑料涂布、浸渍...,307,意大利,20932,千克,0,—,16745
48115910,其他用塑料涂布、浸渍...,312,西班牙,941,千克,0,—,18163
48115910,其他用塑料涂布、浸渍...,315,奥地利,162,千克,0,—,8722
48115910,其他用塑料涂布、浸渍...,327,波兰,6,千克,0,—,533
48115999,未列名用塑料(不包括...,137,土耳其,52359,千克,0,—,131009
48115999,未列名用塑料(不包括...,305,法国,203714,千克,0,—,551823
48115999,未列名用塑料(不包括...,306,爱尔兰,1721,千克,0,—,23737
48115999,未列名用塑料(不包括...,307,意大利,87309,千克,0,—,391491
48115999,未列名用塑料(不包括...,309,荷兰,111950,千克,0,—,227829
48115999,未列名用塑料(不包括...,312,西班牙,75,千克,0,—,475
48115999,未列名用塑料(不包括...,315,奥地利,15,千克,0,—,143
48115999,未列名用塑料(不包括...,318,芬兰,56549,千克,0,—,104646
48115999,未列名用塑料(不包括...,321,匈牙利,7633,千克,0,—,54914
48115999,未列名用塑料(不包括...,327,波兰,166321,千克,0,—,799581
48115999,未列名用塑料(不包括...,429,墨西哥,23045,千克,0,—,71793
48115999,未列名用塑料(不包括...,501,加拿大,18296,千克,0,—,69397
48116010,用蜡、石蜡、硬脂精、...,305,法国,654,千克,0,—,2252
48116010,用蜡、石蜡、硬脂精、...,309,荷兰,28380,千克,0,—,14744
48116010,用蜡、石蜡、硬脂精、...,327,波兰,115,千克,0,—,3092
48116090,其他用蜡、石蜡、硬脂...,301,比利时,254,千克,0,—,3263
48116090,其他用蜡、石蜡、硬脂...,305,法国,274,千克,0,—,2091
48116090,其他用蜡、石蜡、硬脂...,318,芬兰,286987,千克,0,—,628880
48119000,未列名成卷成张矩形浸...,137,土耳其,0,千克,0,—,894
48119000,未列名成卷成张矩形浸...,138,阿联酋,170,千克,0,—,8632
48119000,未列名成卷成张矩形浸...,301,比利时,1071,千克,0,—,13381
48119000,未列名成卷成张矩形浸...,305,法国,942289,千克,0,—,2624687
48119000,未列名成卷成张矩形浸...,307,意大利,419126,千克,0,—,942453
48119000,未列名成卷成张矩形浸...,309,荷兰,10999,千克,0,—,36638
48119000,未列名成卷成张矩形浸...,312,西班牙,14094,千克,0,—,108839
48119000,未列名成卷成张矩形浸...,315,奥地利,81985,千克,0,—,42517
48119000,未列名成卷成张矩形浸...,318,芬兰,122887,千克,0,—,91456
48119000,未列名成卷成张矩形浸...,327,波兰,20192,千克,0,—,239780
48119000,未列名成卷成张矩形浸...,350,斯洛文尼亚,16937,千克,0,—,99755
48119000,未列名成卷成张矩形浸...,410,巴西,764,千克,0,—,7773
48119000,未列名成卷成张矩形浸...,501,加拿大,15,千克,0,—,14054
48120000,纸浆制的滤块、滤板及...,305,法国,80,千克,0,—,980
48120000,纸浆制的滤块、滤板及...,312,西班牙,169,千克,0,—,5891
48120000,纸浆制的滤块、滤板及...,410,巴西,1,千克,0,—,820
48132000,宽度≤5cm成卷的卷...,305,法国,253420,千克,0,—,827765
48132000,宽度≤5cm成卷的卷...,315,奥地利,308016,千克,0,—,925975
48139000,其他卷烟纸，不论是否...,305,法国,117280,千克,0,—,333850
48139000,其他卷烟纸，不论是否...,315,奥地利,479139,千克,0,—,1951150
48142000,用塑料涂面或盖面的壁...,137,土耳其,86,千克,0,—,6986
48142000,用塑料涂面或盖面的壁...,301,比利时,3934,千克,0,—,46493
48142000,用塑料涂面或盖面的壁...,305,法国,1408,千克,0,—,100683
48142000,用塑料涂面或盖面的壁...,307,意大利,14258,千克,0,—,212202
48142000,用塑料涂面或盖面的壁...,309,荷兰,1407,千克,0,—,16854
48142000,用塑料涂面或盖面的壁...,312,西班牙,34,千克,0,—,896
48142000,用塑料涂面或盖面的壁...,327,波兰,10,千克,0,—,188
48149000,其他壁纸及类似品；窗...,129,菲律宾,24,千克,0,—,4101
48149000,其他壁纸及类似品；窗...,301,比利时,1364,千克,0,—,37073
48149000,其他壁纸及类似品；窗...,305,法国,20,千克,0,—,1656
48149000,其他壁纸及类似品；窗...,307,意大利,308,千克,0,—,15938
48149000,其他壁纸及类似品；窗...,309,荷兰,85,千克,0,—,1912
48169010,热敏转印纸（4809...,305,法国,65,千克,0,—,4726
48169010,热敏转印纸（4809...,307,意大利,74,千克,0,—,929
48169010,热敏转印纸（4809...,315,奥地利,17,千克,0,—,114
48169010,热敏转印纸（4809...,501,加拿大,1,千克,0,—,53
48169090,复写纸、拷贝或转印纸...,307,意大利,45,千克,0,—,736
48171000,纸或纸板制的信封,138,阿联酋,3,千克,0,—,16
48171000,纸或纸板制的信封,305,法国,2746,千克,0,—,49153
48171000,纸或纸板制的信封,307,意大利,773,千克,0,—,27429
48171000,纸或纸板制的信封,309,荷兰,408,千克,0,—,3428
48171000,纸或纸板制的信封,501,加拿大,74,千克,0,—,1140
48172000,纸或纸板制封缄信片、...,305,法国,31,千克,0,—,1298
48172000,纸或纸板制封缄信片、...,307,意大利,1,千克,0,—,199
48172000,纸或纸板制封缄信片、...,315,奥地利,11,千克,0,—,37
48173000,纸或纸板制盒、袋及夹...,301,比利时,3,千克,0,—,25
48173000,纸或纸板制盒、袋及夹...,305,法国,20,千克,0,—,929
48173000,纸或纸板制盒、袋及夹...,307,意大利,22,千克,0,—,341
48173000,纸或纸板制盒、袋及夹...,309,荷兰,1,千克,0,—,31
48173000,纸或纸板制盒、袋及夹...,315,奥地利,0,千克,0,—,1
48173000,纸或纸板制盒、袋及夹...,327,波兰,45,千克,0,—,88
48181000,卫生纸,137,土耳其,27,千克,0,—,46
48181000,卫生纸,305,法国,3159,千克,0,—,7761
48181000,卫生纸,315,奥地利,41,千克,0,—,56
48182000,纸手帕及面巾纸,137,土耳其,68,千克,0,—,378
48182000,纸手帕及面巾纸,327,波兰,92,千克,0,—,1240
48182000,纸手帕及面巾纸,429,墨西哥,1789,千克,0,—,8379
48183000,纸台布及纸餐巾,137,土耳其,22411,千克,0,—,23306
48183000,纸台布及纸餐巾,301,比利时,25,千克,0,—,395
48183000,纸台布及纸餐巾,307,意大利,24984,千克,0,—,69305
48183000,纸台布及纸餐巾,310,希腊,3,千克,0,—,15
48183000,纸台布及纸餐巾,312,西班牙,4,千克,0,—,36
48183000,纸台布及纸餐巾,316,保加利亚,12,千克,0,—,14
48185000,纸浆、纸、纤维素絮纸...,307,意大利,1,千克,0,—,854
48189000,纸浆、纸等制的其他家...,305,法国,23506,千克,0,—,53430
48189000,纸浆、纸等制的其他家...,307,意大利,65,千克,0,—,251
48189000,纸浆、纸等制的其他家...,309,荷兰,0,千克,0,—,121
48189000,纸浆、纸等制的其他家...,429,墨西哥,10815,千克,0,—,41895
48189000,纸浆、纸等制的其他家...,501,加拿大,54,千克,0,—,870
48191000,瓦楞纸或纸板制的箱、...,129,菲律宾,13853,千克,0,—,17379
48191000,瓦楞纸或纸板制的箱、...,137,土耳其,1629,千克,0,—,27192
48191000,瓦楞纸或纸板制的箱、...,138,阿联酋,8,千克,0,—,4
48191000,瓦楞纸或纸板制的箱、...,227,马达加斯加,0,千克,0,—,39
48191000,瓦楞纸或纸板制的箱、...,244,南非,116,千克,0,—,84
48191000,瓦楞纸或纸板制的箱、...,301,比利时,2616,千克,0,—,8598
48191000,瓦楞纸或纸板制的箱、...,305,法国,41713,千克,0,—,778037
48191000,瓦楞纸或纸板制的箱、...,306,爱尔兰,100,千克,0,—,151
48191000,瓦楞纸或纸板制的箱、...,307,意大利,13741,千克,0,—,84882
48191000,瓦楞纸或纸板制的箱、...,309,荷兰,1457,千克,0,—,25889
48191000,瓦楞纸或纸板制的箱、...,310,希腊,32,千克,0,—,177
48191000,瓦楞纸或纸板制的箱、...,312,西班牙,192,千克,0,—,2587
48191000,瓦楞纸或纸板制的箱、...,313,阿尔巴尼亚,17,千克,0,—,1606
48191000,瓦楞纸或纸板制的箱、...,315,奥地利,2081,千克,0,—,21252
48191000,瓦楞纸或纸板制的箱、...,316,保加利亚,203,千克,0,—,589
48191000,瓦楞纸或纸板制的箱、...,318,芬兰,2,千克,0,—,148
48191000,瓦楞纸或纸板制的箱、...,321,匈牙利,90,千克,0,—,507
48191000,瓦楞纸或纸板制的箱、...,327,波兰,18,千克,0,—,1532
48191000,瓦楞纸或纸板制的箱、...,336,立陶宛,0,千克,0,—,5
48191000,瓦楞纸或纸板制的箱、...,429,墨西哥,159,千克,0,—,839
48191000,瓦楞纸或纸板制的箱、...,435,波多黎各,2,千克,0,—,2
48191000,瓦楞纸或纸板制的箱、...,699,大洋洲其他国家(地区),1,千克,0,—,33
48192000,非瓦楞纸或纸板制的可...,129,菲律宾,206,千克,0,—,621
48192000,非瓦楞纸或纸板制的可...,137,土耳其,3995,千克,0,—,23857
48192000,非瓦楞纸或纸板制的可...,138,阿联酋,24,千克,0,—,112
48192000,非瓦楞纸或纸板制的可...,244,南非,24,千克,0,—,314
48192000,非瓦楞纸或纸板制的可...,301,比利时,293,千克,0,—,4684
48192000,非瓦楞纸或纸板制的可...,305,法国,22926,千克,0,—,303715
48192000,非瓦楞纸或纸板制的可...,307,意大利,42497,千克,0,—,366589
48192000,非瓦楞纸或纸板制的可...,309,荷兰,1490,千克,0,—,51011
48192000,非瓦楞纸或纸板制的可...,312,西班牙,100,千克,0,—,5106
48192000,非瓦楞纸或纸板制的可...,313,阿尔巴尼亚,1060,千克,0,—,13468
48192000,非瓦楞纸或纸板制的可...,315,奥地利,49663,千克,0,—,127457
48192000,非瓦楞纸或纸板制的可...,316,保加利亚,2,千克,0,—,129
48192000,非瓦楞纸或纸板制的可...,318,芬兰,94479,千克,0,—,181200
48192000,非瓦楞纸或纸板制的可...,321,匈牙利,160,千克,0,—,1117
48192000,非瓦楞纸或纸板制的可...,326,挪威,8,千克,0,—,764
48192000,非瓦楞纸或纸板制的可...,327,波兰,446,千克,0,—,17195
48192000,非瓦楞纸或纸板制的可...,429,墨西哥,83,千克,0,—,2470
48192000,非瓦楞纸或纸板制的可...,501,加拿大,4,千克,0,—,527
48193000,底宽≥40cm的纸袋,307,意大利,32843,千克,0,—,82650
48193000,底宽≥40cm的纸袋,312,西班牙,0,千克,0,—,88
48193000,底宽≥40cm的纸袋,313,阿尔巴尼亚,2,千克,0,—,146
48194000,其他纸袋，包括锥形袋,137,土耳其,2127,千克,0,—,17554
48194000,其他纸袋，包括锥形袋,138,阿联酋,44,千克,0,—,30
48194000,其他纸袋，包括锥形袋,301,比利时,3093,千克,0,—,29089
48194000,其他纸袋，包括锥形袋,305,法国,1819,千克,0,—,38630
48194000,其他纸袋，包括锥形袋,307,意大利,37314,千克,0,—,552663
48194000,其他纸袋，包括锥形袋,310,希腊,3,千克,0,—,178
48194000,其他纸袋，包括锥形袋,312,西班牙,3096,千克,0,—,38990
48194000,其他纸袋，包括锥形袋,313,阿尔巴尼亚,3071,千克,0,—,54954
48194000,其他纸袋，包括锥形袋,315,奥地利,42,千克,0,—,1348
48194000,其他纸袋，包括锥形袋,316,保加利亚,82,千克,0,—,823
48194000,其他纸袋，包括锥形袋,318,芬兰,2058,千克,0,—,29781
48194000,其他纸袋，包括锥形袋,321,匈牙利,6541,千克,0,—,110478
48194000,其他纸袋，包括锥形袋,501,加拿大,3,千克,0,—,40
48195000,纸、纸板制其他包装容...,305,法国,2400,千克,0,—,31648
48195000,纸、纸板制其他包装容...,307,意大利,131,千克,0,—,6604
48195000,纸、纸板制其他包装容...,309,荷兰,88,千克,0,—,289
48195000,纸、纸板制其他包装容...,318,芬兰,1663,千克,0,—,11906
48195000,纸、纸板制其他包装容...,321,匈牙利,27,千克,0,—,429
48196000,纸或纸板制的卷宗盒、...,305,法国,4,千克,0,—,598
48196000,纸或纸板制的卷宗盒、...,336,立陶宛,9734,千克,0,—,33149
48201000,帐本、笔记本、收据本...,127,巴基斯坦,0,千克,0,—,58
48201000,帐本、笔记本、收据本...,137,土耳其,9,千克,0,—,578
48201000,帐本、笔记本、收据本...,301,比利时,6,千克,0,—,4168
48201000,帐本、笔记本、收据本...,305,法国,236,千克,0,—,22143
48201000,帐本、笔记本、收据本...,307,意大利,853,千克,0,—,61213
48201000,帐本、笔记本、收据本...,309,荷兰,46,千克,0,—,1322
48201000,帐本、笔记本、收据本...,310,希腊,114,千克,0,—,152
48201000,帐本、笔记本、收据本...,312,西班牙,164,千克,0,—,4704
48201000,帐本、笔记本、收据本...,315,奥地利,93,千克,0,—,582
48201000,帐本、笔记本、收据本...,326,挪威,2,千克,0,—,294
48201000,帐本、笔记本、收据本...,327,波兰,7,千克,0,—,110
48201000,帐本、笔记本、收据本...,336,立陶宛,10547,千克,0,—,25737
48201000,帐本、笔记本、收据本...,501,加拿大,2,千克,0,—,267
48202000,练习本,305,法国,13582,千克,0,—,55376
48202000,练习本,307,意大利,491,千克,0,—,9608
48202000,练习本,309,荷兰,8,千克,0,—,164
48202000,练习本,312,西班牙,15,千克,0,—,1
48203000,纸或纸板制的活动封面...,305,法国,60,千克,0,—,1840
48203000,纸或纸板制的活动封面...,307,意大利,267,千克,0,—,11146
48204000,多联商业表格纸、页间...,307,意大利,9,千克,0,—,759
48205000,纸或纸板制的样品簿及...,301,比利时,100,千克,0,—,4083
48205000,纸或纸板制的样品簿及...,305,法国,270,千克,0,—,1485
48205000,纸或纸板制的样品簿及...,307,意大利,25,千克,0,—,33
48209000,纸或纸板制的其他文具...,305,法国,3,千克,0,—,234
48209000,纸或纸板制的其他文具...,307,意大利,10472,千克,0,—,15371
48209000,纸或纸板制的其他文具...,312,西班牙,5,千克,0,—,51
48211000,纸或纸板制的各种标签...,129,菲律宾,18,千克,0,—,611
48211000,纸或纸板制的各种标签...,137,土耳其,635,千克,0,—,14254
48211000,纸或纸板制的各种标签...,138,阿联酋,33,千克,0,—,514
48211000,纸或纸板制的各种标签...,244,南非,4,千克,0,—,2112
48211000,纸或纸板制的各种标签...,301,比利时,5004,千克,0,—,69221
48211000,纸或纸板制的各种标签...,305,法国,11357,千克,0,—,120722
48211000,纸或纸板制的各种标签...,306,爱尔兰,7196,千克,0,—,97085
48211000,纸或纸板制的各种标签...,307,意大利,6550,千克,0,—,198494
48211000,纸或纸板制的各种标签...,309,荷兰,550,千克,0,—,19770
48211000,纸或纸板制的各种标签...,312,西班牙,1402,千克,0,—,29825
48211000,纸或纸板制的各种标签...,315,奥地利,136,千克,0,—,17388
48211000,纸或纸板制的各种标签...,316,保加利亚,12,千克,0,—,337
48211000,纸或纸板制的各种标签...,318,芬兰,219,千克,0,—,18500
48211000,纸或纸板制的各种标签...,321,匈牙利,259,千克,0,—,102120
48211000,纸或纸板制的各种标签...,326,挪威,0,千克,0,—,1
48211000,纸或纸板制的各种标签...,327,波兰,752,千克,0,—,11017
48211000,纸或纸板制的各种标签...,336,立陶宛,122,千克,0,—,1064
48211000,纸或纸板制的各种标签...,340,白俄罗斯,7,千克,0,—,177
48211000,纸或纸板制的各种标签...,350,斯洛文尼亚,184,千克,0,—,3932
48211000,纸或纸板制的各种标签...,410,巴西,244,千克,0,—,14619
48211000,纸或纸板制的各种标签...,415,哥斯达黎加,16,千克,0,—,3944
48211000,纸或纸板制的各种标签...,429,墨西哥,31,千克,0,—,4560
48211000,纸或纸板制的各种标签...,501,加拿大,2271,千克,0,—,81685
48219000,纸或纸板制的各种标签...,129,菲律宾,3,千克,0,—,126
48219000,纸或纸板制的各种标签...,244,南非,8,千克,0,—,157
48219000,纸或纸板制的各种标签...,301,比利时,1958,千克,0,—,84273
48219000,纸或纸板制的各种标签...,305,法国,13,千克,0,—,1900
48219000,纸或纸板制的各种标签...,307,意大利,1213,千克,0,—,12927
48219000,纸或纸板制的各种标签...,309,荷兰,123,千克,0,—,14441
48219000,纸或纸板制的各种标签...,312,西班牙,486,千克,0,—,6472
48219000,纸或纸板制的各种标签...,315,奥地利,203,千克,0,—,6039
48219000,纸或纸板制的各种标签...,316,保加利亚,0,千克,0,—,201
48219000,纸或纸板制的各种标签...,327,波兰,67,千克,0,—,829
48219000,纸或纸板制的各种标签...,415,哥斯达黎加,32,千克,0,—,11541
48219000,纸或纸板制的各种标签...,429,墨西哥,51,千克,0,—,3370
48219000,纸或纸板制的各种标签...,501,加拿大,208,千克,0,—,23570
48229000,其他纸制筒管、卷轴、...,305,法国,2300,千克,0,—,5127
48229000,其他纸制筒管、卷轴、...,307,意大利,501,千克,0,—,5037
48229000,其他纸制筒管、卷轴、...,309,荷兰,3834,千克,0,—,13616
48229000,其他纸制筒管、卷轴、...,315,奥地利,3,千克,0,—,697
48229000,其他纸制筒管、卷轴、...,327,波兰,126,千克,0,—,504
48232000,切成一定尺寸或形状的...,137,土耳其,2,千克,0,—,128
48232000,切成一定尺寸或形状的...,301,比利时,51,千克,0,—,1819
48232000,切成一定尺寸或形状的...,305,法国,46,千克,0,—,12295
48232000,切成一定尺寸或形状的...,306,爱尔兰,22,千克,0,—,3269
48232000,切成一定尺寸或形状的...,307,意大利,11463,千克,0,—,71177
48232000,切成一定尺寸或形状的...,309,荷兰,3092,千克,0,—,23637
48232000,切成一定尺寸或形状的...,312,西班牙,5101,千克,0,—,42002
48232000,切成一定尺寸或形状的...,318,芬兰,1,千克,0,—,26
48232000,切成一定尺寸或形状的...,321,匈牙利,18,千克,0,—,2874
48232000,切成一定尺寸或形状的...,327,波兰,68,千克,0,—,4860
48232000,切成一定尺寸或形状的...,429,墨西哥,15,千克,0,—,294
48232000,切成一定尺寸或形状的...,501,加拿大,7993,千克,0,—,29377
48234000,已印制的自动记录器用...,305,法国,161,千克,0,—,9526
48234000,已印制的自动记录器用...,307,意大利,18,千克,0,—,2535
48234000,已印制的自动记录器用...,501,加拿大,3,千克,0,—,1832
48236990,未列名纸或纸板制的盘...,305,法国,8,千克,0,—,86
48236990,未列名纸或纸板制的盘...,307,意大利,15,千克,0,—,268
48236990,未列名纸或纸板制的盘...,316,保加利亚,10301,千克,0,—,77492
48237000,压制或模制纸浆制品,305,法国,6481,千克,0,—,15609
48237000,压制或模制纸浆制品,307,意大利,191,千克,0,—,1402
48237000,压制或模制纸浆制品,429,墨西哥,0,千克,0,—,113
48239010,以纸或纸板为底制成的...,501,加拿大,2,千克,0,—,3806
48239030,纸扇,305,法国,1,千克,0,—,48
48239030,纸扇,312,西班牙,0,千克,0,—,98
48239090,未列名切成形的纸、纸...,129,菲律宾,2001,千克,0,—,13384
48239090,未列名切成形的纸、纸...,137,土耳其,227,千克,0,—,1636
48239090,未列名切成形的纸、纸...,138,阿联酋,469,千克,0,—,218
48239090,未列名切成形的纸、纸...,244,南非,250255,千克,0,—,1922384
48239090,未列名切成形的纸、纸...,301,比利时,12179,千克,0,—,215761
48239090,未列名切成形的纸、纸...,305,法国,16591,千克,0,—,273679
48239090,未列名切成形的纸、纸...,306,爱尔兰,84,千克,0,—,2654
48239090,未列名切成形的纸、纸...,307,意大利,5304,千克,0,—,141183
48239090,未列名切成形的纸、纸...,309,荷兰,189781,千克,0,—,159163
48239090,未列名切成形的纸、纸...,310,希腊,74,千克,0,—,772
48239090,未列名切成形的纸、纸...,312,西班牙,16594,千克,0,—,119933
48239090,未列名切成形的纸、纸...,315,奥地利,9739,千克,0,—,133736
48239090,未列名切成形的纸、纸...,316,保加利亚,3,千克,0,—,75
48239090,未列名切成形的纸、纸...,318,芬兰,5747,千克,0,—,80786
48239090,未列名切成形的纸、纸...,321,匈牙利,2,千克,0,—,205
48239090,未列名切成形的纸、纸...,326,挪威,1,千克,0,—,845
48239090,未列名切成形的纸、纸...,327,波兰,2712,千克,0,—,17378
48239090,未列名切成形的纸、纸...,336,立陶宛,334,千克,0,—,1535
48239090,未列名切成形的纸、纸...,350,斯洛文尼亚,992,千克,0,—,12736
48239090,未列名切成形的纸、纸...,410,巴西,0,千克,0,—,106
48239090,未列名切成形的纸、纸...,415,哥斯达黎加,0,千克,0,—,275
48239090,未列名切成形的纸、纸...,429,墨西哥,0,千克,0,—,98
48239090,未列名切成形的纸、纸...,501,加拿大,91019,千克,0,—,46898
49011000,单张的散页印刷品及类...,224,肯尼亚,4,千克,0,—,33
49011000,单张的散页印刷品及类...,233,莫桑比克,189,千克,0,—,1986
49011000,单张的散页印刷品及类...,305,法国,30,千克,0,—,1005
49011000,单张的散页印刷品及类...,306,爱尔兰,0,千克,0,—,2530
49011000,单张的散页印刷品及类...,307,意大利,70,千克,0,—,2735
49011000,单张的散页印刷品及类...,309,荷兰,2,千克,0,—,53
49011000,单张的散页印刷品及类...,315,奥地利,13,千克,0,—,582
49011000,单张的散页印刷品及类...,321,匈牙利,5,千克,0,—,330
49019100,字典或百科全书及其连...,305,法国,186,千克,0,—,1172
49019900,其他书籍、小册子及类...,118,科威特,561,千克,0,—,1293
49019900,其他书籍、小册子及类...,138,阿联酋,185,千克,0,—,3160
49019900,其他书籍、小册子及类...,301,比利时,47,千克,0,—,1891
49019900,其他书籍、小册子及类...,305,法国,4582,千克,0,—,182510
49019900,其他书籍、小册子及类...,307,意大利,3950,千克,0,—,123605
49019900,其他书籍、小册子及类...,309,荷兰,790,千克,0,—,22132
49019900,其他书籍、小册子及类...,310,希腊,28324,千克,0,—,223473
49019900,其他书籍、小册子及类...,312,西班牙,289,千克,0,—,7875
49019900,其他书籍、小册子及类...,313,阿尔巴尼亚,22,千克,0,—,225
49019900,其他书籍、小册子及类...,315,奥地利,65,千克,0,—,873
49019900,其他书籍、小册子及类...,321,匈牙利,104,千克,0,—,3952
49019900,其他书籍、小册子及类...,429,墨西哥,478,千克,0,—,5603
49019900,其他书籍、小册子及类...,501,加拿大,2279,千克,0,—,59851
49021000,每周至少出版四次的报...,307,意大利,119,千克,0,—,10936
49029000,其他报纸、杂志及期刊,305,法国,161,千克,0,—,3993
49029000,其他报纸、杂志及期刊,307,意大利,1680,千克,0,—,39904
49029000,其他报纸、杂志及期刊,309,荷兰,41,千克,0,—,794
49030000,儿童图画书、绘画或涂...,307,意大利,465,千克,0,—,4845
49059100,成册的地图、水道图及...,307,意大利,159,千克,0,—,128
49059900,其他地图、水道图及类...,309,荷兰,10,千克,0,—,131
49060000,手绘的设计图纸原稿和...,108,塞浦路斯,114,千克,0,—,2216
49060000,手绘的设计图纸原稿和...,307,意大利,0,千克,0,—,530
49060000,手绘的设计图纸原稿和...,309,荷兰,1,千克,0,—,49
49060000,手绘的设计图纸原稿和...,310,希腊,20,千克,0,—,1421
49060000,手绘的设计图纸原稿和...,318,芬兰,239,千克,0,—,2254
49070010,在承认或将承认其面值...,501,加拿大,3,千克,0,—,1871
49070090,承认国流通新发行未用...,301,比利时,7,千克,0,—,161241
49070090,承认国流通新发行未用...,305,法国,31,千克,0,—,900548
49070090,承认国流通新发行未用...,306,爱尔兰,74,千克,0,—,9540666
49070090,承认国流通新发行未用...,307,意大利,2,千克,0,—,345695
49070090,承认国流通新发行未用...,309,荷兰,3,千克,0,—,120479
49070090,承认国流通新发行未用...,315,奥地利,14,千克,0,—,378842
49070090,承认国流通新发行未用...,316,保加利亚,0,千克,0,—,26893
49070090,承认国流通新发行未用...,318,芬兰,0,千克,0,—,1794
49070090,承认国流通新发行未用...,321,匈牙利,0,千克,0,—,50
49070090,承认国流通新发行未用...,326,挪威,0,千克,0,—,454118
49070090,承认国流通新发行未用...,327,波兰,0,千克,0,—,13025
49070090,承认国流通新发行未用...,429,墨西哥,7,千克,0,—,457830
49070090,承认国流通新发行未用...,435,波多黎各,11,千克,0,—,48316
49070090,承认国流通新发行未用...,501,加拿大,4,千克,0,—,682334
49081000,釉转印贴花纸（移画印...,307,意大利,289,千克,0,—,8381
49081000,釉转印贴花纸（移画印...,326,挪威,13,千克,0,—,2544
49089000,其他转印贴花纸（移画...,301,比利时,1,千克,0,—,106
49089000,其他转印贴花纸（移画...,305,法国,7903,千克,0,—,384899
49089000,其他转印贴花纸（移画...,307,意大利,9023,千克,0,—,222326
49089000,其他转印贴花纸（移画...,309,荷兰,2786,千克,0,—,32670
49089000,其他转印贴花纸（移画...,312,西班牙,14,千克,0,—,2030
49089000,其他转印贴花纸（移画...,315,奥地利,44,千克,0,—,13435
49089000,其他转印贴花纸（移画...,326,挪威,0,千克,0,—,18
49089000,其他转印贴花纸（移画...,327,波兰,20,千克,0,—,4684
49089000,其他转印贴花纸（移画...,336,立陶宛,148,千克,0,—,49440
49089000,其他转印贴花纸（移画...,429,墨西哥,90,千克,0,—,17615
49089000,其他转印贴花纸（移画...,501,加拿大,82,千克,0,—,6689
49090010,印刷或有图画的明信片,305,法国,53,千克,0,—,2275
49090010,印刷或有图画的明信片,307,意大利,0,千克,0,—,793
49090010,印刷或有图画的明信片,318,芬兰,9,千克,0,—,979
49090090,印有个人问候、祝贺、...,301,比利时,10,千克,0,—,35
49090090,印有个人问候、祝贺、...,305,法国,751,千克,0,—,58630
49090090,印有个人问候、祝贺、...,307,意大利,673,千克,0,—,46376
49090090,印有个人问候、祝贺、...,315,奥地利,108,千克,0,—,695
49090090,印有个人问候、祝贺、...,501,加拿大,318,千克,0,—,5004
49100000,印刷的各种日历，包括...,307,意大利,20,千克,0,—,69
49100000,印刷的各种日历，包括...,312,西班牙,0,千克,0,—,10
49111010,无商业价值的商业广告...,129,菲律宾,45,千克,0,—,94
49111010,无商业价值的商业广告...,137,土耳其,244,千克,0,—,8984
49111010,无商业价值的商业广告...,138,阿联酋,120,千克,0,—,780
49111010,无商业价值的商业广告...,301,比利时,6219,千克,0,—,9782
49111010,无商业价值的商业广告...,305,法国,1947,千克,0,—,35954
49111010,无商业价值的商业广告...,306,爱尔兰,6,千克,0,—,3165
49111010,无商业价值的商业广告...,307,意大利,20644,千克,0,—,200939
49111010,无商业价值的商业广告...,309,荷兰,142,千克,0,—,1495
49111010,无商业价值的商业广告...,310,希腊,217,千克,0,—,2829
49111010,无商业价值的商业广告...,312,西班牙,616,千克,0,—,15007
49111010,无商业价值的商业广告...,315,奥地利,1325,千克,0,—,13323
49111010,无商业价值的商业广告...,318,芬兰,496,千克,0,—,7795
49111010,无商业价值的商业广告...,321,匈牙利,550,千克,0,—,2548
49111010,无商业价值的商业广告...,326,挪威,95,千克,0,—,1395
49111010,无商业价值的商业广告...,327,波兰,106,千克,0,—,1838
49111010,无商业价值的商业广告...,350,斯洛文尼亚,35,千克,0,—,635
49111010,无商业价值的商业广告...,410,巴西,14,千克,0,—,1083
49111010,无商业价值的商业广告...,429,墨西哥,0,千克,0,—,3
49111010,无商业价值的商业广告...,435,波多黎各,5,千克,0,—,169
49111010,无商业价值的商业广告...,501,加拿大,1253,千克,0,—,13249
49111090,其他商业广告品、商品...,137,土耳其,41,千克,0,—,2451
49111090,其他商业广告品、商品...,301,比利时,809,千克,0,—,18402
49111090,其他商业广告品、商品...,305,法国,7623,千克,0,—,179481
49111090,其他商业广告品、商品...,306,爱尔兰,5,千克,0,—,198
49111090,其他商业广告品、商品...,307,意大利,15742,千克,0,—,244379
49111090,其他商业广告品、商品...,309,荷兰,309,千克,0,—,68866
49111090,其他商业广告品、商品...,310,希腊,12,千克,0,—,503
49111090,其他商业广告品、商品...,312,西班牙,376,千克,0,—,29395
49111090,其他商业广告品、商品...,315,奥地利,538,千克,0,—,13744
49111090,其他商业广告品、商品...,316,保加利亚,5,千克,0,—,98
49111090,其他商业广告品、商品...,318,芬兰,229,千克,0,—,48280
49111090,其他商业广告品、商品...,321,匈牙利,128,千克,0,—,851
49111090,其他商业广告品、商品...,326,挪威,129,千克,0,—,340
49111090,其他商业广告品、商品...,327,波兰,245,千克,0,—,1940
49111090,其他商业广告品、商品...,429,墨西哥,336,千克,0,—,1476
49111090,其他商业广告品、商品...,501,加拿大,81,千克,0,—,39940
49119100,印刷的图片、设计图样...,301,比利时,32,千克,0,—,1309
49119100,印刷的图片、设计图样...,305,法国,1648,千克,0,—,1335223
49119100,印刷的图片、设计图样...,307,意大利,1400,千克,0,—,209577
49119100,印刷的图片、设计图样...,309,荷兰,113,千克,0,—,68898
49119100,印刷的图片、设计图样...,310,希腊,100,千克,0,—,855
49119100,印刷的图片、设计图样...,312,西班牙,2,千克,0,—,489
49119100,印刷的图片、设计图样...,327,波兰,17202,千克,0,—,77924
49119100,印刷的图片、设计图样...,336,立陶宛,10,千克,0,—,2742
49119100,印刷的图片、设计图样...,501,加拿大,3,千克,0,—,49
49119910,纸质的其他印刷品,301,比利时,12,千克,0,—,7958
49119910,纸质的其他印刷品,305,法国,300,千克,0,—,131453
49119910,纸质的其他印刷品,306,爱尔兰,247,千克,0,—,322347
49119910,纸质的其他印刷品,307,意大利,3993,千克,0,—,478345
49119910,纸质的其他印刷品,309,荷兰,295,千克,0,—,15703
49119910,纸质的其他印刷品,310,希腊,128,千克,0,—,6017
49119910,纸质的其他印刷品,312,西班牙,10,千克,0,—,815
49119910,纸质的其他印刷品,315,奥地利,2120,千克,0,—,27683
49119910,纸质的其他印刷品,318,芬兰,103,千克,0,—,4994
49119910,纸质的其他印刷品,321,匈牙利,0,千克,0,—,15
49119910,纸质的其他印刷品,326,挪威,1,千克,0,—,457
49119910,纸质的其他印刷品,327,波兰,2000,千克,0,—,7452
49119910,纸质的其他印刷品,429,墨西哥,1,千克,0,—,3584
49119910,纸质的其他印刷品,501,加拿大,112,千克,0,—,8117
49119990,其他印刷品,138,阿联酋,3,千克,0,—,5
49119990,其他印刷品,301,比利时,38,千克,0,—,661
49119990,其他印刷品,305,法国,12,千克,0,—,6029
49119990,其他印刷品,306,爱尔兰,0,千克,0,—,44
49119990,其他印刷品,307,意大利,361,千克,0,—,32108
49119990,其他印刷品,309,荷兰,3,千克,0,—,866
49119990,其他印刷品,310,希腊,39,千克,0,—,4377
49119990,其他印刷品,312,西班牙,0,千克,0,—,62
49119990,其他印刷品,315,奥地利,427,千克,0,—,86793
49119990,其他印刷品,326,挪威,0,千克,0,—,38
49119990,其他印刷品,501,加拿大,13,千克,0,—,10932
50010010,适于缫丝的桑蚕茧,137,土耳其,8200,千克,0,—,98400
50010010,适于缫丝的桑蚕茧,147,塔吉克斯坦,26878,千克,0,—,161268
50030011,不适于缫丝的下茧、茧...,137,土耳其,6686,千克,0,—,40006
50030011,不适于缫丝的下茧、茧...,147,塔吉克斯坦,15170,千克,0,—,91020
50040000,丝纱线（绢纺纱线除外...,307,意大利,1674,千克,0,—,136416
50050090,其他绢纺纱线，非供零...,307,意大利,17,千克,0,—,3644
50060000,丝纱线及绢纺纱线，供...,307,意大利,202,千克,0,—,4631
50071010,未漂白或漂白丝机织...,307,意大利,35,米,5,千克,1674
50072011,未漂白或漂白桑蚕丝机...,305,法国,5,米,1,千克,287
50072011,未漂白或漂白桑蚕丝机...,307,意大利,1889,米,334,千克,98691
50072019,其他桑蚕丝机织物，丝...,305,法国,117,米,9,千克,5353
50072019,其他桑蚕丝机织物，丝...,307,意大利,7860,米,870,千克,323166
50072019,其他桑蚕丝机织物，丝...,312,西班牙,10,米,3,千克,809
50072019,其他桑蚕丝机织物，丝...,326,挪威,162,米,42,千克,2477
50072029,其他柞蚕丝机织物，丝...,301,比利时,12,米,1,千克,108
50072031,未漂白或漂白绢丝机织...,307,意大利,2247,米,215,千克,70234
50072039,其他绢丝机织物，丝≥...,307,意大利,108,米,13,千克,4525
50072090,未列名丝机织物，丝≥...,305,法国,32,米,5,千克,2244
50072090,未列名丝机织物，丝≥...,307,意大利,467,米,47,千克,15316
50079010,其他未漂白或漂白丝机...,307,意大利,5,米,1,千克,475
50079090,未列名丝机织物，丝＜...,305,法国,15,米,1,千克,576
50079090,未列名丝机织物，丝＜...,307,意大利,1719,米,344,千克,57318
50079090,未列名丝机织物，丝＜...,312,西班牙,2,米,1,千克,266
51011100,未梳含脂剪羊毛,244,南非,1837212,千克,0,—,17670051
51011100,未梳含脂剪羊毛,255,莱索托,210818,千克,0,—,2039520
51011100,未梳含脂剪羊毛,301,比利时,55071,千克,0,—,104334
51011100,未梳含脂剪羊毛,305,法国,102667,千克,0,—,207914
51011100,未梳含脂剪羊毛,306,爱尔兰,50140,千克,0,—,47633
51011100,未梳含脂剪羊毛,307,意大利,61537,千克,0,—,68080
51011100,未梳含脂剪羊毛,309,荷兰,85211,千克,0,—,96941
51011100,未梳含脂剪羊毛,312,西班牙,371597,千克,0,—,1499527
51011100,未梳含脂剪羊毛,321,匈牙利,39300,千克,0,—,74678
51011100,未梳含脂剪羊毛,444,乌拉圭,138820,千克,0,—,485625
51012100,未梳脱脂剪羊毛，未碳...,124,蒙古,686091,千克,0,—,765901
51012100,未梳脱脂剪羊毛，未碳...,137,土耳其,384442,千克,0,—,584160
51012100,未梳脱脂剪羊毛，未碳...,301,比利时,42939,千克,0,—,54532
51012100,未梳脱脂剪羊毛，未碳...,340,白俄罗斯,60614,千克,0,—,100892
51012100,未梳脱脂剪羊毛，未碳...,444,乌拉圭,84416,千克,0,—,637035
51021920,未梳其他山羊绒,124,蒙古,1893685,千克,0,—,88137839
51021990,其他未梳动物细毛,124,蒙古,15480,千克,0,—,19446
51022000,未梳动物粗毛,124,蒙古,228512,千克,0,—,717660
51022000,未梳动物粗毛,127,巴基斯坦,71813,千克,0,—,69115
51022000,未梳动物粗毛,137,土耳其,170395,千克,0,—,175847
51052900,羊毛条及其他精梳羊毛,408,玻利维亚,197527,千克,0,—,876114
51052900,羊毛条及其他精梳羊毛,410,巴西,1234,千克,0,—,5681
51053100,已梳喀什米尔山羊绒毛,124,蒙古,30,千克,0,—,3354
51053100,已梳喀什米尔山羊绒毛,307,意大利,30,千克,0,—,3756
51053910,已梳兔毛,312,西班牙,500,千克,0,—,28084
51053990,其他已梳动物细毛,244,南非,100379,千克,0,—,3800335
51061000,粗梳羊毛纱线，非供零...,307,意大利,40977,千克,0,—,962570
51062000,粗梳羊毛纱线，非供零...,307,意大利,31069,千克,0,—,513822
51062000,粗梳羊毛纱线，非供零...,316,保加利亚,233,千克,0,—,10157
51071000,精梳羊毛纱线，非供零...,137,土耳其,10534,千克,0,—,126408
51071000,精梳羊毛纱线，非供零...,307,意大利,187974,千克,0,—,4020457
51071000,精梳羊毛纱线，非供零...,316,保加利亚,260,千克,0,—,7839
51072000,精梳羊毛纱线，非供零...,137,土耳其,59,千克,0,—,1380
51072000,精梳羊毛纱线，非供零...,307,意大利,47548,千克,0,—,926820
51072000,精梳羊毛纱线，非供零...,316,保加利亚,56,千克,0,—,2257
51081011,粗梳山羊绒≥85％的...,307,意大利,3920,千克,0,—,512927
51081019,粗梳其他动物细毛≥8...,307,意大利,137,千克,0,—,11575
51081090,粗梳动物细毛＜85%...,307,意大利,6121,千克,0,—,516100
51082011,精梳山羊绒≥85％的...,307,意大利,7437,千克,0,—,616237
51082019,精梳其他动物细毛≥8...,307,意大利,117,千克,0,—,6244
51082090,精梳动物细毛＜85%...,307,意大利,15244,千克,0,—,883710
51091019,其他动物细毛≥85％...,326,挪威,17,千克,0,—,1300
51091090,羊毛≥85％的纱线，...,305,法国,7,千克,0,—,708
51091090,羊毛≥85％的纱线，...,307,意大利,119,千克,0,—,7871
51091090,羊毛≥85％的纱线，...,309,荷兰,8,千克,0,—,292
51091090,羊毛≥85％的纱线，...,326,挪威,62,千克,0,—,3488
51099019,其他动物细毛＜85％...,307,意大利,25,千克,0,—,3264
51099019,其他动物细毛＜85％...,326,挪威,10,千克,0,—,736
51099090,羊毛＜85％的纱线，...,307,意大利,31,千克,0,—,2202
51099090,羊毛＜85％的纱线，...,326,挪威,44,千克,0,—,6240
51111111,粗梳山羊绒≥85%的...,137,土耳其,100,米,29,千克,1410
51111111,粗梳山羊绒≥85%的...,307,意大利,9193,米,3179,千克,520068
51111119,粗梳其他动物细毛≥8...,307,意大利,1349,米,405,千克,25709
51111190,粗梳羊毛≥85%的机...,307,意大利,23006,米,8126,千克,672276
51111190,粗梳羊毛≥85%的机...,326,挪威,100,米,41,千克,1504
51111911,粗梳山羊绒≥85%的...,307,意大利,19548,米,9966,千克,1532815
51111919,粗梳其他动物细毛≥8...,307,意大利,8030,米,4302,千克,396296
51111919,粗梳其他动物细毛≥8...,408,玻利维亚,0,米,0,千克,28
51111990,粗梳羊毛≥85%的机...,301,比利时,0,米,0,千克,31
51111990,粗梳羊毛≥85%的机...,306,爱尔兰,3211,米,1864,千克,76517
51111990,粗梳羊毛≥85%的机...,307,意大利,51822,米,32561,千克,1728677
51111990,粗梳羊毛≥85%的机...,326,挪威,126,米,64,千克,4836
51111990,粗梳羊毛≥85%的机...,336,立陶宛,1206,米,777,千克,19143
51111990,粗梳羊毛≥85%的机...,501,加拿大,30,米,20,千克,2244
51112000,粗梳毛＜85％主要或...,305,法国,26,米,13,千克,695
51112000,粗梳毛＜85％主要或...,306,爱尔兰,799,米,350,千克,5672
51112000,粗梳毛＜85％主要或...,307,意大利,21919,米,12084,千克,475749
51113000,粗梳毛＜85％主要或...,137,土耳其,28,米,14,千克,979
51113000,粗梳毛＜85％主要或...,307,意大利,32772,米,17081,千克,529822
51113000,粗梳毛＜85％主要或...,309,荷兰,272,米,57,千克,3272
51113000,粗梳毛＜85％主要或...,326,挪威,153,米,116,千克,5567
51119000,粗梳毛＜85％与其他...,307,意大利,6510,米,3571,千克,148659
51119000,粗梳毛＜85％与其他...,326,挪威,101,米,80,千克,3355
51121100,精梳毛≥85％的机织...,137,土耳其,10158,米,1918,千克,91942
51121100,精梳毛≥85％的机织...,301,比利时,147,米,37,千克,9502
51121100,精梳毛≥85％的机织...,307,意大利,481768,米,127508,千克,9821575
51121100,精梳毛≥85％的机织...,310,希腊,4,米,1,千克,115
51121100,精梳毛≥85％的机织...,326,挪威,273,米,70,千克,12394
51121900,精梳毛≥85％的机织...,137,土耳其,1908,米,555,千克,23167
51121900,精梳毛≥85％的机织...,301,比利时,15,米,7,千克,3215
51121900,精梳毛≥85％的机织...,305,法国,1410,米,505,千克,31731
51121900,精梳毛≥85％的机织...,306,爱尔兰,1480,米,799,千克,21492
51121900,精梳毛≥85％的机织...,307,意大利,214219,米,79602,千克,5488535
51121900,精梳毛≥85％的机织...,309,荷兰,144,米,86,千克,6886
51121900,精梳毛≥85％的机织...,315,奥地利,120,米,38,千克,3451
51121900,精梳毛≥85％的机织...,326,挪威,633,米,334,千克,22841
51121900,精梳毛≥85％的机织...,336,立陶宛,187,米,100,千克,3487
51121900,精梳毛≥85％的机织...,429,墨西哥,16,米,10,千克,455
51122000,精梳毛＜85％主要或...,307,意大利,29567,米,13292,千克,621703
51122000,精梳毛＜85％主要或...,316,保加利亚,355,米,132,千克,2722
51122000,精梳毛＜85％主要或...,326,挪威,3,米,3,千克,117
51122000,精梳毛＜85％主要或...,350,斯洛文尼亚,11,米,5,千克,178
51123000,精梳毛＜85％主要或...,137,土耳其,3,米,1,千克,157
51123000,精梳毛＜85％主要或...,307,意大利,29335,米,13115,千克,399757
51129000,精梳毛＜85％与其他...,137,土耳其,1,米,1,千克,54
51129000,精梳毛＜85％与其他...,301,比利时,4,米,1,千克,282
51129000,精梳毛＜85％与其他...,305,法国,718,米,422,千克,8616
51129000,精梳毛＜85％与其他...,307,意大利,25626,米,9043,千克,716254
51129000,精梳毛＜85％与其他...,309,荷兰,19,米,11,千克,140
52010000,未梳的棉花,137,土耳其,1488021,千克,0,—,4646410
52010000,未梳的棉花,147,塔吉克斯坦,171149,千克,0,—,256723
52010000,未梳的棉花,203,贝宁,2475238,千克,0,—,4763967
52010000,未梳的棉花,410,巴西,32879848,千克,0,—,62758652
52010000,未梳的棉花,429,墨西哥,137617,千克,0,—,201756
52041100,含棉≥85％的缝纫线...,137,土耳其,0,千克,0,—,110
52041100,含棉≥85％的缝纫线...,307,意大利,8,千克,0,—,879
52042000,棉制缝纫线，供零售用,305,法国,71,千克,0,—,6622
52051100,未精梳单纱，棉≥85...,127,巴基斯坦,3416143,千克,0,—,9437968
52051100,未精梳单纱，棉≥85...,307,意大利,34,千克,0,—,2271
52051200,未精梳单纱，棉≥85...,127,巴基斯坦,12441167,千克,0,—,34044878
52051200,未精梳单纱，棉≥85...,137,土耳其,17500,千克,0,—,46375
52051200,未精梳单纱，棉≥85...,307,意大利,7,千克,0,—,1502
52052100,精梳单纱，棉≥85％...,307,意大利,567,千克,0,—,17054
52052200,精梳单纱，棉≥85％...,127,巴基斯坦,198124,千克,0,—,714230
52052200,精梳单纱，棉≥85％...,307,意大利,112,千克,0,—,6406
52052300,精梳单纱，棉≥85％...,127,巴基斯坦,26626,千克,0,—,96393
52052300,精梳单纱，棉≥85％...,137,土耳其,14333,千克,0,—,240051
52052300,精梳单纱，棉≥85％...,307,意大利,5,千克,0,—,424
52052400,精梳单纱，棉≥85％...,137,土耳其,16965,千克,0,—,83974
52052700,精梳单纱，棉≥85％...,137,土耳其,91,千克,0,—,1045
52052800,精梳单纱，棉≥85％...,307,意大利,1,千克,0,—,114
52053100,未精梳多股纱线，棉≥...,307,意大利,9,千克,0,—,468
52053200,未精梳多股线，棉≥8...,127,巴基斯坦,94598,千克,0,—,264659
52053200,未精梳多股线，棉≥8...,307,意大利,1357,千克,0,—,12454
52053300,未精梳多股线，棉≥8...,127,巴基斯坦,7575,千克,0,—,30602
52054100,精梳多股纱线，棉≥8...,307,意大利,293,千克,0,—,10130
52054200,精梳多股纱线，棉≥8...,127,巴基斯坦,19979,千克,0,—,86347
52054200,精梳多股纱线，棉≥8...,307,意大利,6147,千克,0,—,74990
52054200,精梳多股纱线，棉≥8...,312,西班牙,7,千克,0,—,24
52054200,精梳多股纱线，棉≥8...,410,巴西,755,千克,0,—,9726
52054300,精梳多股纱线，棉≥8...,307,意大利,429,千克,0,—,17604
52054400,精梳多股纱线，棉≥8...,307,意大利,723,千克,0,—,23053
52054400,精梳多股纱线，棉≥8...,316,保加利亚,13,千克,0,—,666
52054600,精梳多股纱线，棉≥8...,307,意大利,37,千克,0,—,388
52054700,精梳多股纱线，棉≥8...,307,意大利,289,千克,0,—,9042
52054800,精梳多股纱线，棉≥8...,307,意大利,286,千克,0,—,6680
52061100,未精梳单纱，棉＜85...,307,意大利,2999,千克,0,—,74230
52061100,未精梳单纱，棉＜85...,316,保加利亚,7,千克,0,—,288
52061200,未精梳单纱，棉＜85...,307,意大利,325,千克,0,—,14235
52061200,未精梳单纱，棉＜85...,312,西班牙,106,千克,0,—,1387
52061300,未精梳单纱，棉＜85...,307,意大利,26,千克,0,—,1577
52061300,未精梳单纱，棉＜85...,312,西班牙,1831,千克,0,—,15855
52061500,未精梳单纱，棉＜85...,307,意大利,23,千克,0,—,1312
52062100,精梳单纱，棉＜85％...,307,意大利,278,千克,0,—,9907
52062200,精梳单纱，棉＜85％...,307,意大利,440,千克,0,—,18332
52062300,精梳单纱，棉＜85％...,307,意大利,87,千克,0,—,2885
52062400,精梳单纱，棉＜85％...,307,意大利,54,千克,0,—,565
52062500,精梳单纱，棉＜85％...,307,意大利,5,千克,0,—,105
52063100,未精梳多股纱线，棉＜...,307,意大利,275,千克,0,—,9545
52063200,未精梳多股纱线，棉＜...,307,意大利,77,千克,0,—,7853
52063500,未精梳多股纱线，棉＜...,307,意大利,157,千克,0,—,4632
52064100,精梳多股纱线，棉＜8...,307,意大利,1222,千克,0,—,39983
52064200,精梳多股纱线，棉＜8...,307,意大利,3168,千克,0,—,68690
52064300,精梳多股纱线，棉＜8...,307,意大利,76,千克,0,—,7885
52064400,精梳多股纱线，棉＜8...,307,意大利,111,千克,0,—,6578
52064500,精梳多股纱线，棉＜8...,307,意大利,55,千克,0,—,4339
52064500,精梳多股纱线，棉＜8...,316,保加利亚,52,千克,0,—,2106
52071000,棉≥85％的棉纱线，...,137,土耳其,648,千克,0,—,13675
52071000,棉≥85％的棉纱线，...,305,法国,3244,千克,0,—,235805
52071000,棉≥85％的棉纱线，...,307,意大利,110,千克,0,—,11477
52071000,棉≥85％的棉纱线，...,316,保加利亚,68,千克,0,—,2190
52071000,棉≥85％的棉纱线，...,321,匈牙利,57,千克,0,—,2981
52071000,棉≥85％的棉纱线，...,326,挪威,1,千克,0,—,33
52079000,棉＜85％的棉纱线，...,137,土耳其,21,千克,0,—,553
52079000,棉＜85％的棉纱线，...,307,意大利,88,千克,0,—,6247
52079000,棉＜85％的棉纱线，...,326,挪威,377,千克,0,—,15278
52081100,棉≥85％未漂平纹布...,307,意大利,624,米,65,千克,8900
52081200,棉≥85％未漂平纹布...,127,巴基斯坦,893874,米,192464,千克,810866
52081200,棉≥85％未漂平纹布...,305,法国,1,米,0,千克,13
52081200,棉≥85％未漂平纹布...,307,意大利,1128,米,200,千克,17465
52081300,棉≥85％未漂三或四...,127,巴基斯坦,81051,米,25216,千克,99991
52081900,其他棉≥85％未漂布...,305,法国,0,米,0,千克,32
52081900,其他棉≥85％未漂布...,307,意大利,56,米,18,千克,10244
52081900,其他棉≥85％未漂布...,326,挪威,99,米,25,千克,1488
52082100,棉≥85％漂白平纹布...,307,意大利,171,米,23,千克,2361
52082100,棉≥85％漂白平纹布...,315,奥地利,354,米,63,千克,10451
52082200,棉≥85％漂白平纹布...,127,巴基斯坦,104360,米,32196,千克,292574
52082200,棉≥85％漂白平纹布...,307,意大利,9720,米,1736,千克,136991
52082300,棉≥85％漂白三或四...,307,意大利,365,米,47,千克,15135
52082900,其他棉≥85％漂白布...,137,土耳其,6,米,1,千克,110
52082900,其他棉≥85％漂白布...,305,法国,5,米,1,千克,7
52082900,其他棉≥85％漂白布...,307,意大利,8259,米,1808,千克,111085
52082900,其他棉≥85％漂白布...,315,奥地利,1263,米,281,千克,11162
52083100,棉≥85％染色平纹布...,137,土耳其,8720,米,1308,千克,1982
52083100,棉≥85％染色平纹布...,305,法国,527,米,52,千克,1798
52083100,棉≥85％染色平纹布...,307,意大利,3104,米,370,千克,16186
52083200,棉≥85％染色平纹布...,127,巴基斯坦,1500,米,294,千克,2581
52083200,棉≥85％染色平纹布...,137,土耳其,1112,米,407,千克,5306
52083200,棉≥85％染色平纹布...,305,法国,1255,米,329,千克,8161
52083200,棉≥85％染色平纹布...,307,意大利,10315,米,2143,千克,125580
52083200,棉≥85％染色平纹布...,350,斯洛文尼亚,80,米,18,千克,1353
52083200,棉≥85％染色平纹布...,429,墨西哥,133,米,34,千克,2054
52083300,棉≥85％染色三或四...,307,意大利,21847,米,4244,千克,83032
52083900,其他棉≥85％染色布...,127,巴基斯坦,443,米,69,千克,2345
52083900,其他棉≥85％染色布...,137,土耳其,15,米,6,千克,499
52083900,其他棉≥85％染色布...,301,比利时,3077,米,877,千克,58029
52083900,其他棉≥85％染色布...,307,意大利,30465,米,5366,千克,215509
52084100,棉≥85％色织平纹布...,305,法国,546,米,49,千克,5024
52084100,棉≥85％色织平纹布...,307,意大利,3015,米,410,千克,47671
52084100,棉≥85％色织平纹布...,312,西班牙,30,米,4,千克,181
52084200,棉≥85％色织平纹布...,137,土耳其,1036,米,189,千克,8676
52084200,棉≥85％色织平纹布...,307,意大利,26833,米,5355,千克,342913
52084200,棉≥85％色织平纹布...,312,西班牙,620,米,99,千克,4925
52084300,棉≥85％色织三或四...,307,意大利,5473,米,1045,千克,65203
52084300,棉≥85％色织三或四...,309,荷兰,428,米,91,千克,2330
52084300,棉≥85％色织三或四...,315,奥地利,2903,米,479,千克,26506
52084900,棉≥85％其他色织布...,127,巴基斯坦,895,米,371,千克,8333
52084900,棉≥85％其他色织布...,137,土耳其,326,米,75,千克,665
52084900,棉≥85％其他色织布...,307,意大利,28082,米,7161,千克,577013
52084900,棉≥85％其他色织布...,312,西班牙,784,米,124,千克,5939
52084900,棉≥85％其他色织布...,315,奥地利,4490,米,805,千克,51155
52084900,棉≥85％其他色织布...,321,匈牙利,11654,米,2154,千克,136670
52085100,棉≥85％印花平纹布...,305,法国,147,米,12,千克,1827
52085100,棉≥85％印花平纹布...,307,意大利,24176,米,2617,千克,239304
52085200,棉≥85％印花平纹布...,127,巴基斯坦,3420,米,853,千克,6501
52085200,棉≥85％印花平纹布...,137,土耳其,4839,米,941,千克,9919
52085200,棉≥85％印花平纹布...,307,意大利,37821,米,4817,千克,361473
52085200,棉≥85％印花平纹布...,318,芬兰,45,米,9,千克,777
52085200,棉≥85％印花平纹布...,350,斯洛文尼亚,9658,米,1574,千克,32073
52085910,棉≥85％印花三或四...,307,意大利,126,米,21,千克,2591
52085910,棉≥85％印花三或四...,315,奥地利,552,米,113,千克,3297
52085990,棉≥85％其他印花布...,137,土耳其,3504,米,604,千克,21573
52085990,棉≥85％其他印花布...,305,法国,2208,米,153,千克,13594
52085990,棉≥85％其他印花布...,307,意大利,23099,米,8170,千克,96294
52085990,棉≥85％其他印花布...,315,奥地利,143,米,25,千克,802
52085990,棉≥85％其他印花布...,350,斯洛文尼亚,780,米,144,千克,7943
52091100,棉≥85％未漂平纹布...,127,巴基斯坦,1069477,米,431092,千克,1733165
52091100,棉≥85％未漂平纹布...,307,意大利,862,米,220,千克,16581
52091200,棉≥85％未漂三或四...,127,巴基斯坦,729943,米,287971,千克,1042379
52091200,棉≥85％未漂三或四...,307,意大利,1755,米,859,千克,26810
52091900,其他棉≥85％未漂布...,127,巴基斯坦,240046,米,117284,千克,395361
52091900,其他棉≥85％未漂布...,305,法国,50,米,24,千克,512
52091900,其他棉≥85％未漂布...,307,意大利,2620,米,1108,千克,27608
52092100,棉≥85％漂白平纹布...,137,土耳其,4037,米,1555,千克,18039
52092100,棉≥85％漂白平纹布...,307,意大利,580,米,221,千克,6265
52092200,棉≥85％漂白三或四...,127,巴基斯坦,14628,米,6554,千克,38872
52092200,棉≥85％漂白三或四...,137,土耳其,22,米,11,千克,65
52092200,棉≥85％漂白三或四...,307,意大利,8366,米,4086,千克,69662
52092200,棉≥85％漂白三或四...,312,西班牙,294,米,92,千克,881
52092900,其他棉≥85％漂白布...,137,土耳其,10634,米,4214,千克,20518
52092900,其他棉≥85％漂白布...,305,法国,465,米,210,千克,972
52092900,其他棉≥85％漂白布...,307,意大利,481,米,204,千克,13084
52092900,其他棉≥85％漂白布...,316,保加利亚,30,米,7,千克,346
52093100,棉≥85％染色平纹布...,127,巴基斯坦,2189,米,1134,千克,8340
52093100,棉≥85％染色平纹布...,137,土耳其,3640,米,819,千克,4480
52093100,棉≥85％染色平纹布...,305,法国,2619,米,637,千克,1524
52093100,棉≥85％染色平纹布...,307,意大利,16161,米,6519,千克,202913
52093100,棉≥85％染色平纹布...,309,荷兰,3,米,4,千克,22
52093100,棉≥85％染色平纹布...,312,西班牙,830,米,378,千克,2879
52093200,棉≥85％染色三或四...,137,土耳其,59815,米,25240,千克,343700
52093200,棉≥85％染色三或四...,307,意大利,43308,米,18919,千克,294280
52093900,其他棉≥85％染色布...,127,巴基斯坦,1273,米,492,千克,19857
52093900,其他棉≥85％染色布...,137,土耳其,54512,米,19835,千克,253750
52093900,其他棉≥85％染色布...,305,法国,1090,米,652,千克,13390
52093900,其他棉≥85％染色布...,307,意大利,11096,米,4593,千克,111233
52093900,其他棉≥85％染色布...,312,西班牙,5,米,3,千克,88
52093900,其他棉≥85％染色布...,501,加拿大,1559,米,892,千克,4262
52094100,棉≥85％色织平纹布...,307,意大利,340,米,142,千克,8231
52094200,棉≥85%色织粗斜纹...,127,巴基斯坦,171982,米,106558,千克,617875
52094200,棉≥85%色织粗斜纹...,137,土耳其,324121,米,159764,千克,1519146
52094200,棉≥85%色织粗斜纹...,307,意大利,90207,米,55050,千克,569674
52094300,棉≥85％色织其他三...,127,巴基斯坦,456,米,267,千克,2646
52094300,棉≥85％色织其他三...,307,意大利,3560,米,1875,千克,49526
52094900,其他棉≥85％色织布...,127,巴基斯坦,9450,米,5837,千克,24061
52094900,其他棉≥85％色织布...,137,土耳其,7950,米,3283,千克,28176
52094900,其他棉≥85％色织布...,305,法国,12,米,17,千克,840
52094900,其他棉≥85％色织布...,307,意大利,3014,米,1136,千克,30084
52094900,其他棉≥85％色织布...,312,西班牙,10,米,3,千克,52
52095100,棉≥85％印花平纹布...,127,巴基斯坦,47007,米,17380,千克,88441
52095100,棉≥85％印花平纹布...,137,土耳其,4482,米,1807,千克,15118
52095100,棉≥85％印花平纹布...,305,法国,252,米,176,千克,1021
52095100,棉≥85％印花平纹布...,307,意大利,1141,米,576,千克,11548
52095100,棉≥85％印花平纹布...,312,西班牙,291,米,90,千克,1425
52095100,棉≥85％印花平纹布...,318,芬兰,45,米,18,千克,1035
52095200,棉≥85％印花三或四...,137,土耳其,627,米,144,千克,11491
52095200,棉≥85％印花三或四...,307,意大利,763,米,259,千克,3433
52095900,其他棉≥85％印花布...,307,意大利,1017,米,687,千克,34793
52095900,其他棉≥85％印花布...,312,西班牙,1937,米,762,千克,7252
52095900,其他棉≥85％印花布...,315,奥地利,1,米,1,千克,65
52101100,棉＜85％与化纤纺未...,307,意大利,347,米,52,千克,6006
52101990,棉＜85％与化纤纺未...,312,西班牙,1200,米,395,千克,2925
52103100,棉＜85％与化纤纺染...,137,土耳其,542,米,129,千克,1626
52103100,棉＜85％与化纤纺染...,301,比利时,184,米,98,千克,1909
52103100,棉＜85％与化纤纺染...,305,法国,902,米,322,千克,3157
52103100,棉＜85％与化纤纺染...,307,意大利,4749,米,1078,千克,52620
52103100,棉＜85％与化纤纺染...,312,西班牙,149,米,23,千克,1162
52103100,棉＜85％与化纤纺染...,316,保加利亚,10,米,2,千克,139
52103200,棉＜85％与化纤纺染...,137,土耳其,5021,米,692,千克,24100
52103200,棉＜85％与化纤纺染...,307,意大利,2216,米,536,千克,27377
52103900,棉＜85％与化纤纺染...,137,土耳其,15,米,2,千克,30
52103900,棉＜85％与化纤纺染...,307,意大利,2059,米,425,千克,16783
52104100,棉＜85％与化纤纺色...,307,意大利,1315,米,270,千克,25110
52104100,棉＜85％与化纤纺色...,312,西班牙,42,米,10,千克,399
52104100,棉＜85％与化纤纺色...,315,奥地利,50,米,11,千克,681
52104910,棉＜85％与化纤纺色...,307,意大利,2351,米,444,千克,41920
52104990,棉＜85％与化纤纺色...,307,意大利,1666,米,385,千克,21319
52105100,棉＜85％与化纤纺印...,137,土耳其,100,米,24,千克,157
52105100,棉＜85％与化纤纺印...,312,西班牙,1043,米,352,千克,8022
52105100,棉＜85％与化纤纺印...,315,奥地利,5,米,1,千克,91
52111100,棉＜85％与化纤纺未...,309,荷兰,7,米,5,千克,366
52111900,棉＜85％与化纤纺未...,305,法国,81,米,39,千克,954
52111900,棉＜85％与化纤纺未...,307,意大利,190,米,63,千克,1258
52112000,棉＜85％与化纤混纺...,137,土耳其,6362,米,2103,千克,31555
52112000,棉＜85％与化纤混纺...,307,意大利,5919,米,2014,千克,54656
52113100,棉＜85％与化纤纺染...,301,比利时,26,米,21,千克,871
52113100,棉＜85％与化纤纺染...,307,意大利,5795,米,2325,千克,78194
52113100,棉＜85％与化纤纺染...,309,荷兰,39,米,25,千克,968
52113100,棉＜85％与化纤纺染...,312,西班牙,9,米,2,千克,174
52113100,棉＜85％与化纤纺染...,316,保加利亚,32,米,12,千克,723
52113200,棉＜85％与化纤纺染...,137,土耳其,47262,米,22212,千克,310051
52113200,棉＜85％与化纤纺染...,305,法国,53,米,26,千克,1140
52113200,棉＜85％与化纤纺染...,307,意大利,3608,米,1305,千克,57943
52113900,棉＜85％与化纤纺染...,137,土耳其,3343,米,1007,千克,22174
52113900,棉＜85％与化纤纺染...,301,比利时,30,米,10,千克,265
52113900,棉＜85％与化纤纺染...,307,意大利,12249,米,6269,千克,152094
52113900,棉＜85％与化纤纺染...,309,荷兰,45,米,28,千克,858
52113900,棉＜85％与化纤纺染...,312,西班牙,8141,米,2813,千克,37941
52114100,棉＜85％与化纤纺色...,137,土耳其,39424,米,24097,千克,146860
52114100,棉＜85％与化纤纺色...,301,比利时,13,米,13,千克,1020
52114100,棉＜85％与化纤纺色...,305,法国,201,米,60,千克,7410
52114100,棉＜85％与化纤纺色...,307,意大利,3367,米,1905,千克,58862
52114100,棉＜85％与化纤纺色...,312,西班牙,241,米,130,千克,2334
52114200,棉＜85％与化纤纺色...,127,巴基斯坦,46853,米,32664,千克,199066
52114200,棉＜85％与化纤纺色...,137,土耳其,63373,米,36761,千克,299801
52114200,棉＜85％与化纤纺色...,305,法国,919,米,508,千克,8936
52114200,棉＜85％与化纤纺色...,307,意大利,11126,米,4229,千克,80538
52114200,棉＜85％与化纤纺色...,429,墨西哥,18,米,9,千克,112
52114300,棉＜85％与化纤纺色...,137,土耳其,13670,米,4265,千克,69299
52114300,棉＜85％与化纤纺色...,307,意大利,47,米,20,千克,2369
52114900,棉＜85％与化纤纺色...,127,巴基斯坦,4068,米,2339,千克,16272
52114900,棉＜85％与化纤纺色...,137,土耳其,30304,米,14128,千克,189325
52114900,棉＜85％与化纤纺色...,301,比利时,34,米,19,千克,1481
52114900,棉＜85％与化纤纺色...,305,法国,144,米,55,千克,4654
52114900,棉＜85％与化纤纺色...,307,意大利,4445,米,1941,千克,82802
52114900,棉＜85％与化纤纺色...,309,荷兰,22,米,11,千克,163
52114900,棉＜85％与化纤纺色...,316,保加利亚,10,米,5,千克,239
52115200,棉＜85％与化纤纺印...,301,比利时,4222,米,1492,千克,12509
52115200,棉＜85％与化纤纺印...,307,意大利,554,米,358,千克,7999
52115900,棉＜85％与化纤纺印...,137,土耳其,4,米,2,千克,102
52115900,棉＜85％与化纤纺印...,305,法国,201,米,190,千克,1708
52115900,棉＜85％与化纤纺印...,307,意大利,77,米,71,千克,654
52121300,其他染色棉布，平米重...,137,土耳其,84,米,19,千克,1582
52121300,其他染色棉布，平米重...,305,法国,1,米,0,千克,164
52121300,其他染色棉布，平米重...,307,意大利,798,米,180,千克,15883
52121300,其他染色棉布，平米重...,315,奥地利,5,米,1,千克,361
52121300,其他染色棉布，平米重...,318,芬兰,140,米,8,千克,708
52121400,其他色织棉布，平米重...,137,土耳其,92,米,18,千克,144
52121400,其他色织棉布，平米重...,301,比利时,84,米,21,千克,754
52121400,其他色织棉布，平米重...,305,法国,306,米,30,千克,3102
52121400,其他色织棉布，平米重...,307,意大利,3477,米,769,千克,64437
52121400,其他色织棉布，平米重...,312,西班牙,22,米,12,千克,439
52121400,其他色织棉布，平米重...,315,奥地利,718,米,153,千克,4324
52121500,其他印花棉布，平米重...,137,土耳其,206,米,40,千克,323
52121500,其他印花棉布，平米重...,307,意大利,896,米,164,千克,18663
52122200,其他漂白棉布，平米重...,137,土耳其,10,米,4,千克,128
52122300,其他染色棉布，平米重...,127,巴基斯坦,7513,米,3375,千克,22121
52122300,其他染色棉布，平米重...,307,意大利,3934,米,2562,千克,43808
52122300,其他染色棉布，平米重...,312,西班牙,2,米,0,千克,9
52122300,其他染色棉布，平米重...,316,保加利亚,16,米,7,千克,319
52122400,其他色织棉布，平米重...,137,土耳其,56,米,36,千克,356
52122400,其他色织棉布，平米重...,301,比利时,4,米,3,千克,567
52122400,其他色织棉布，平米重...,305,法国,31,米,9,千克,3585
52122400,其他色织棉布，平米重...,307,意大利,5617,米,3548,千克,101416
52122400,其他色织棉布，平米重...,316,保加利亚,4038,米,2627,千克,49198
52122500,其他印花棉布，平米重...,312,西班牙,6,米,7,千克,301
53012100,破开的或打成的亚麻,301,比利时,1537831,千克,0,—,5429631
53012100,破开的或打成的亚麻,305,法国,9337574,千克,0,—,33572452
53012100,破开的或打成的亚麻,309,荷兰,50060,千克,0,—,158634
53012100,破开的或打成的亚麻,340,白俄罗斯,324111,千克,0,—,634253
53012900,栉梳或经其他加工但未...,301,比利时,11,千克,0,—,221
53012900,栉梳或经其他加工但未...,305,法国,10834,千克,0,—,46282
53013000,亚麻短纤及废麻,301,比利时,1348900,千克,0,—,2783065
53013000,亚麻短纤及废麻,305,法国,3543190,千克,0,—,6687429
53013000,亚麻短纤及废麻,340,白俄罗斯,854126,千克,0,—,1100877
53021000,生的或经沤制的大麻,309,荷兰,42020,千克,0,—,43170
53029000,其他经加工但未纺制的...,305,法国,122900,千克,0,—,80356
53050020,生的或经加工但未纺蕉...,129,菲律宾,293577,千克,0,—,770504
53050091,西沙尔麻等纺织龙舌兰...,224,肯尼亚,359500,千克,0,—,633975
53050091,西沙尔麻等纺织龙舌兰...,227,马达加斯加,156192,千克,0,—,284032
53050091,西沙尔麻等纺织龙舌兰...,410,巴西,1694920,千克,0,—,2205332
53050091,西沙尔麻等纺织龙舌兰...,429,墨西哥,5000,千克,0,—,34051
53050092,生的或经加工但未纺椰...,129,菲律宾,1665150,千克,0,—,443164
53061000,亚麻单纱,307,意大利,349,千克,0,—,13478
53061000,亚麻单纱,316,保加利亚,90,千克,0,—,3223
53062000,亚麻多股纱线或缆线,307,意大利,856,千克,0,—,22124
53062000,亚麻多股纱线或缆线,316,保加利亚,49,千克,0,—,1742
53062000,亚麻多股纱线或缆线,410,巴西,1217,千克,0,—,14110
53082000,大麻纱线,307,意大利,1,千克,0,—,150
53089012,苎麻≥85%的色纱线,307,意大利,82,千克,0,—,7279
53089014,苎麻＜85%的色纱线,307,意大利,92,千克,0,—,1040
53089099,未列名植物纺织纤维纱...,129,菲律宾,2056,千克,0,—,13482
53091110,含亚麻≥85％未漂白...,129,菲律宾,12,米,75,千克,1200
53091110,含亚麻≥85％未漂白...,301,比利时,11614,米,8047,千克,167183
53091110,含亚麻≥85％未漂白...,305,法国,20,米,9,千克,1316
53091110,含亚麻≥85％未漂白...,307,意大利,19,米,10,千克,1517
53091120,含亚麻≥85％漂白的...,307,意大利,255,米,252,千克,17178
53091120,含亚麻≥85％漂白的...,326,挪威,21,米,8,千克,269
53091900,其他含亚麻≥85％的...,137,土耳其,2004,米,856,千克,5986
53091900,其他含亚麻≥85％的...,301,比利时,18947,米,9848,千克,203169
53091900,其他含亚麻≥85％的...,305,法国,2,米,2,千克,82
53091900,其他含亚麻≥85％的...,306,爱尔兰,780,米,166,千克,3119
53091900,其他含亚麻≥85％的...,307,意大利,8486,米,1977,千克,142275
53091900,其他含亚麻≥85％的...,316,保加利亚,16,米,6,千克,386
53091900,其他含亚麻≥85％的...,336,立陶宛,63,米,23,千克,1488
53092110,含亚麻＜85％未漂白...,307,意大利,55,米,15,千克,2284
53092900,其他含亚麻＜85％的...,137,土耳其,1272,米,398,千克,17229
53092900,其他含亚麻＜85％的...,301,比利时,274,米,185,千克,6051
53092900,其他含亚麻＜85％的...,305,法国,41,米,8,千克,175
53092900,其他含亚麻＜85％的...,307,意大利,14317,米,3732,千克,252008
53092900,其他含亚麻＜85％的...,312,西班牙,111,米,45,千克,1832
53092900,其他含亚麻＜85％的...,315,奥地利,197,米,40,千克,1145
53092900,其他含亚麻＜85％的...,316,保加利亚,26,米,7,千克,390
53092900,其他含亚麻＜85％的...,350,斯洛文尼亚,1237,米,192,千克,2844
53109000,黄麻或5303其他纺...,307,意大利,1002,米,305,千克,21601
53110013,苎麻≥85%其他机织...,307,意大利,3,米,0,千克,103
53110015,苎麻＜85%其他机织...,307,意大利,51,米,17,千克,411
53110030,大麻机织物,307,意大利,1424,米,465,千克,30814
53110090,未列名纺织用植物纤维...,129,菲律宾,25177,米,1586,千克,7086
53110090,未列名纺织用植物纤维...,307,意大利,464,米,148,千克,11577
54011010,合成纤维长丝缝纫线，...,137,土耳其,41321,千克,0,—,205074
54011010,合成纤维长丝缝纫线，...,301,比利时,31,千克,0,—,1903
54011010,合成纤维长丝缝纫线，...,305,法国,18,千克,0,—,170
54011010,合成纤维长丝缝纫线，...,307,意大利,141,千克,0,—,5574
54011010,合成纤维长丝缝纫线，...,318,芬兰,292,千克,0,—,239
54011010,合成纤维长丝缝纫线，...,350,斯洛文尼亚,118,千克,0,—,2868
54011010,合成纤维长丝缝纫线，...,501,加拿大,1049,千克,0,—,37968
54011020,合成纤维长丝缝纫线，...,305,法国,46,千克,0,—,6125
54012010,人造纤维长丝缝纫线，...,127,巴基斯坦,100,千克,0,—,3930
54012020,人造纤维长丝缝纫线，...,305,法国,5,千克,0,—,892
54021120,聚对苯二甲酰对苯二胺...,309,荷兰,247665,千克,0,—,5505207
54021190,其他芳香族聚酰胺纺制...,127,巴基斯坦,37,千克,0,—,2154
54021190,其他芳香族聚酰胺纺制...,307,意大利,43911,千克,0,—,1159729
54021920,"聚酰胺6,6（尼龙6...",137,土耳其,38,千克,0,—,1818
54021920,"聚酰胺6,6（尼龙6...",501,加拿大,57311,千克,0,—,276451
54021990,未列名尼龙或其他聚酰...,307,意大利,32,千克,0,—,8435
54021990,未列名尼龙或其他聚酰...,340,白俄罗斯,582,千克,0,—,32459
54021990,未列名尼龙或其他聚酰...,410,巴西,54,千克,0,—,36310
54022000,聚酯高强力纱,137,土耳其,632,千克,0,—,28298
54022000,聚酯高强力纱,305,法国,337786,千克,0,—,548486
54023112,尼龙-6，6弹力丝，...,307,意大利,35615,千克,0,—,337667
54023112,尼龙-6，6弹力丝，...,350,斯洛文尼亚,34803,千克,0,—,296513
54023119,其他尼龙等聚酰胺弹力...,307,意大利,69,千克,0,—,770
54023190,尼龙等聚酰胺其他变形...,307,意大利,5714,千克,0,—,17667
54023211,尼龙-6弹力丝，每根...,307,意大利,180204,千克,0,—,803486
54023212,尼龙-6，6弹力丝，...,307,意大利,50,千克,0,—,963
54023219,其他尼龙或聚酰胺弹力...,307,意大利,69,千克,0,—,697
54023290,尼龙等聚酰胺其他变形...,307,意大利,27551,千克,0,—,139358
54023290,尼龙等聚酰胺其他变形...,501,加拿大,537,千克,0,—,2812
54023310,聚酯弹力丝,301,比利时,3006,千克,0,—,11799
54023310,聚酯弹力丝,327,波兰,12411,千克,0,—,121009
54023310,聚酯弹力丝,429,墨西哥,59,千克,0,—,1084
54023390,其他聚酯变形纱线,137,土耳其,12797,千克,0,—,74584
54023390,其他聚酯变形纱线,312,西班牙,12,千克,0,—,70
54023900,其他合成纤维长丝变形...,315,奥地利,168,千克,0,—,20687
54024410,氨纶弹性纱线，未加捻...,410,巴西,12514,千克,0,—,23220
54024490,其他弹性纱线，未加捻...,307,意大利,656,千克,0,—,13226
54024510,尼龙-6纱线，未加捻...,307,意大利,10994,千克,0,—,91191
54024510,尼龙-6纱线，未加捻...,350,斯洛文尼亚,1616,千克,0,—,19396
54024590,其他尼龙类纱线，未加...,307,意大利,19,千克,0,—,1425
54024700,其他聚酯纱线，捻度≤...,137,土耳其,18875,千克,0,—,108334
54024700,其他聚酯纱线，捻度≤...,301,比利时,527,千克,0,—,870
54024700,其他聚酯纱线，捻度≤...,305,法国,604,千克,0,—,17790
54024700,其他聚酯纱线，捻度≤...,307,意大利,2,千克,0,—,215
54024990,其他合成纤维长丝单纱...,307,意大利,222,千克,0,—,6808
54024990,其他合成纤维长丝单纱...,309,荷兰,4416,千克,0,—,270269
54024990,其他合成纤维长丝单纱...,315,奥地利,2,千克,0,—,92418
54025200,聚酯纱线，捻度＞50...,305,法国,1491,千克,0,—,31369
54025200,聚酯纱线，捻度＞50...,307,意大利,6151,千克,0,—,372462
54025200,聚酯纱线，捻度＞50...,429,墨西哥,3635,千克,0,—,44823
54026110,聚酰胺-6（尼龙-6...,307,意大利,25580,千克,0,—,313854
54026120,聚酰胺-6，6（尼龙...,307,意大利,51220,千克,0,—,278024
54026190,其他尼龙或聚酰胺多股...,307,意大利,4,千克,0,—,138
54026190,其他尼龙或聚酰胺多股...,501,加拿大,2188,千克,0,—,37274
54026200,聚酯多股纱线或缆线,307,意大利,202,千克,0,—,9255
54026920,氨纶长丝多股纱线或缆...,307,意大利,57,千克,0,—,2386
54026990,未列名合成纤维长丝多...,137,土耳其,29,千克,0,—,16
54026990,未列名合成纤维长丝多...,307,意大利,1111,千克,0,—,24906
54026990,未列名合成纤维长丝多...,340,白俄罗斯,554,千克,0,—,23311
54033110,竹粘胶纤维单纱未加捻...,307,意大利,27,千克,0,—,688
54033190,粘胶纤维单纱，未加捻...,307,意大利,295,千克,0,—,7159
54033290,其他粘胶纤维单纱，捻...,307,意大利,12,千克,0,—,778
54033290,其他粘胶纤维单纱，捻...,316,保加利亚,85,千克,0,—,2091
54033310,二醋酸纤维丝束,312,西班牙,179722,千克,0,—,763097
54033310,二醋酸纤维丝束,336,立陶宛,257800,千克,0,—,1450914
54033390,其他醋酸纤维单纱,307,意大利,82,千克,0,—,3755
54033900,其他人造纤维长丝单纱,307,意大利,17,千克,0,—,201
54033900,其他人造纤维长丝单纱,336,立陶宛,40545,千克,0,—,210441
54034100,粘胶纤维多股纱线或缆...,307,意大利,2260,千克,0,—,40794
54034100,粘胶纤维多股纱线或缆...,316,保加利亚,350,千克,0,—,10070
54034900,未列名人造纤维长丝多...,307,意大利,15,千克,0,—,135
54041100,合纤弹性单丝，截面尺...,305,法国,4,千克,0,—,100
54041100,合纤弹性单丝，截面尺...,307,意大利,11977,千克,0,—,63780
54041100,合纤弹性单丝，截面尺...,429,墨西哥,99,千克,0,—,1020
54041100,合纤弹性单丝，截面尺...,501,加拿大,39,千克,0,—,11455
54041900,其他合纤单丝，截面尺...,137,土耳其,12,千克,0,—,167
54041900,其他合纤单丝，截面尺...,305,法国,10,千克,0,—,2540
54041900,其他合纤单丝，截面尺...,307,意大利,67499,千克,0,—,577546
54041900,其他合纤单丝，截面尺...,309,荷兰,319,千克,0,—,10852
54041900,其他合纤单丝，截面尺...,315,奥地利,157,千克,0,—,17928
54041900,其他合纤单丝，截面尺...,327,波兰,41316,千克,0,—,341410
54041900,其他合纤单丝，截面尺...,410,巴西,6,千克,0,—,5623
54041900,其他合纤单丝，截面尺...,429,墨西哥,1701,千克,0,—,129082
54041900,其他合纤单丝，截面尺...,501,加拿大,4,千克,0,—,1734
54049000,表观宽度≤5mm的合...,138,阿联酋,252643,千克,0,—,769984
54049000,表观宽度≤5mm的合...,307,意大利,10,千克,0,—,5864
54060010,合成纤维长丝纱线，供...,127,巴基斯坦,35,千克,0,—,7020
54060010,合成纤维长丝纱线，供...,307,意大利,1,千克,0,—,71
54060020,人造纤维长丝纱线，供...,307,意大利,10,千克,0,—,744
54071010,尼龙或其他聚酰胺高强...,301,比利时,8653,米,1475,千克,62538
54071010,尼龙或其他聚酰胺高强...,305,法国,10800,米,978,千克,54011
54071010,尼龙或其他聚酰胺高强...,307,意大利,54,米,39,千克,1006
54071010,尼龙或其他聚酰胺高强...,315,奥地利,11739,米,99,千克,2816
54071020,聚酯高强力纱制的机织...,305,法国,18,米,7,千克,990
54071020,聚酯高强力纱制的机织...,307,意大利,514,米,525,千克,12722
54072000,合成纤维长丝扁条及类...,137,土耳其,5000,米,25,千克,796
54072000,合成纤维长丝扁条及类...,307,意大利,792,米,625,千克,7589
54072000,合成纤维长丝扁条及类...,312,西班牙,1521,米,452,千克,5150
54072000,合成纤维长丝扁条及类...,429,墨西哥,145900,米,28484,千克,221487
54072000,合成纤维长丝扁条及类...,501,加拿大,4154,米,182,千克,1190
54073000,纱线交叉点用粘合剂或...,301,比利时,65,米,43,千克,2166
54073000,纱线交叉点用粘合剂或...,312,西班牙,3,米,0,千克,280
54074100,尼龙等聚酰胺长丝≥8...,305,法国,2,米,3,千克,6
54074100,尼龙等聚酰胺长丝≥8...,312,西班牙,15,米,55,千克,1333
54074200,尼龙等聚酰胺长丝≥8...,305,法国,22940,米,1398,千克,57655
54074200,尼龙等聚酰胺长丝≥8...,307,意大利,68787,米,13386,千克,637153
54074200,尼龙等聚酰胺长丝≥8...,312,西班牙,1648,米,799,千克,22649
54074200,尼龙等聚酰胺长丝≥8...,316,保加利亚,31,米,8,千克,327
54074300,尼龙等聚酰胺长丝≥8...,305,法国,17,米,11,千克,682
54074300,尼龙等聚酰胺长丝≥8...,307,意大利,13386,米,3186,千克,100500
54074300,尼龙等聚酰胺长丝≥8...,312,西班牙,40,米,41,千克,340
54074400,尼龙等聚酰胺长丝≥8...,307,意大利,611,米,52,千克,8941
54075100,聚酯变形长丝≥85％...,305,法国,400,米,99,千克,2780
54075100,聚酯变形长丝≥85％...,307,意大利,2,米,1,千克,64
54075100,聚酯变形长丝≥85％...,312,西班牙,51,米,21,千克,469
54075200,聚酯变形长丝≥85％...,137,土耳其,21791,米,5287,千克,48212
54075200,聚酯变形长丝≥85％...,301,比利时,1919,米,933,千克,17298
54075200,聚酯变形长丝≥85％...,305,法国,822,米,143,千克,5730
54075200,聚酯变形长丝≥85％...,306,爱尔兰,651,米,391,千克,16089
54075200,聚酯变形长丝≥85％...,307,意大利,38372,米,9344,千克,637811
54075200,聚酯变形长丝≥85％...,309,荷兰,4697,米,1677,千克,136088
54075200,聚酯变形长丝≥85％...,312,西班牙,1766,米,552,千克,2223
54075200,聚酯变形长丝≥85％...,315,奥地利,1998,米,1206,千克,24641
54075200,聚酯变形长丝≥85％...,327,波兰,186,米,76,千克,678
54075200,聚酯变形长丝≥85％...,501,加拿大,384,米,121,千克,6511
54075300,聚酯变形长丝≥85％...,137,土耳其,6442,米,2738,千克,53349
54075300,聚酯变形长丝≥85％...,301,比利时,1241,米,804,千克,14132
54075300,聚酯变形长丝≥85％...,305,法国,364,米,167,千克,13084
54075300,聚酯变形长丝≥85％...,307,意大利,22328,米,3983,千克,242292
54075300,聚酯变形长丝≥85％...,309,荷兰,364,米,170,千克,6891
54075300,聚酯变形长丝≥85％...,312,西班牙,5210,米,675,千克,6944
54075300,聚酯变形长丝≥85％...,336,立陶宛,2442,米,1147,千克,22508
54075300,聚酯变形长丝≥85％...,501,加拿大,198,米,78,千克,4242
54075400,聚酯变形长丝≥85％...,137,土耳其,4719,米,840,千克,24387
54075400,聚酯变形长丝≥85％...,305,法国,1974,米,332,千克,8883
54075400,聚酯变形长丝≥85％...,307,意大利,2093,米,271,千克,23982
54075400,聚酯变形长丝≥85％...,312,西班牙,8788,米,964,千克,38908
54076100,含聚酯非变形长丝≥8...,137,土耳其,9098,米,2154,千克,63025
54076100,含聚酯非变形长丝≥8...,138,阿联酋,2,米,1,千克,17
54076100,含聚酯非变形长丝≥8...,301,比利时,1927,米,746,千克,8983
54076100,含聚酯非变形长丝≥8...,305,法国,4614,米,1351,千克,55404
54076100,含聚酯非变形长丝≥8...,307,意大利,31258,米,11304,千克,360568
54076100,含聚酯非变形长丝≥8...,309,荷兰,10873,米,116,千克,3067
54076100,含聚酯非变形长丝≥8...,310,希腊,827,米,117,千克,6136
54076100,含聚酯非变形长丝≥8...,312,西班牙,381,米,151,千克,6873
54076100,含聚酯非变形长丝≥8...,327,波兰,3007,米,2495,千克,27421
54076900,其他含聚酯长丝≥85...,137,土耳其,16917,米,6707,千克,78871
54076900,其他含聚酯长丝≥85...,301,比利时,27757,米,777,千克,16205
54076900,其他含聚酯长丝≥85...,305,法国,215,米,75,千克,5500
54076900,其他含聚酯长丝≥85...,307,意大利,3703,米,1187,千克,88665
54076900,其他含聚酯长丝≥85...,309,荷兰,24,米,10,千克,1056
54076900,其他含聚酯长丝≥85...,310,希腊,24,米,7,千克,510
54076900,其他含聚酯长丝≥85...,312,西班牙,117,米,55,千克,1438
54076900,其他含聚酯长丝≥85...,501,加拿大,140,米,51,千克,1743
54077100,含其他合纤长丝≥85...,305,法国,1064,米,833,千克,12350
54077100,含其他合纤长丝≥85...,429,墨西哥,6920,米,2976,千克,50852
54077100,含其他合纤长丝≥85...,501,加拿大,1,米,1,千克,51
54077200,含其他合成纤维长丝≥...,137,土耳其,2400,米,598,千克,4895
54077200,含其他合成纤维长丝≥...,305,法国,971,米,362,千克,41816
54077200,含其他合成纤维长丝≥...,307,意大利,32499,米,6184,千克,278239
54077200,含其他合成纤维长丝≥...,312,西班牙,172,米,112,千克,3279
54077300,含其他合成纤维长丝≥...,129,菲律宾,123,米,877,千克,646
54077300,含其他合成纤维长丝≥...,137,土耳其,950,米,338,千克,10648
54077300,含其他合成纤维长丝≥...,301,比利时,7467,米,4298,千克,35466
54077300,含其他合成纤维长丝≥...,305,法国,1142,米,241,千克,18033
54077300,含其他合成纤维长丝≥...,307,意大利,10716,米,3260,千克,184893
54077300,含其他合成纤维长丝≥...,309,荷兰,12,米,9,千克,203
54077300,含其他合成纤维长丝≥...,312,西班牙,458,米,92,千克,19453
54077300,含其他合成纤维长丝≥...,429,墨西哥,150,米,48,千克,1350
54077300,含其他合成纤维长丝≥...,501,加拿大,48,米,31,千克,934
54077400,含其他合成纤维长丝≥...,137,土耳其,441,米,78,千克,4330
54077400,含其他合成纤维长丝≥...,307,意大利,2026,米,192,千克,30469
54078200,合成纤维长丝＜85％...,137,土耳其,433,米,176,千克,2692
54078200,合成纤维长丝＜85％...,301,比利时,1446,米,733,千克,7907
54078200,合成纤维长丝＜85％...,305,法国,300,米,63,千克,10080
54078200,合成纤维长丝＜85％...,307,意大利,6072,米,1970,千克,87714
54078200,合成纤维长丝＜85％...,312,西班牙,718,米,355,千克,10733
54078300,合成纤维长丝＜85％...,137,土耳其,152,米,90,千克,2415
54078300,合成纤维长丝＜85％...,301,比利时,19,米,17,千克,153
54078300,合成纤维长丝＜85％...,305,法国,259,米,87,千克,5466
54078300,合成纤维长丝＜85％...,307,意大利,6802,米,3022,千克,190588
54078300,合成纤维长丝＜85％...,312,西班牙,360,米,178,千克,3921
54078400,合成纤维长丝＜85％...,137,土耳其,12,米,10,千克,338
54078400,合成纤维长丝＜85％...,307,意大利,3792,米,670,千克,41024
54079200,其他合成纤维长丝染色...,137,土耳其,9926,米,3996,千克,81892
54079200,其他合成纤维长丝染色...,301,比利时,538,米,224,千克,6896
54079200,其他合成纤维长丝染色...,305,法国,30,米,4,千克,6246
54079200,其他合成纤维长丝染色...,307,意大利,20096,米,6661,千克,232769
54079200,其他合成纤维长丝染色...,309,荷兰,615,米,130,千克,8081
54079200,其他合成纤维长丝染色...,310,希腊,8,米,5,千克,294
54079200,其他合成纤维长丝染色...,312,西班牙,14774,米,6419,千克,245932
54079200,其他合成纤维长丝染色...,336,立陶宛,39,米,15,千克,516
54079200,其他合成纤维长丝染色...,429,墨西哥,75,米,21,千克,123
54079300,其他合成纤维长丝色织...,137,土耳其,9632,米,4539,千克,69437
54079300,其他合成纤维长丝色织...,301,比利时,93,米,63,千克,1899
54079300,其他合成纤维长丝色织...,305,法国,606,米,204,千克,17007
54079300,其他合成纤维长丝色织...,307,意大利,18950,米,6696,千克,375796
54079300,其他合成纤维长丝色织...,309,荷兰,86,米,61,千克,1497
54079300,其他合成纤维长丝色织...,312,西班牙,207,米,177,千克,5137
54079300,其他合成纤维长丝色织...,316,保加利亚,503,米,208,千克,3921
54079300,其他合成纤维长丝色织...,410,巴西,4,米,4,千克,19
54079400,其他合成纤维长丝印花...,137,土耳其,1155,米,248,千克,11494
54079400,其他合成纤维长丝印花...,305,法国,33,米,3,千克,1903
54081000,粘胶纤维高强力纱的布,307,意大利,114,米,59,千克,5230
54082110,含粘胶长丝≥85%未...,307,意大利,158,米,34,千克,3168
54082190,含其他人造长丝等≥8...,305,法国,512,米,92,千克,3290
54082210,含胶粘长丝≥85%染...,305,法国,2229,米,289,千克,18838
54082210,含胶粘长丝≥85%染...,307,意大利,10587,米,2118,千克,82866
54082210,含胶粘长丝≥85%染...,316,保加利亚,9,米,1,千克,115
54082220,含醋酸长丝≥85%染...,307,意大利,1254,米,164,千克,13410
54082290,含其他人造长丝、扁条...,137,土耳其,845,米,258,千克,6809
54082290,含其他人造长丝、扁条...,307,意大利,18336,米,4171,千克,117781
54082310,含粘胶纤维长丝≥85...,305,法国,20,米,16,千克,3610
54082310,含粘胶纤维长丝≥85...,307,意大利,3674,米,1530,千克,9802
54082320,含醋酸纤维长丝≥85...,305,法国,235,米,62,千克,4262
54082320,含醋酸纤维长丝≥85...,307,意大利,486,米,130,千克,11056
54082390,含其他人造长丝、扁条...,307,意大利,1786,米,383,千克,17762
54082390,含其他人造长丝、扁条...,429,墨西哥,33,米,23,千克,238
54082410,含粘胶纤维长丝≥85...,305,法国,454,米,99,千克,4557
54082410,含粘胶纤维长丝≥85...,307,意大利,3083,米,400,千克,26713
54082410,含粘胶纤维长丝≥85...,316,保加利亚,111,米,16,千克,3495
54082490,含其他人造长丝、扁条...,137,土耳其,2398,米,463,千克,30547
54082490,含其他人造长丝、扁条...,305,法国,568,米,73,千克,11773
54082490,含其他人造长丝、扁条...,307,意大利,143,米,13,千克,3057
54083100,其他人造纤维长丝未漂...,307,意大利,536,米,211,千克,4581
54083200,其他人造纤维长丝染色...,305,法国,474,米,54,千克,4175
54083200,其他人造纤维长丝染色...,307,意大利,6784,米,1453,千克,86167
54083200,其他人造纤维长丝染色...,312,西班牙,69,米,27,千克,950
54083200,其他人造纤维长丝染色...,316,保加利亚,10,米,1,千克,107
54083300,其他人造纤维长丝色织...,305,法国,19,米,18,千克,3128
54083300,其他人造纤维长丝色织...,307,意大利,7301,米,2929,千克,136293
54083300,其他人造纤维长丝色织...,309,荷兰,241,米,92,千克,5756
54083300,其他人造纤维长丝色织...,312,西班牙,5,米,1,千克,788
54083400,其他人造纤维长丝印花...,137,土耳其,2154,米,509,千克,21538
54083400,其他人造纤维长丝印花...,307,意大利,1818,米,285,千克,19315
54083400,其他人造纤维长丝印花...,318,芬兰,389,米,22,千克,3389
55011000,尼龙或其他聚酰胺长丝...,305,法国,96071,千克,0,—,334759
55011000,尼龙或其他聚酰胺长丝...,429,墨西哥,65,千克,0,—,6858
55013000,聚丙烯腈或变性聚丙烯...,321,匈牙利,16956,千克,0,—,27129
55019000,其他合成纤维长丝丝束,321,匈牙利,865,千克,0,—,1038
55019000,其他合成纤维长丝丝束,429,墨西哥,18088,千克,0,—,37893
55029000,其他人造纤维长丝丝束,315,奥地利,16102,千克,0,—,284989
55031110,聚间苯二甲酰间苯二胺...,312,西班牙,68703,千克,0,—,881286
55031120,聚对苯二甲酰对苯二胺...,301,比利时,51819,千克,0,—,589132
55031120,聚对苯二甲酰对苯二胺...,309,荷兰,29905,千克,0,—,577139
55031900,尼龙等聚酰胺短纤，未...,305,法国,103022,千克,0,—,437533
55031900,尼龙等聚酰胺短纤，未...,327,波兰,864,千克,0,—,14962
55032000,聚酯短纤，未梳或未经...,244,南非,46331,千克,0,—,27881
55033000,聚丙烯腈及其变性短纤...,137,土耳其,314074,千克,0,—,1359451
55033000,聚丙烯腈及其变性短纤...,321,匈牙利,9137,千克,0,—,57351
55033000,聚丙烯腈及其变性短纤...,429,墨西哥,109124,千克,0,—,737793
55034000,聚丙烯短纤，未梳或未...,307,意大利,435,千克,0,—,2781
55039090,其他合成纤维短纤，未...,305,法国,8,千克,0,—,5
55039090,其他合成纤维短纤，未...,307,意大利,20,千克,0,—,5263
55039090,其他合成纤维短纤，未...,312,西班牙,368,千克,0,—,3112
55041029,其他木制粘胶纤维短纤...,315,奥地利,2472594,千克,0,—,5713164
55041090,其他粘胶纤维短纤，未...,315,奥地利,20179,千克,0,—,55325
55049000,其他人造纤维短纤，未...,315,奥地利,5059719,千克,0,—,8605076
55061090,尼龙或其他聚酰胺短纤...,307,意大利,117,千克,0,—,1081
55062000,聚酯短纤，已梳或经其...,307,意大利,57,千克,0,—,100
55069090,其他合成纤维短纤，已...,307,意大利,420,千克,0,—,40080
55069090,其他合成纤维短纤，已...,321,匈牙利,9633,千克,0,—,11559
55081000,合成纤维短纤缝纫线,137,土耳其,7,千克,0,—,894
55081000,合成纤维短纤缝纫线,307,意大利,45,千克,0,—,2684
55091100,尼龙或其他聚酰胺短纤...,307,意大利,473,千克,0,—,19612
55091100,尼龙或其他聚酰胺短纤...,312,西班牙,16,千克,0,—,505
55091200,尼龙等聚酰胺短纤≥8...,307,意大利,36,千克,0,—,4484
55091200,尼龙等聚酰胺短纤≥8...,429,墨西哥,305,千克,0,—,11716
55092100,聚酯短纤≥85%的单...,127,巴基斯坦,6130,千克,0,—,6373
55092100,聚酯短纤≥85%的单...,301,比利时,2002,千克,0,—,3094
55092100,聚酯短纤≥85%的单...,307,意大利,60,千克,0,—,1886
55092200,聚酯短纤≥85%的多...,307,意大利,14,千克,0,—,36
55093100,聚丙烯腈或变性聚丙烯...,501,加拿大,1000,千克,0,—,9439
55093200,聚丙烯腈及其变性短纤...,137,土耳其,19698,千克,0,—,154161
55093200,聚丙烯腈及其变性短纤...,301,比利时,613,千克,0,—,8359
55093200,聚丙烯腈及其变性短纤...,312,西班牙,35368,千克,0,—,276802
55094100,其他合成纤维短纤≥8...,307,意大利,3180,千克,0,—,132931
55094100,其他合成纤维短纤≥8...,315,奥地利,475,千克,0,—,7356
55095100,聚酯短纤＜85%主要...,307,意大利,175,千克,0,—,1259
55095200,聚酯短纤＜85%主要...,307,意大利,28,千克,0,—,1751
55095200,聚酯短纤＜85%主要...,327,波兰,31,千克,0,—,907
55095300,聚酯短纤＜85%主要...,307,意大利,511,千克,0,—,9821
55095900,聚酯短纤＜85%与其...,307,意大利,182,千克,0,—,10372
55096100,聚丙烯腈及其变性短纤...,307,意大利,10487,千克,0,—,205603
55096100,聚丙烯腈及其变性短纤...,316,保加利亚,134,千克,0,—,3001
55096900,聚丙烯腈及变性短纤＜...,307,意大利,346,千克,0,—,10715
55099100,其他合成短纤＜85%...,307,意大利,4472,千克,0,—,130296
55099200,其他合成短纤＜85%...,307,意大利,556,千克,0,—,12436
55099200,其他合成短纤＜85%...,312,西班牙,6456,千克,0,—,45008
55099900,其他合成短纤＜85%...,137,土耳其,154,千克,0,—,7323
55099900,其他合成短纤＜85%...,307,意大利,1901,千克,0,—,76961
55099900,其他合成短纤＜85%...,501,加拿大,14361,千克,0,—,51299
55101100,人造纤维短纤≥85%...,301,比利时,136,千克,0,—,1561
55101100,人造纤维短纤≥85%...,307,意大利,318,千克,0,—,11426
55101100,人造纤维短纤≥85%...,312,西班牙,453,千克,0,—,3090
55101100,人造纤维短纤≥85%...,316,保加利亚,30,千克,0,—,1263
55101200,人造纤维短纤≥85%...,307,意大利,1933,千克,0,—,32270
55102000,人造纤维短纤＜85%...,307,意大利,6283,千克,0,—,96837
55103000,人造纤维短纤＜85%...,307,意大利,908,千克,0,—,70881
55109000,人造纤维短纤＜85%...,137,土耳其,4,千克,0,—,216
55109000,人造纤维短纤＜85%...,301,比利时,460,千克,0,—,2719
55109000,人造纤维短纤＜85%...,307,意大利,6884,千克,0,—,214144
55109000,人造纤维短纤＜85%...,316,保加利亚,332,千克,0,—,7191
55112000,合成纤维短纤＜85%...,307,意大利,112,千克,0,—,4898
55121100,聚酯短纤≥85%未漂...,127,巴基斯坦,53500,米,25200,千克,7569
55121100,聚酯短纤≥85%未漂...,137,土耳其,2738,米,1181,千克,13329
55121100,聚酯短纤≥85%未漂...,305,法国,5,米,0,千克,1081
55121100,聚酯短纤≥85%未漂...,307,意大利,63,米,46,千克,2256
55121900,其他含聚酯短纤≥85...,127,巴基斯坦,53519,米,26328,千克,10352
55121900,其他含聚酯短纤≥85...,137,土耳其,77945,米,33786,千克,341619
55121900,其他含聚酯短纤≥85...,301,比利时,1893,米,671,千克,4601
55121900,其他含聚酯短纤≥85...,305,法国,427,米,52,千克,4249
55121900,其他含聚酯短纤≥85...,307,意大利,15484,米,5069,千克,118176
55121900,其他含聚酯短纤≥85...,309,荷兰,604,米,302,千克,18935
55121900,其他含聚酯短纤≥85...,312,西班牙,393,米,85,千克,4758
55121900,其他含聚酯短纤≥85...,315,奥地利,1010,米,331,千克,9446
55121900,其他含聚酯短纤≥85...,336,立陶宛,30,米,11,千克,908
55121900,其他含聚酯短纤≥85...,410,巴西,808,米,481,千克,7755
55121900,其他含聚酯短纤≥85...,501,加拿大,1827,米,846,千克,7559
55122900,其他聚丙烯腈及其变性...,124,蒙古,1835,米,1835,千克,3872
55122900,其他聚丙烯腈及其变性...,301,比利时,9,米,3,千克,81
55122900,其他聚丙烯腈及其变性...,305,法国,15718,米,6003,千克,174294
55122900,其他聚丙烯腈及其变性...,307,意大利,1023,米,324,千克,6197
55122900,其他聚丙烯腈及其变性...,312,西班牙,104299,米,44344,千克,619191
55122900,其他聚丙烯腈及其变性...,315,奥地利,2821,米,906,千克,26485
55122900,其他聚丙烯腈及其变性...,429,墨西哥,40492,米,25380,千克,876698
55129900,未列名合成纤维短纤≥...,127,巴基斯坦,17570,米,3953,千克,151102
55129900,未列名合成纤维短纤≥...,137,土耳其,43,米,27,千克,1699
55129900,未列名合成纤维短纤≥...,138,阿联酋,249,米,237,千克,4664
55129900,未列名合成纤维短纤≥...,305,法国,24,米,9,千克,923
55129900,未列名合成纤维短纤≥...,307,意大利,786,米,207,千克,14891
55129900,未列名合成纤维短纤≥...,312,西班牙,1321,米,871,千克,24633
55129900,未列名合成纤维短纤≥...,429,墨西哥,16,米,13,千克,1061
55129900,未列名合成纤维短纤≥...,501,加拿大,15,米,9,千克,560
55131110,聚酯短纤＜85%棉混...,127,巴基斯坦,6222,米,1137,千克,15230
55131120,聚酯短纤＜85%棉混...,127,巴基斯坦,49722,米,11303,千克,58800
55132100,聚酯短纤＜85%棉混...,501,加拿大,1,米,1,千克,45
55132310,聚酯短纤＜85%棉混...,307,意大利,77,米,28,千克,217
55132390,其他聚酯短纤＜85%...,127,巴基斯坦,3245,米,610,千克,7943
55132900,其他合成短纤＜85%...,307,意大利,872,米,497,千克,3052
55133920,其他聚酯短纤＜85%...,307,意大利,222,米,36,千克,11434
55133920,其他聚酯短纤＜85%...,312,西班牙,43,米,33,千克,316
55141210,聚酯短纤＜85%棉混...,305,法国,3,米,1,千克,245
55141220,聚酯短纤＜85%棉混...,127,巴基斯坦,7027,米,2449,千克,12161
55141990,其他合成短纤＜85%...,307,意大利,152,米,51,千克,1733
55142100,聚酯短纤＜85%棉混...,137,土耳其,13,米,7,千克,1333
55142100,聚酯短纤＜85%棉混...,305,法国,20,米,19,千克,2581
55142100,聚酯短纤＜85%棉混...,307,意大利,964,米,637,千克,15742
55142100,聚酯短纤＜85%棉混...,309,荷兰,6122,米,2991,千克,27751
55142100,聚酯短纤＜85%棉混...,312,西班牙,63,米,40,千克,965
55142100,聚酯短纤＜85%棉混...,501,加拿大,10106,米,2265,千克,16169
55142200,聚酯短纤＜85%棉混...,127,巴基斯坦,27676,米,10502,千克,55074
55142200,聚酯短纤＜85%棉混...,309,荷兰,929,米,552,千克,16797
55142200,聚酯短纤＜85%棉混...,312,西班牙,26,米,24,千克,3192
55142200,聚酯短纤＜85%棉混...,501,加拿大,13011,米,5559,千克,23420
55142300,其他聚酯短纤＜85%...,127,巴基斯坦,1322,米,476,千克,1983
55142300,其他聚酯短纤＜85%...,307,意大利,369,米,135,千克,553
55142900,其他合成短纤＜85%...,137,土耳其,84,米,60,千克,2248
55142900,其他合成短纤＜85%...,305,法国,10,米,5,千克,938
55142900,其他合成短纤＜85%...,307,意大利,53,米,20,千克,3404
55143010,聚酯短纤＜85%棉混...,137,土耳其,101,米,73,千克,2470
55143020,聚酯短纤＜85%棉混...,307,意大利,12,米,8,千克,771
55143030,其他聚酯短纤＜85%...,305,法国,302,米,166,千克,3556
55143030,其他聚酯短纤＜85%...,307,意大利,8,米,8,千克,733
55143090,其他合成短纤＜85%...,137,土耳其,817,米,430,千克,6429
55143090,其他合成短纤＜85%...,305,法国,1296,米,546,千克,49629
55143090,其他合成短纤＜85%...,307,意大利,2307,米,1110,千克,23240
55143090,其他合成短纤＜85%...,316,保加利亚,592,米,299,千克,10777
55151100,聚酯短纤＜85%主要...,137,土耳其,33859,米,15791,千克,185357
55151100,聚酯短纤＜85%主要...,305,法国,2238,米,924,千克,47576
55151100,聚酯短纤＜85%主要...,307,意大利,2876,米,1499,千克,68332
55151100,聚酯短纤＜85%主要...,309,荷兰,501,米,188,千克,501
55151100,聚酯短纤＜85%主要...,310,希腊,20,米,12,千克,660
55151100,聚酯短纤＜85%主要...,316,保加利亚,352,米,162,千克,4715
55151200,聚酯短纤＜85%主要...,137,土耳其,10,米,4,千克,168
55151200,聚酯短纤＜85%主要...,301,比利时,133,米,63,千克,2037
55151200,聚酯短纤＜85%主要...,305,法国,1039,米,677,千克,6235
55151200,聚酯短纤＜85%主要...,307,意大利,3319,米,1127,千克,55555
55151200,聚酯短纤＜85%主要...,312,西班牙,26,米,6,千克,633
55151200,聚酯短纤＜85%主要...,316,保加利亚,7,米,2,千克,58
55151300,聚酯短纤＜85%主要...,137,土耳其,5068,米,1402,千克,47714
55151300,聚酯短纤＜85%主要...,305,法国,40,米,20,千克,3543
55151300,聚酯短纤＜85%主要...,307,意大利,8989,米,3719,千克,195551
55151300,聚酯短纤＜85%主要...,316,保加利亚,4083,米,1490,千克,47438
55151900,聚酯短纤＜85%与其...,137,土耳其,1494,米,503,千克,9253
55151900,聚酯短纤＜85%与其...,305,法国,133,米,72,千克,14572
55151900,聚酯短纤＜85%与其...,307,意大利,315,米,154,千克,7557
55151900,聚酯短纤＜85%与其...,312,西班牙,46,米,7,千克,1652
55152100,聚丙烯腈及变性短纤＜...,137,土耳其,54,米,45,千克,1396
55152100,聚丙烯腈及变性短纤＜...,301,比利时,142,米,87,千克,1280
55152100,聚丙烯腈及变性短纤＜...,305,法国,1,米,1,千克,102
55152100,聚丙烯腈及变性短纤＜...,307,意大利,3364,米,2513,千克,79503
55152100,聚丙烯腈及变性短纤＜...,312,西班牙,202,米,58,千克,3211
55152100,聚丙烯腈及变性短纤＜...,316,保加利亚,60,米,33,千克,773
55152200,聚丙烯腈及其变性短纤...,137,土耳其,32,米,23,千克,1184
55152200,聚丙烯腈及其变性短纤...,305,法国,110,米,54,千克,3971
55152200,聚丙烯腈及其变性短纤...,307,意大利,4578,米,2439,千克,102132
55152200,聚丙烯腈及其变性短纤...,316,保加利亚,12,米,6,千克,319
55152900,聚丙烯腈及变性短纤＜...,137,土耳其,42,米,30,千克,1030
55152900,聚丙烯腈及变性短纤＜...,305,法国,5,米,16,千克,1438
55152900,聚丙烯腈及变性短纤＜...,307,意大利,5286,米,2261,千克,222091
55159100,其他合成短纤＜85%...,137,土耳其,3,米,3,千克,108
55159100,其他合成短纤＜85%...,307,意大利,27,米,6,千克,914
55159100,其他合成短纤＜85%...,312,西班牙,6,米,4,千克,677
55159100,其他合成短纤＜85%...,316,保加利亚,19,米,7,千克,350
55159900,其他合成纤维短纤＜8...,137,土耳其,6,米,2,千克,110
55159900,其他合成纤维短纤＜8...,305,法国,1183,米,1205,千克,22123
55159900,其他合成纤维短纤＜8...,307,意大利,6652,米,3641,千克,140519
55161100,人造纤维短纤≥85%...,312,西班牙,5152,米,1917,千克,28376
55161200,人造纤维短纤≥85%...,137,土耳其,947,米,203,千克,6989
55161200,人造纤维短纤≥85%...,305,法国,16,米,7,千克,1273
55161200,人造纤维短纤≥85%...,307,意大利,8147,米,2264,千克,46925
55161200,人造纤维短纤≥85%...,310,希腊,925,米,194,千克,263
55161200,人造纤维短纤≥85%...,312,西班牙,18,米,9,千克,788
55161200,人造纤维短纤≥85%...,316,保加利亚,5,米,2,千克,79
55161300,人造纤维短纤≥85%...,137,土耳其,5224,米,2560,千克,31897
55161300,人造纤维短纤≥85%...,305,法国,13,米,8,千克,1163
55161300,人造纤维短纤≥85%...,307,意大利,5233,米,1349,千克,66388
55161300,人造纤维短纤≥85%...,310,希腊,574,米,114,千克,156
55161300,人造纤维短纤≥85%...,312,西班牙,3445,米,1044,千克,18255
55161300,人造纤维短纤≥85%...,316,保加利亚,321,米,44,千克,2197
55161400,人造纤维短纤≥85%...,305,法国,3102,米,556,千克,19873
55161400,人造纤维短纤≥85%...,307,意大利,1619,米,209,千克,12231
55162200,人造短纤＜85%与化...,137,土耳其,3012,米,1102,千克,13709
55162200,人造短纤＜85%与化...,301,比利时,12,米,8,千克,111
55162200,人造短纤＜85%与化...,305,法国,340,米,120,千克,2107
55162200,人造短纤＜85%与化...,307,意大利,1221,米,411,千克,22608
55162200,人造短纤＜85%与化...,309,荷兰,30,米,10,千克,568
55162200,人造短纤＜85%与化...,316,保加利亚,3,米,1,千克,35
55162300,人造短纤＜85%与化...,301,比利时,10,米,8,千克,90
55162300,人造短纤＜85%与化...,307,意大利,138,米,41,千克,3695
55162300,人造短纤＜85%与化...,310,希腊,1130,米,241,千克,332
55162300,人造短纤＜85%与化...,312,西班牙,61,米,13,千克,1075
55162400,人造短纤＜85%与化...,137,土耳其,1,米,0,千克,47
55163200,人造纤维短纤＜85%...,307,意大利,3104,米,1200,千克,77617
55163200,人造纤维短纤＜85%...,312,西班牙,933,米,511,千克,22469
55163300,人造纤维短纤＜85%...,307,意大利,1904,米,445,千克,1490
55164100,人造短纤＜85%与棉...,307,意大利,90,米,39,千克,2423
55164200,人造纤维短纤＜85%...,137,土耳其,6247,米,3170,千克,46669
55164200,人造纤维短纤＜85%...,307,意大利,2918,米,1278,千克,46574
55164300,人造纤维短纤＜85%...,137,土耳其,11,米,5,千克,74
55164300,人造纤维短纤＜85%...,301,比利时,30,米,18,千克,270
55164300,人造纤维短纤＜85%...,305,法国,1245,米,280,千克,10603
55164300,人造纤维短纤＜85%...,307,意大利,551,米,207,千克,23463
55164300,人造纤维短纤＜85%...,315,奥地利,3,米,1,千克,45
55164300,人造纤维短纤＜85%...,429,墨西哥,2394,米,635,千克,874
55164400,人造纤维短纤＜85%...,307,意大利,2231,米,337,千克,24068
55169200,人造纤维短纤＜85%...,137,土耳其,15,米,7,千克,287
55169200,人造纤维短纤＜85%...,301,比利时,46,米,30,千克,4200
55169200,人造纤维短纤＜85%...,305,法国,15,米,10,千克,427
55169200,人造纤维短纤＜85%...,307,意大利,4315,米,2014,千克,110044
55169300,人造纤维短纤＜85%...,137,土耳其,61,米,47,千克,1654
55169300,人造纤维短纤＜85%...,301,比利时,1,米,1,千克,58
55169300,人造纤维短纤＜85%...,307,意大利,2269,米,852,千克,64250
55169300,人造纤维短纤＜85%...,312,西班牙,4,米,2,千克,296
55169400,人造纤维短纤＜85%...,307,意大利,12,米,8,千克,1424
55169400,人造纤维短纤＜85%...,312,西班牙,6,米,2,千克,132
56012100,棉制絮胎及其制品,127,巴基斯坦,38339,千克,0,—,69046
56012100,棉制絮胎及其制品,129,菲律宾,4,千克,0,—,2879
56012100,棉制絮胎及其制品,137,土耳其,1,千克,0,—,60
56012100,棉制絮胎及其制品,305,法国,18,千克,0,—,1837
56012100,棉制絮胎及其制品,307,意大利,1,千克,0,—,12
56012100,棉制絮胎及其制品,309,荷兰,300,千克,0,—,5432
56012100,棉制絮胎及其制品,310,希腊,2238,千克,0,—,16384
56012100,棉制絮胎及其制品,312,西班牙,392,千克,0,—,1629
56012100,棉制絮胎及其制品,429,墨西哥,56,千克,0,—,3012
56012290,化纤制其他絮胎及其制...,129,菲律宾,6,千克,0,—,1253
56012290,化纤制其他絮胎及其制...,138,阿联酋,7224,千克,0,—,32508
56012290,化纤制其他絮胎及其制...,305,法国,43,千克,0,—,9833
56012290,化纤制其他絮胎及其制...,307,意大利,27406,千克,0,—,1693746
56012290,化纤制其他絮胎及其制...,315,奥地利,886,千克,0,—,2846
56012290,化纤制其他絮胎及其制...,321,匈牙利,780,千克,0,—,9744
56012290,化纤制其他絮胎及其制...,327,波兰,2,千克,0,—,80
56012290,化纤制其他絮胎及其制...,336,立陶宛,11,千克,0,—,180
56012290,化纤制其他絮胎及其制...,501,加拿大,13230,千克,0,—,155381
56012900,其他纤维制絮胎及其制...,307,意大利,43,千克,0,—,1047
56013000,纤维屑、纤维粉末及球...,129,菲律宾,1,千克,0,—,30
56013000,纤维屑、纤维粉末及球...,305,法国,150,千克,0,—,7547
56013000,纤维屑、纤维粉末及球...,309,荷兰,49329,千克,0,—,865317
56013000,纤维屑、纤维粉末及球...,312,西班牙,85,千克,0,—,2007
56021000,针刺机制毡呢及纤维缝...,301,比利时,8,千克,0,—,2664
56021000,针刺机制毡呢及纤维缝...,305,法国,15368,千克,0,—,53651
56021000,针刺机制毡呢及纤维缝...,307,意大利,0,千克,0,—,12
56021000,针刺机制毡呢及纤维缝...,309,荷兰,105,千克,0,—,4268
56021000,针刺机制毡呢及纤维缝...,312,西班牙,55,千克,0,—,5264
56021000,针刺机制毡呢及纤维缝...,315,奥地利,532,千克,0,—,13164
56021000,针刺机制毡呢及纤维缝...,327,波兰,1020,千克,0,—,16604
56022100,羊毛或动物细毛制其他...,305,法国,182,千克,0,—,12294
56022100,羊毛或动物细毛制其他...,307,意大利,148,千克,0,—,10267
56022100,羊毛或动物细毛制其他...,309,荷兰,8,千克,0,—,823
56022100,羊毛或动物细毛制其他...,312,西班牙,52,千克,0,—,1383
56022900,其他纺织材料制毡呢，...,305,法国,195,千克,0,—,14422
56022900,其他纺织材料制毡呢，...,309,荷兰,0,千克,0,—,190
56029000,未列名毡呢,301,比利时,1,千克,0,—,72
56029000,未列名毡呢,305,法国,26587,千克,0,—,172056
56029000,未列名毡呢,307,意大利,8846,千克,0,—,87248
56029000,未列名毡呢,318,芬兰,1,千克,0,—,117
56029000,未列名毡呢,327,波兰,84,千克,0,—,3685
56029000,未列名毡呢,501,加拿大,268,千克,0,—,2144
56031110,浸涂、覆盖的化纤长丝...,318,芬兰,7467,千克,0,—,1653
56031190,其他化纤长丝制无纺织...,309,荷兰,18767,千克,0,—,157313
56031190,其他化纤长丝制无纺织...,410,巴西,25537,千克,0,—,108657
56031210,浸涂的化纤长丝无纺织...,305,法国,13294,千克,0,—,47091
56031210,浸涂的化纤长丝无纺织...,315,奥地利,13,千克,0,—,34
56031210,浸涂的化纤长丝无纺织...,429,墨西哥,277,千克,0,—,4471
56031290,其他化纤长丝制无纺织...,305,法国,49530,千克,0,—,344212
56031290,其他化纤长丝制无纺织...,312,西班牙,459,千克,0,—,8900
56031290,其他化纤长丝制无纺织...,410,巴西,32985,千克,0,—,141794
56031290,其他化纤长丝制无纺织...,429,墨西哥,1260,千克,0,—,2879
56031310,浸涂化纤长丝无纺织物...,137,土耳其,570,千克,0,—,5450
56031310,浸涂化纤长丝无纺织物...,305,法国,31324,千克,0,—,150494
56031310,浸涂化纤长丝无纺织物...,307,意大利,8157,千克,0,—,29082
56031310,浸涂化纤长丝无纺织物...,315,奥地利,205,千克,0,—,10854
56031310,浸涂化纤长丝无纺织物...,327,波兰,52,千克,0,—,392
56031390,其他化纤长丝无纺织物...,137,土耳其,9882,千克,0,—,33634
56031390,其他化纤长丝无纺织物...,301,比利时,1790,千克,0,—,26321
56031390,其他化纤长丝无纺织物...,305,法国,15180,千克,0,—,166513
56031390,其他化纤长丝无纺织物...,307,意大利,5478,千克,0,—,73662
56031390,其他化纤长丝无纺织物...,350,斯洛文尼亚,5688,千克,0,—,40894
56031390,其他化纤长丝无纺织物...,410,巴西,134,千克,0,—,398
56031390,其他化纤长丝无纺织物...,429,墨西哥,215,千克,0,—,33251
56031410,浸涂、覆盖化纤长丝无...,129,菲律宾,3,千克,0,—,3389
56031410,浸涂、覆盖化纤长丝无...,307,意大利,25303,千克,0,—,955298
56031410,浸涂、覆盖化纤长丝无...,312,西班牙,343,千克,0,—,2958
56031410,浸涂、覆盖化纤长丝无...,315,奥地利,11635,千克,0,—,239552
56031410,浸涂、覆盖化纤长丝无...,327,波兰,11,千克,0,—,125
56031410,浸涂、覆盖化纤长丝无...,429,墨西哥,143,千克,0,—,880
56031410,浸涂、覆盖化纤长丝无...,501,加拿大,319,千克,0,—,3299
56031490,其他化纤长丝制无纺织...,305,法国,422,千克,0,—,6308
56031490,其他化纤长丝制无纺织...,307,意大利,18730,千克,0,—,1239792
56031490,其他化纤长丝制无纺织...,309,荷兰,1352,千克,0,—,9971
56031490,其他化纤长丝制无纺织...,501,加拿大,34535,千克,0,—,179397
56039210,浸涂的其他材料无纺织...,301,比利时,10421,千克,0,—,235932
56039210,浸涂的其他材料无纺织...,305,法国,15471,千克,0,—,256728
56039210,浸涂的其他材料无纺织...,327,波兰,0,千克,0,—,110
56039290,未浸涂其他材料无纺织...,301,比利时,4108,千克,0,—,32842
56039290,未浸涂其他材料无纺织...,305,法国,86782,千克,0,—,1020884
56039290,未浸涂其他材料无纺织...,307,意大利,5550,千克,0,—,41516
56039290,未浸涂其他材料无纺织...,501,加拿大,1,千克,0,—,126
56039310,浸涂的其他材料制无纺...,305,法国,25,千克,0,—,2332
56039310,浸涂的其他材料制无纺...,306,爱尔兰,5175,千克,0,—,29196
56039310,浸涂的其他材料制无纺...,307,意大利,470,千克,0,—,723
56039310,浸涂的其他材料制无纺...,318,芬兰,4737,千克,0,—,99961
56039390,未浸涂其他材料制无纺...,305,法国,166,千克,0,—,2601
56039390,未浸涂其他材料制无纺...,307,意大利,4529,千克,0,—,35986
56039390,未浸涂其他材料制无纺...,327,波兰,2,千克,0,—,928
56039390,未浸涂其他材料制无纺...,350,斯洛文尼亚,610,千克,0,—,5145
56039410,浸涂覆压其他材料制无...,138,阿联酋,152,千克,0,—,3765
56039410,浸涂覆压其他材料制无...,305,法国,9,千克,0,—,1818
56039410,浸涂覆压其他材料制无...,307,意大利,5410,千克,0,—,364111
56039410,浸涂覆压其他材料制无...,309,荷兰,493,千克,0,—,7467
56039410,浸涂覆压其他材料制无...,312,西班牙,6370,千克,0,—,19752
56039410,浸涂覆压其他材料制无...,318,芬兰,9597,千克,0,—,109970
56039410,浸涂覆压其他材料制无...,327,波兰,19011,千克,0,—,222082
56039490,未浸涂覆其他材料制无...,305,法国,1,千克,0,—,3
56039490,未浸涂覆其他材料制无...,307,意大利,7949,千克,0,—,335858
56039490,未浸涂覆其他材料制无...,309,荷兰,443,千克,0,—,2170
56039490,未浸涂覆其他材料制无...,318,芬兰,3032,千克,0,—,54282
56039490,未浸涂覆其他材料制无...,350,斯洛文尼亚,14,千克,0,—,802
56041000,用纺织材料包覆的橡胶...,305,法国,274,千克,0,—,25302
56041000,用纺织材料包覆的橡胶...,307,意大利,1406,千克,0,—,50846
56041000,用纺织材料包覆的橡胶...,309,荷兰,232,千克,0,—,2421
56041000,用纺织材料包覆的橡胶...,312,西班牙,0,千克,0,—,15
56041000,用纺织材料包覆的橡胶...,315,奥地利,128,千克,0,—,2058
56049000,其他橡或塑涂包覆纺织...,305,法国,2704,千克,0,—,141435
56049000,其他橡或塑涂包覆纺织...,307,意大利,18415,千克,0,—,295525
56049000,其他橡或塑涂包覆纺织...,312,西班牙,0,千克,0,—,82
56049000,其他橡或塑涂包覆纺织...,327,波兰,409,千克,0,—,12013
56050000,含金属纱线,305,法国,6,千克,0,—,269
56050000,含金属纱线,307,意大利,506,千克,0,—,21858
56050000,含金属纱线,315,奥地利,53,千克,0,—,6326
56060000,粗松螺旋花线；绳绒线...,305,法国,45,千克,0,—,8009
56060000,粗松螺旋花线；绳绒线...,307,意大利,5227,千克,0,—,146771
56060000,粗松螺旋花线；绳绒线...,444,乌拉圭,67,千克,0,—,4354
56072900,龙舌兰类纤维纺制的其...,307,意大利,8,千克,0,—,310
56074900,聚乙烯或聚丙烯纺制的...,137,土耳其,39,千克,0,—,1975
56074900,聚乙烯或聚丙烯纺制的...,305,法国,1318,千克,0,—,72641
56074900,聚乙烯或聚丙烯纺制的...,307,意大利,91,千克,0,—,3997
56074900,聚乙烯或聚丙烯纺制的...,309,荷兰,408,千克,0,—,36405
56074900,聚乙烯或聚丙烯纺制的...,312,西班牙,10,千克,0,—,6
56074900,聚乙烯或聚丙烯纺制的...,315,奥地利,0,千克,0,—,790
56074900,聚乙烯或聚丙烯纺制的...,321,匈牙利,800,千克,0,—,3086
56074900,聚乙烯或聚丙烯纺制的...,327,波兰,8039,千克,0,—,67111
56074900,聚乙烯或聚丙烯纺制的...,410,巴西,24,千克,0,—,102
56074900,聚乙烯或聚丙烯纺制的...,415,哥斯达黎加,5,千克,0,—,357
56075000,其他合成纤维纺制的线...,137,土耳其,1,千克,0,—,25
56075000,其他合成纤维纺制的线...,138,阿联酋,13686,千克,0,—,48259
56075000,其他合成纤维纺制的线...,227,马达加斯加,1060,千克,0,—,20085
56075000,其他合成纤维纺制的线...,254,津巴布韦,0,千克,0,—,20
56075000,其他合成纤维纺制的线...,301,比利时,0,千克,0,—,505
56075000,其他合成纤维纺制的线...,305,法国,5220,千克,0,—,107660
56075000,其他合成纤维纺制的线...,307,意大利,1374,千克,0,—,37618
56075000,其他合成纤维纺制的线...,309,荷兰,17217,千克,0,—,98116
56075000,其他合成纤维纺制的线...,310,希腊,78,千克,0,—,40
56075000,其他合成纤维纺制的线...,312,西班牙,1073,千克,0,—,21132
56075000,其他合成纤维纺制的线...,315,奥地利,2394,千克,0,—,43092
56075000,其他合成纤维纺制的线...,318,芬兰,0,千克,0,—,16
56075000,其他合成纤维纺制的线...,321,匈牙利,4,千克,0,—,429
56075000,其他合成纤维纺制的线...,327,波兰,24,千克,0,—,455
56075000,其他合成纤维纺制的线...,429,墨西哥,893,千克,0,—,45192
56075000,其他合成纤维纺制的线...,501,加拿大,73,千克,0,—,2882
56079010,蕉麻等硬质（叶）纤维...,129,菲律宾,927,千克,0,—,5822
56079090,未列名纤维纺制的线、...,127,巴基斯坦,299,千克,0,—,1980
56079090,未列名纤维纺制的线、...,305,法国,712,千克,0,—,9067
56079090,未列名纤维纺制的线、...,307,意大利,106,千克,0,—,4072
56079090,未列名纤维纺制的线、...,327,波兰,2,千克,0,—,55
56079090,未列名纤维纺制的线、...,501,加拿大,8846,千克,0,—,19561
56081900,化纤材料制成的网料及...,305,法国,0,千克,0,—,21
56081900,化纤材料制成的网料及...,307,意大利,3908,千克,0,—,38720
56081900,化纤材料制成的网料及...,309,荷兰,15,千克,0,—,42
56081900,化纤材料制成的网料及...,312,西班牙,9518,千克,0,—,79640
56081900,化纤材料制成的网料及...,327,波兰,157,千克,0,—,4693
56081900,化纤材料制成的网料及...,429,墨西哥,15,千克,0,—,12834
56089000,其他纤维制成的网料、...,312,西班牙,0,千克,0,—,14
56090000,纱线、5404或54...,305,法国,742,千克,0,—,58870
56090000,纱线、5404或54...,307,意大利,84,千克,0,—,5853
56090000,纱线、5404或54...,309,荷兰,1199,千克,0,—,40627
56090000,纱线、5404或54...,312,西班牙,155,千克,0,—,1494
56090000,纱线、5404或54...,315,奥地利,2,千克,0,—,50
56090000,纱线、5404或54...,321,匈牙利,1,千克,0,—,911
56090000,纱线、5404或54...,429,墨西哥,324,千克,0,—,8437
56090000,纱线、5404或54...,501,加拿大,24,千克,0,—,9871
57011000,毛制结织栽绒地毯等结...,124,蒙古,19,千克,5,平方米,75
57011000,毛制结织栽绒地毯等结...,137,土耳其,269,千克,113,平方米,5400
57011000,毛制结织栽绒地毯等结...,307,意大利,206,千克,65,平方米,20020
57011000,毛制结织栽绒地毯等结...,410,巴西,270,千克,141,平方米,6750
57019010,化纤结织栽绒地毯等结...,137,土耳其,128,千克,24,平方米,13203
57019010,化纤结织栽绒地毯等结...,307,意大利,35,千克,13,平方米,7066
57019020,丝制结织栽绒地毯等结...,305,法国,95,千克,29,平方米,18975
57019020,丝制结织栽绒地毯等结...,307,意大利,47,千克,8,平方米,3010
57019090,未列名纺材结织栽绒地...,305,法国,15,千克,1,平方米,682
57021000,开来姆、苏麦克、卡拉...,137,土耳其,355,千克,195,平方米,8336
57021000,开来姆、苏麦克、卡拉...,310,希腊,22,千克,10,平方米,512
57021000,开来姆、苏麦克、卡拉...,312,西班牙,65,千克,29,平方米,10986
57022000,椰壳纤维制的铺地制品...,301,比利时,151,千克,60,平方米,3826
57023200,化纤制起绒结构的铺地...,305,法国,0,千克,0,平方米,48
57024100,毛制起绒结构的铺地制...,124,蒙古,7316,千克,2775,平方米,38879
57024100,毛制起绒结构的铺地制...,137,土耳其,55,千克,22,平方米,2868
57024100,毛制起绒结构的铺地制...,301,比利时,121,千克,125,平方米,2651
57024100,毛制起绒结构的铺地制...,305,法国,87,千克,24,平方米,6400
57024100,毛制起绒结构的铺地制...,307,意大利,456,千克,111,平方米,36465
57024100,毛制起绒结构的铺地制...,309,荷兰,86,千克,26,平方米,2128
57024100,毛制起绒结构的铺地制...,312,西班牙,106,千克,110,平方米,4765
57024100,毛制起绒结构的铺地制...,501,加拿大,4,千克,4,平方米,19709
57024200,化纤制起绒结构的铺地...,137,土耳其,241045,千克,91458,平方米,1209947
57024200,化纤制起绒结构的铺地...,301,比利时,408,千克,177,平方米,3185
57024200,化纤制起绒结构的铺地...,305,法国,0,千克,1,平方米,285
57024200,化纤制起绒结构的铺地...,307,意大利,131,千克,73,平方米,13475
57024900,其他纺织材料制起绒结...,307,意大利,133,千克,25,平方米,8134
57024900,其他纺织材料制起绒结...,316,保加利亚,3,千克,1,平方米,65
57025020,化纤制非起绒结构的铺...,301,比利时,92,千克,46,平方米,2836
57025090,其他纺织材料非起绒结...,307,意大利,21,千克,6,平方米,910
57029100,毛制非起绒结构的铺地...,301,比利时,55,千克,11,平方米,841
57029100,毛制非起绒结构的铺地...,307,意大利,432,千克,92,平方米,35988
57029100,毛制非起绒结构的铺地...,321,匈牙利,2850,千克,1470,平方米,29327
57029200,化纤制非起绒结构的铺...,137,土耳其,3080,千克,2620,平方米,17907
57029200,化纤制非起绒结构的铺...,138,阿联酋,5,千克,2,平方米,102
57029200,化纤制非起绒结构的铺...,301,比利时,4454,千克,3408,平方米,32750
57029200,化纤制非起绒结构的铺...,305,法国,20,千克,6,平方米,733
57029200,化纤制非起绒结构的铺...,307,意大利,29,千克,9,平方米,721
57029200,化纤制非起绒结构的铺...,309,荷兰,3,千克,13,平方米,114
57029900,其他纺织材料制非起绒...,301,比利时,19,千克,27,平方米,1498
57029900,其他纺织材料制非起绒...,307,意大利,227,千克,67,平方米,2570
57029900,其他纺织材料制非起绒...,312,西班牙,114,千克,38,平方米,582
57029900,其他纺织材料制非起绒...,318,芬兰,16,千克,8,平方米,1677
57031000,毛制簇绒地毯及其他簇...,137,土耳其,58,千克,12,平方米,2967
57031000,毛制簇绒地毯及其他簇...,305,法国,1067,千克,423,平方米,24596
57031000,毛制簇绒地毯及其他簇...,306,爱尔兰,423,千克,12,平方米,5685
57031000,毛制簇绒地毯及其他簇...,307,意大利,618,千克,131,平方米,41844
57031000,毛制簇绒地毯及其他簇...,309,荷兰,52,千克,12,平方米,3222
57031000,毛制簇绒地毯及其他簇...,312,西班牙,51,千克,19,平方米,8127
57031000,毛制簇绒地毯及其他簇...,321,匈牙利,3,千克,1,平方米,1338
57032000,尼龙等聚酰胺簇绒地毯...,137,土耳其,7664,千克,6555,平方米,45232
57032000,尼龙等聚酰胺簇绒地毯...,301,比利时,5495,千克,1913,平方米,44409
57032000,尼龙等聚酰胺簇绒地毯...,305,法国,150,千克,25,平方米,39882
57032000,尼龙等聚酰胺簇绒地毯...,306,爱尔兰,40,千克,41,平方米,3939
57032000,尼龙等聚酰胺簇绒地毯...,307,意大利,207,千克,89,平方米,6187
57032000,尼龙等聚酰胺簇绒地毯...,309,荷兰,533,千克,490,平方米,10091
57032000,尼龙等聚酰胺簇绒地毯...,321,匈牙利,529,千克,344,平方米,21841
57032000,尼龙等聚酰胺簇绒地毯...,327,波兰,3405,千克,1328,平方米,104085
57032000,尼龙等聚酰胺簇绒地毯...,429,墨西哥,258,千克,145,平方米,13140
57033000,其他化纤簇绒地毯及其...,137,土耳其,175,千克,41,平方米,8098
57033000,其他化纤簇绒地毯及其...,301,比利时,5026,千克,2859,平方米,46178
57033000,其他化纤簇绒地毯及其...,307,意大利,752,千克,164,平方米,100279
57033000,其他化纤簇绒地毯及其...,309,荷兰,48,千克,25,平方米,2179
57033000,其他化纤簇绒地毯及其...,327,波兰,119,千克,42,平方米,1533
57039000,其他纺织材料簇绒地毯...,137,土耳其,68,千克,15,平方米,2553
57049000,毡呢地毯等铺地制品，...,309,荷兰,13219,千克,8199,平方米,58588
57050010,羊毛或动物细毛制未列...,127,巴基斯坦,87,千克,32,平方米,3783
57050010,羊毛或动物细毛制未列...,307,意大利,487,千克,143,平方米,50098
57050020,化纤制未列名地毯及铺...,137,土耳其,100,千克,51,平方米,2425
57050020,化纤制未列名地毯及铺...,305,法国,72,千克,68,平方米,12572
57050020,化纤制未列名地毯及铺...,307,意大利,331,千克,100,平方米,12682
57050020,化纤制未列名地毯及铺...,309,荷兰,6930,千克,2659,平方米,35224
57050020,化纤制未列名地毯及铺...,429,墨西哥,2,千克,3,平方米,200
57050020,化纤制未列名地毯及铺...,501,加拿大,4,千克,3,平方米,65
57050090,其他纺织材料制未列名...,307,意大利,196,千克,46,平方米,25116
57050090,其他纺织材料制未列名...,312,西班牙,319,千克,218,平方米,16966
58011000,羊毛或动物细毛制起绒...,244,南非,4,米,3,千克,232
58011000,羊毛或动物细毛制起绒...,301,比利时,257,米,335,千克,9990
58011000,羊毛或动物细毛制起绒...,305,法国,100,米,134,千克,17044
58011000,羊毛或动物细毛制起绒...,307,意大利,623,米,210,千克,4348
58011000,羊毛或动物细毛制起绒...,309,荷兰,369,米,419,千克,47639
58012100,棉制不割绒的纬起绒织...,307,意大利,15,米,5,千克,540
58012200,棉制割绒的灯芯绒,305,法国,13512,米,6419,千克,116198
58012200,棉制割绒的灯芯绒,307,意大利,7101,米,2569,千克,113469
58012200,棉制割绒的灯芯绒,312,西班牙,156,米,27,千克,1289
58012300,棉制其他纬起绒织物,307,意大利,2,米,2,千克,87
58012300,棉制其他纬起绒织物,312,西班牙,798,米,390,千克,1595
58012600,棉制绳绒织物,137,土耳其,1,米,1,千克,37
58012600,棉制绳绒织物,305,法国,2,米,1,千克,184
58012600,棉制绳绒织物,307,意大利,139,米,118,千克,4113
58012710,棉制不割绒的经起绒织...,307,意大利,1400,米,552,千克,22149
58012710,棉制不割绒的经起绒织...,309,荷兰,48,米,25,千克,3203
58012720,棉制割绒的经起绒织物,137,土耳其,3,米,3,千克,195
58012720,棉制割绒的经起绒织物,307,意大利,678,米,360,千克,20323
58013100,化纤制不割绒的纬起绒...,307,意大利,1328,米,810,千克,21903
58013100,化纤制不割绒的纬起绒...,310,希腊,102,米,24,千克,1750
58013100,化纤制不割绒的纬起绒...,327,波兰,160,米,127,千克,4147
58013200,化纤制割绒的灯芯绒,137,土耳其,687,米,460,千克,9381
58013300,化纤制其他纬起绒织物,137,土耳其,580,米,410,千克,8720
58013300,化纤制其他纬起绒织物,138,阿联酋,514,米,177,千克,4548
58013300,化纤制其他纬起绒织物,301,比利时,5,米,3,千克,190
58013300,化纤制其他纬起绒织物,307,意大利,2832,米,949,千克,25747
58013300,化纤制其他纬起绒织物,309,荷兰,269,米,155,千克,4954
58013300,化纤制其他纬起绒织物,312,西班牙,114,米,58,千克,2590
58013300,化纤制其他纬起绒织物,501,加拿大,4,米,3,千克,88
58013600,化纤制绳绒织物,137,土耳其,1913,米,1289,千克,16625
58013600,化纤制绳绒织物,301,比利时,492,米,273,千克,6828
58013600,化纤制绳绒织物,305,法国,73,米,61,千克,5066
58013600,化纤制绳绒织物,307,意大利,3034,米,2044,千克,51194
58013600,化纤制绳绒织物,312,西班牙,509,米,386,千克,9197
58013710,化纤制不割绒的经起绒...,137,土耳其,32,米,19,千克,955
58013710,化纤制不割绒的经起绒...,301,比利时,30,米,16,千克,892
58013710,化纤制不割绒的经起绒...,305,法国,137,米,26,千克,13288
58013710,化纤制不割绒的经起绒...,307,意大利,142,米,73,千克,8963
58013710,化纤制不割绒的经起绒...,309,荷兰,20,米,13,千克,701
58013710,化纤制不割绒的经起绒...,312,西班牙,259,米,162,千克,3494
58013710,化纤制不割绒的经起绒...,410,巴西,100,米,38,千克,1944
58013720,化纤制割绒的经起绒织...,137,土耳其,1935,米,1227,千克,22777
58013720,化纤制割绒的经起绒织...,138,阿联酋,110,米,98,千克,1187
58013720,化纤制割绒的经起绒织...,301,比利时,395,米,285,千克,8782
58013720,化纤制割绒的经起绒织...,305,法国,10,米,10,千克,770
58013720,化纤制割绒的经起绒织...,307,意大利,1931,米,2919,千克,45104
58013720,化纤制割绒的经起绒织...,309,荷兰,79,米,54,千克,2036
58013720,化纤制割绒的经起绒织...,312,西班牙,1696,米,1133,千克,19111
58019010,丝及绢丝制起绒及绳绒...,307,意大利,6,米,2,千克,2521
58019090,未列名纺织材料制起绒...,307,意大利,5,米,3,千克,456
58019090,未列名纺织材料制起绒...,501,加拿大,22,米,15,千克,1680
58021900,其他棉制毛巾织物及类...,137,土耳其,11,米,3,千克,167
58021900,其他棉制毛巾织物及类...,307,意大利,2,米,0,千克,177
58021900,其他棉制毛巾织物及类...,429,墨西哥,1,米,0,千克,3
58023040,化纤制簇绒织物,305,法国,5,米,1,千克,1
58030030,化纤制纱罗,137,土耳其,5462,米,2405,千克,38207
58030090,其他纺织材料制纱罗,307,意大利,5,米,2,千克,236
58041020,棉制网眼薄纱及其他网...,305,法国,11,千克,0,—,3741
58041020,棉制网眼薄纱及其他网...,307,意大利,43,千克,0,—,3979
58041030,化纤制网眼薄纱及其他...,137,土耳其,289,千克,0,—,43761
58041030,化纤制网眼薄纱及其他...,305,法国,1790,千克,0,—,42548
58041030,化纤制网眼薄纱及其他...,307,意大利,1075,千克,0,—,29335
58041030,化纤制网眼薄纱及其他...,310,希腊,147,千克,0,—,199
58041090,其他纺织材料制网眼薄...,305,法国,79,千克,0,—,9465
58041090,其他纺织材料制网眼薄...,307,意大利,15,千克,0,—,70
58041090,其他纺织材料制网眼薄...,312,西班牙,3,千克,0,—,1013
58042100,化纤制机制花边,127,巴基斯坦,115,千克,0,—,649
58042100,化纤制机制花边,137,土耳其,280,千克,0,—,14418
58042100,化纤制机制花边,305,法国,462,千克,0,—,64169
58042100,化纤制机制花边,307,意大利,489,千克,0,—,57594
58042100,化纤制机制花边,312,西班牙,93,千克,0,—,4074
58042920,棉制机制花边,137,土耳其,673,千克,0,—,35493
58042920,棉制机制花边,305,法国,70,千克,0,—,21574
58042920,棉制机制花边,307,意大利,83,千克,0,—,14551
58042920,棉制机制花边,312,西班牙,1,千克,0,—,775
58042990,未列名纺织材料制机制...,305,法国,5,千克,0,—,5585
58050090,“哥白林”，“弗朗德...,305,法国,1,平方米,15,千克,794
58061090,其他纺织材料制狭幅起...,301,比利时,84,千克,0,—,2168
58061090,其他纺织材料制狭幅起...,305,法国,339,千克,0,—,22491
58061090,其他纺织材料制狭幅起...,307,意大利,2,千克,0,—,894
58061090,其他纺织材料制狭幅起...,312,西班牙,293,千克,0,—,5852
58061090,其他纺织材料制狭幅起...,429,墨西哥,10,千克,0,—,871
58061090,其他纺织材料制狭幅起...,501,加拿大,0,千克,0,—,8
58062000,含弹性纱线或橡胶线≥...,129,菲律宾,1087,千克,0,—,18975
58062000,含弹性纱线或橡胶线≥...,137,土耳其,3,千克,0,—,40
58062000,含弹性纱线或橡胶线≥...,301,比利时,2437,千克,0,—,41073
58062000,含弹性纱线或橡胶线≥...,305,法国,568,千克,0,—,28159
58062000,含弹性纱线或橡胶线≥...,307,意大利,2429,千克,0,—,34488
58062000,含弹性纱线或橡胶线≥...,310,希腊,35,千克,0,—,1936
58062000,含弹性纱线或橡胶线≥...,312,西班牙,13,千克,0,—,206
58062000,含弹性纱线或橡胶线≥...,315,奥地利,367,千克,0,—,10678
58062000,含弹性纱线或橡胶线≥...,350,斯洛文尼亚,6,千克,0,—,333
58063100,棉制未列名狭幅机织物,137,土耳其,3,千克,0,—,945
58063100,棉制未列名狭幅机织物,305,法国,4465,千克,0,—,306683
58063100,棉制未列名狭幅机织物,307,意大利,2918,千克,0,—,173512
58063100,棉制未列名狭幅机织物,312,西班牙,2,千克,0,—,373
58063100,棉制未列名狭幅机织物,315,奥地利,9,千克,0,—,811
58063100,棉制未列名狭幅机织物,327,波兰,0,千克,0,—,16
58063200,化纤制未列名狭幅机织...,129,菲律宾,138737,千克,0,—,541316
58063200,化纤制未列名狭幅机织...,301,比利时,11270,千克,0,—,193403
58063200,化纤制未列名狭幅机织...,305,法国,7349,千克,0,—,451169
58063200,化纤制未列名狭幅机织...,306,爱尔兰,0,千克,0,—,16613
58063200,化纤制未列名狭幅机织...,307,意大利,23881,千克,0,—,245309
58063200,化纤制未列名狭幅机织...,309,荷兰,562,千克,0,—,11538
58063200,化纤制未列名狭幅机织...,310,希腊,427,千克,0,—,12865
58063200,化纤制未列名狭幅机织...,312,西班牙,506,千克,0,—,17353
58063200,化纤制未列名狭幅机织...,315,奥地利,17,千克,0,—,229
58063200,化纤制未列名狭幅机织...,318,芬兰,734,千克,0,—,15677
58063200,化纤制未列名狭幅机织...,321,匈牙利,277,千克,0,—,7059
58063200,化纤制未列名狭幅机织...,326,挪威,12,千克,0,—,1518
58063200,化纤制未列名狭幅机织...,327,波兰,300,千克,0,—,24614
58063200,化纤制未列名狭幅机织...,410,巴西,759,千克,0,—,4998
58063200,化纤制未列名狭幅机织...,429,墨西哥,0,千克,0,—,967
58063200,化纤制未列名狭幅机织...,501,加拿大,6194,千克,0,—,16692
58063910,丝及绢丝制未列名狭幅...,305,法国,24,千克,0,—,8583
58063910,丝及绢丝制未列名狭幅...,307,意大利,0,千克,0,—,10
58063920,羊毛或动物细毛制未列...,326,挪威,1,千克,0,—,21
58063990,其他纺织材料制未列名...,307,意大利,124,千克,0,—,1391
58064010,棉或麻制粘合成的有经...,127,巴基斯坦,235,千克,0,—,2769
58071000,机织的纺织材料制非绣...,127,巴基斯坦,1,千克,0,—,604
58071000,机织的纺织材料制非绣...,137,土耳其,294,千克,0,—,26256
58071000,机织的纺织材料制非绣...,301,比利时,159,千克,0,—,6147
58071000,机织的纺织材料制非绣...,305,法国,138,千克,0,—,23987
58071000,机织的纺织材料制非绣...,307,意大利,1228,千克,0,—,229083
58071000,机织的纺织材料制非绣...,309,荷兰,40,千克,0,—,2943
58071000,机织的纺织材料制非绣...,312,西班牙,90,千克,0,—,4342
58071000,机织的纺织材料制非绣...,315,奥地利,28,千克,0,—,547
58071000,机织的纺织材料制非绣...,318,芬兰,0,千克,0,—,2
58071000,机织的纺织材料制非绣...,501,加拿大,33,千克,0,—,1145
58079000,非机织的纺织材料制非...,305,法国,5,千克,0,—,796
58079000,非机织的纺织材料制非...,307,意大利,11,千克,0,—,6786
58081000,成匹的编带,129,菲律宾,5724,千克,0,—,26130
58081000,成匹的编带,305,法国,293,千克,0,—,8360
58081000,成匹的编带,307,意大利,121,千克,0,—,7521
58081000,成匹的编带,312,西班牙,147,千克,0,—,3527
58089000,其他非绣制的成匹装饰...,305,法国,778,千克,0,—,56365
58089000,其他非绣制的成匹装饰...,307,意大利,23,千克,0,—,2019
58089000,其他非绣制的成匹装饰...,312,西班牙,20,千克,0,—,3227
58090020,衣着等用途金属线及含...,301,比利时,39,米,75,千克,23743
58090090,衣着等用金属线及含金...,301,比利时,20,米,21,千克,3708
58090090,衣着等用金属线及含金...,305,法国,25,米,0,千克,92
58101000,不见底布的刺绣品,301,比利时,35,千克,0,—,441
58101000,不见底布的刺绣品,305,法国,23,千克,0,—,11054
58101000,不见底布的刺绣品,307,意大利,27,千克,0,—,2133
58101000,不见底布的刺绣品,312,西班牙,1,千克,0,—,379
58109100,其他棉制刺绣品,137,土耳其,351,千克,0,—,18924
58109100,其他棉制刺绣品,307,意大利,3,千克,0,—,1761
58109100,其他棉制刺绣品,312,西班牙,2,千克,0,—,139
58109200,其他化纤制刺绣品,127,巴基斯坦,11,千克,0,—,150
58109200,其他化纤制刺绣品,137,土耳其,148,千克,0,—,8148
58109200,其他化纤制刺绣品,301,比利时,10,千克,0,—,542
58109200,其他化纤制刺绣品,305,法国,3,千克,0,—,1648
58109200,其他化纤制刺绣品,307,意大利,53,千克,0,—,6582
58109200,其他化纤制刺绣品,312,西班牙,72,千克,0,—,2761
58109200,其他化纤制刺绣品,315,奥地利,10,千克,0,—,8163
58109200,其他化纤制刺绣品,429,墨西哥,66,千克,0,—,5012
58109900,其他纺织材料制刺绣品,227,马达加斯加,12,千克,0,—,11892
58109900,其他纺织材料制刺绣品,307,意大利,42,千克,0,—,600
58110030,棉制纺织材料与胎料组...,336,立陶宛,394,千克,0,—,7205
58110040,化纤制纺织材料与胎料...,307,意大利,1048,千克,0,—,15932
58110040,化纤制纺织材料与胎料...,312,西班牙,141,千克,0,—,6836
59011010,涂胶或淀粉的棉或麻织...,305,法国,63,千克,0,—,1990
59011010,涂胶或淀粉的棉或麻织...,307,意大利,3,千克,0,—,2869
59011010,涂胶或淀粉的棉或麻织...,309,荷兰,1740,千克,0,—,1518
59011020,涂胶或淀粉的化纤纺织...,307,意大利,1601,千克,0,—,3482
59011020,涂胶或淀粉的化纤纺织...,309,荷兰,408,千克,0,—,551
59019010,制成的油画布,307,意大利,12,千克,0,—,213
59019010,制成的油画布,312,西班牙,120,千克,0,—,1650
59021020,聚酰胺-6，6（尼龙...,137,土耳其,15751,千克,0,—,94397
59021090,其他尼龙或其他聚酰胺...,137,土耳其,1085,千克,0,—,19378
59021090,其他尼龙或其他聚酰胺...,327,波兰,40119,千克,0,—,565794
59029000,粘胶纤维高强力纱制帘...,137,土耳其,1054,千克,0,—,8600
59031010,聚氯乙烯浸涂、包覆或...,501,加拿大,85,千克,0,—,1929
59031020,聚氯乙烯浸渍、涂布、...,137,土耳其,4140,千克,5092,米,32697
59031020,聚氯乙烯浸渍、涂布、...,305,法国,32,千克,67,米,10836
59031020,聚氯乙烯浸渍、涂布、...,306,爱尔兰,36,千克,30,米,571
59031020,聚氯乙烯浸渍、涂布、...,307,意大利,10293,千克,12965,米,114882
59031020,聚氯乙烯浸渍、涂布、...,312,西班牙,61,千克,61,米,903
59031020,聚氯乙烯浸渍、涂布、...,327,波兰,22233,千克,16426,米,181686
59031020,聚氯乙烯浸渍、涂布、...,350,斯洛文尼亚,1348,千克,941,米,11205
59031020,聚氯乙烯浸渍、涂布、...,415,哥斯达黎加,311,千克,325,米,5198
59031020,聚氯乙烯浸渍、涂布、...,429,墨西哥,406,千克,315,米,4110
59031020,聚氯乙烯浸渍、涂布、...,501,加拿大,52040,千克,92947,米,249323
59031090,其他聚氯乙烯浸涂、包...,137,土耳其,873,千克,0,—,17371
59031090,其他聚氯乙烯浸涂、包...,301,比利时,809,千克,0,—,6931
59031090,其他聚氯乙烯浸涂、包...,305,法国,602,千克,0,—,84813
59031090,其他聚氯乙烯浸涂、包...,307,意大利,20651,千克,0,—,342613
59031090,其他聚氯乙烯浸涂、包...,309,荷兰,1402,千克,0,—,12476
59031090,其他聚氯乙烯浸涂、包...,327,波兰,9366,千克,0,—,61475
59031090,其他聚氯乙烯浸涂、包...,501,加拿大,15,千克,0,—,294
59032010,聚氨基甲酸酯浸涂、包...,307,意大利,300,千克,0,—,10683
59032010,聚氨基甲酸酯浸涂、包...,309,荷兰,41,千克,0,—,559
59032020,聚氨基甲酸酯浸涂、包...,307,意大利,14456,千克,24369,米,146880
59032020,聚氨基甲酸酯浸涂、包...,309,荷兰,38,千克,200,米,747
59032020,聚氨基甲酸酯浸涂、包...,312,西班牙,14,千克,20,米,1647
59032020,聚氨基甲酸酯浸涂、包...,429,墨西哥,931,千克,1271,米,36951
59032090,其他聚氨基甲酸酯浸涂...,137,土耳其,3648,千克,0,—,55075
59032090,其他聚氨基甲酸酯浸涂...,301,比利时,8356,千克,0,—,168662
59032090,其他聚氨基甲酸酯浸涂...,305,法国,189,千克,0,—,18316
59032090,其他聚氨基甲酸酯浸涂...,307,意大利,8457,千克,0,—,485375
59032090,其他聚氨基甲酸酯浸涂...,309,荷兰,647,千克,0,—,11116
59032090,其他聚氨基甲酸酯浸涂...,312,西班牙,333,千克,0,—,5412
59032090,其他聚氨基甲酸酯浸涂...,315,奥地利,3100,千克,0,—,56196
59032090,其他聚氨基甲酸酯浸涂...,327,波兰,8863,千克,0,—,201148
59032090,其他聚氨基甲酸酯浸涂...,350,斯洛文尼亚,2370,千克,0,—,33160
59032090,其他聚氨基甲酸酯浸涂...,429,墨西哥,20,千克,0,—,1031
59032090,其他聚氨基甲酸酯浸涂...,501,加拿大,59,千克,0,—,3401
59039010,其他塑料浸涂、包覆或...,307,意大利,1264,千克,0,—,8617
59039020,其他塑料浸涂、包覆或...,307,意大利,1507,千克,2112,米,95408
59039090,其他塑料浸涂、包覆或...,129,菲律宾,412444,千克,0,—,3280296
59039090,其他塑料浸涂、包覆或...,137,土耳其,766,千克,0,—,12262
59039090,其他塑料浸涂、包覆或...,301,比利时,4,千克,0,—,72
59039090,其他塑料浸涂、包覆或...,305,法国,771,千克,0,—,46901
59039090,其他塑料浸涂、包覆或...,307,意大利,2439,千克,0,—,153193
59039090,其他塑料浸涂、包覆或...,309,荷兰,549,千克,0,—,12978
59039090,其他塑料浸涂、包覆或...,312,西班牙,129,千克,0,—,3583
59039090,其他塑料浸涂、包覆或...,315,奥地利,63302,千克,0,—,1227917
59039090,其他塑料浸涂、包覆或...,318,芬兰,1152,千克,0,—,397
59039090,其他塑料浸涂、包覆或...,326,挪威,503,千克,0,—,1305
59039090,其他塑料浸涂、包覆或...,327,波兰,115,千克,0,—,3232
59039090,其他塑料浸涂、包覆或...,429,墨西哥,0,千克,0,—,9
59039090,其他塑料浸涂、包覆或...,501,加拿大,50,千克,0,—,4553
59041000,列诺伦（亚麻油地毡）,307,意大利,178,千克,63,平方米,979
59041000,列诺伦（亚麻油地毡）,309,荷兰,77004,千克,27323,平方米,179335
59049000,以其他纺织物为底布经...,309,荷兰,925,千克,357,平方米,9969
59050000,糊墙织物,129,菲律宾,5,千克,7,平方米,536
59050000,糊墙织物,301,比利时,1157,千克,3572,平方米,39874
59050000,糊墙织物,305,法国,542,千克,1210,平方米,75279
59050000,糊墙织物,307,意大利,397,千克,1275,平方米,27819
59050000,糊墙织物,309,荷兰,1501,千克,3853,平方米,121583
59061010,用橡胶处理的纺织物胶...,244,南非,0,千克,0,—,26
59061010,用橡胶处理的纺织物胶...,305,法国,8,千克,0,—,709
59061010,用橡胶处理的纺织物胶...,307,意大利,995,千克,0,—,15259
59061010,用橡胶处理的纺织物胶...,312,西班牙,5,千克,0,—,249
59061010,用橡胶处理的纺织物胶...,501,加拿大,24,千克,0,—,640
59061090,用橡胶处理的其他纺织...,305,法国,0,千克,0,—,151
59061090,用橡胶处理的其他纺织...,309,荷兰,2304,千克,0,—,18914
59061090,用橡胶处理的其他纺织...,501,加拿大,6147,千克,0,—,92218
59069910,其他用橡胶处理的非针...,307,意大利,70,千克,0,—,295
59069910,其他用橡胶处理的非针...,312,西班牙,362,千克,0,—,3402
59069990,未列名用橡胶处理的非...,137,土耳其,52,千克,0,—,815
59069990,未列名用橡胶处理的非...,301,比利时,1939,千克,0,—,33577
59069990,未列名用橡胶处理的非...,305,法国,11,千克,0,—,2401
59069990,未列名用橡胶处理的非...,307,意大利,6165,千克,0,—,204989
59069990,未列名用橡胶处理的非...,350,斯洛文尼亚,897,千克,0,—,18273
59069990,未列名用橡胶处理的非...,501,加拿大,5649,千克,0,—,53813
59070020,用其他材料浸渍、涂布...,305,法国,40,千克,0,—,41889
59070090,用其他材料浸渍、涂布...,137,土耳其,37354,千克,0,—,237775
59070090,用其他材料浸渍、涂布...,301,比利时,4,千克,0,—,446
59070090,用其他材料浸渍、涂布...,305,法国,368,千克,0,—,19150
59070090,用其他材料浸渍、涂布...,307,意大利,378,千克,0,—,6575
59070090,用其他材料浸渍、涂布...,309,荷兰,268,千克,0,—,21338
59070090,用其他材料浸渍、涂布...,315,奥地利,11,千克,0,—,453
59070090,用其他材料浸渍、涂布...,429,墨西哥,7,千克,0,—,3104
59070090,用其他材料浸渍、涂布...,501,加拿大,3592,千克,0,—,147444
59090000,纺织材料制的水龙软管...,305,法国,41,千克,0,—,5196
59090000,纺织材料制的水龙软管...,309,荷兰,0,千克,0,—,28
59090000,纺织材料制的水龙软管...,312,西班牙,24,千克,0,—,299
59090000,纺织材料制的水龙软管...,326,挪威,55,千克,0,—,720
59090000,纺织材料制的水龙软管...,429,墨西哥,3,千克,0,—,60
59090000,纺织材料制的水龙软管...,501,加拿大,0,千克,0,—,921
59100000,纺织材料制的传动带或...,305,法国,13461,千克,0,—,343461
59100000,纺织材料制的传动带或...,307,意大利,2402,千克,0,—,145038
59100000,纺织材料制的传动带或...,309,荷兰,2005,千克,0,—,90346
59100000,纺织材料制的传动带或...,312,西班牙,16,千克,0,—,1492
59100000,纺织材料制的传动带或...,318,芬兰,9,千克,0,—,6813
59100000,纺织材料制的传动带或...,327,波兰,21,千克,0,—,2134
59100000,纺织材料制的传动带或...,429,墨西哥,5757,千克,0,—,113506
59111010,橡胶浸渍的包覆纺缍（...,309,荷兰,18,千克,0,—,153
59111090,橡胶、皮革等涂覆或层...,305,法国,7823,千克,0,—,826603
59111090,橡胶、皮革等涂覆或层...,307,意大利,8744,千克,0,—,234319
59111090,橡胶、皮革等涂覆或层...,309,荷兰,76,千克,0,—,2368
59111090,橡胶、皮革等涂覆或层...,321,匈牙利,22,千克,0,—,945
59112000,筛布，不论是否制成的,305,法国,82,千克,0,—,4069
59112000,筛布，不论是否制成的,307,意大利,10337,千克,0,—,1786728
59112000,筛布，不论是否制成的,309,荷兰,18,千克,0,—,5534
59112000,筛布，不论是否制成的,312,西班牙,32,千克,0,—,8420
59112000,筛布，不论是否制成的,315,奥地利,974,千克,0,—,34295
59113100,造纸机等用环状或有联...,305,法国,203,千克,0,—,14444
59113100,造纸机等用环状或有联...,307,意大利,137,千克,0,—,42756
59113100,造纸机等用环状或有联...,318,芬兰,720,千克,0,—,171067
59113100,造纸机等用环状或有联...,410,巴西,0,千克,0,—,180
59113100,造纸机等用环状或有联...,501,加拿大,622,千克,0,—,53005
59113200,造纸机等用环状或有联...,301,比利时,14543,千克,0,—,641504
59113200,造纸机等用环状或有联...,307,意大利,2620,千克,0,—,120660
59113200,造纸机等用环状或有联...,312,西班牙,1730,千克,0,—,51125
59113200,造纸机等用环状或有联...,315,奥地利,4110,千克,0,—,207312
59113200,造纸机等用环状或有联...,318,芬兰,15072,千克,0,—,850733
59113200,造纸机等用环状或有联...,410,巴西,1849,千克,0,—,129447
59113200,造纸机等用环状或有联...,429,墨西哥,188,千克,0,—,13489
59113200,造纸机等用环状或有联...,501,加拿大,924,千克,0,—,105178
59114000,榨油机器或类似机器的...,301,比利时,100,千克,0,—,2134
59114000,榨油机器或类似机器的...,307,意大利,8,千克,0,—,885
59114000,榨油机器或类似机器的...,309,荷兰,54,千克,0,—,7954
59114000,榨油机器或类似机器的...,429,墨西哥,0,千克,0,—,540
59119000,未列名作专门技术用途...,127,巴基斯坦,2548,千克,0,—,68866
59119000,未列名作专门技术用途...,129,菲律宾,3575,千克,0,—,73746
59119000,未列名作专门技术用途...,137,土耳其,71,千克,0,—,4017
59119000,未列名作专门技术用途...,244,南非,0,千克,0,—,42
59119000,未列名作专门技术用途...,301,比利时,8055,千克,0,—,137290
59119000,未列名作专门技术用途...,305,法国,2320,千克,0,—,423326
59119000,未列名作专门技术用途...,306,爱尔兰,160,千克,0,—,8890
59119000,未列名作专门技术用途...,307,意大利,2933,千克,0,—,114608
59119000,未列名作专门技术用途...,309,荷兰,125,千克,0,—,17401
59119000,未列名作专门技术用途...,312,西班牙,2573,千克,0,—,66567
59119000,未列名作专门技术用途...,315,奥地利,316,千克,0,—,18936
59119000,未列名作专门技术用途...,316,保加利亚,2035,千克,0,—,30912
59119000,未列名作专门技术用途...,318,芬兰,75,千克,0,—,11375
59119000,未列名作专门技术用途...,321,匈牙利,1091,千克,0,—,60485
59119000,未列名作专门技术用途...,327,波兰,1310,千克,0,—,58781
59119000,未列名作专门技术用途...,336,立陶宛,0,千克,0,—,5
59119000,未列名作专门技术用途...,350,斯洛文尼亚,7,千克,0,—,1417
59119000,未列名作专门技术用途...,410,巴西,673,千克,0,—,40001
59119000,未列名作专门技术用途...,429,墨西哥,1418,千克,0,—,88118
59119000,未列名作专门技术用途...,501,加拿大,1133,千克,0,—,58164
60011000,针织或钩编的“长毛绒...,307,意大利,1172,米,673,千克,31515
60011000,针织或钩编的“长毛绒...,336,立陶宛,1852,米,1133,千克,20206
60012100,棉制针织或钩编的毛圈...,137,土耳其,240,米,87,千克,480
60012200,化纤制针织或钩编的毛...,307,意大利,881,米,388,千克,13295
60012900,其他纺织材料制针织或...,307,意大利,1600,米,1109,千克,16000
60019100,棉制针织或钩编的其他...,307,意大利,1066,米,416,千克,16691
60019200,化纤制针织或钩编的其...,137,土耳其,3363,米,1664,千克,23531
60019200,化纤制针织或钩编的其...,301,比利时,113,米,55,千克,1017
60019200,化纤制针织或钩编的其...,305,法国,550,米,194,千克,2561
60019200,化纤制针织或钩编的其...,307,意大利,12453,米,4409,千克,157785
60019200,化纤制针织或钩编的其...,309,荷兰,82,米,40,千克,948
60019200,化纤制针织或钩编的其...,312,西班牙,311,米,141,千克,1551
60019200,化纤制针织或钩编的其...,327,波兰,399,米,332,千克,3874
60019200,化纤制针织或钩编的其...,429,墨西哥,79,米,93,千克,5209
60019200,化纤制针织或钩编的其...,501,加拿大,300,米,57,千克,2369
60019900,其他纺织材料制针织或...,307,意大利,9,米,5,千克,39
60024030,合纤针织钩编物，宽≤...,307,意大利,9325,米,169,千克,16660
60029030,合纤针织钩编织物，宽...,305,法国,280,米,27,千克,465
60033000,合纤针织钩编物，宽≤...,305,法国,22508,米,11,千克,452
60033000,合纤针织钩编物，宽≤...,312,西班牙,20250,米,558,千克,8706
60033000,合纤针织钩编物，宽≤...,315,奥地利,156000,米,220,千克,4753
60033000,合纤针织钩编物，宽≤...,321,匈牙利,25200,米,952,千克,25790
60039000,其他针织钩编物，宽≤...,127,巴基斯坦,1762,米,199,千克,7665
60039000,其他针织钩编物，宽≤...,307,意大利,3,米,1,千克,539
60041010,棉针织或钩编物，宽＞...,307,意大利,5466,米,1884,千克,67091
60041030,合纤针织钩编物，宽＞...,129,菲律宾,72,米,27,千克,381
60041030,合纤针织钩编物，宽＞...,137,土耳其,83,米,14,千克,659
60041030,合纤针织钩编物，宽＞...,138,阿联酋,480,米,380,千克,6073
60041030,合纤针织钩编物，宽＞...,301,比利时,3845,米,1589,千克,66208
60041030,合纤针织钩编物，宽＞...,305,法国,838,米,389,千克,5066
60041030,合纤针织钩编物，宽＞...,307,意大利,412566,米,110547,千克,2145829
60041030,合纤针织钩编物，宽＞...,312,西班牙,12122,米,5195,千克,140913
60041030,合纤针织钩编物，宽＞...,315,奥地利,680,米,174,千克,6647
60041030,合纤针织钩编物，宽＞...,316,保加利亚,606,米,196,千克,4157
60041030,合纤针织钩编物，宽＞...,350,斯洛文尼亚,70,米,6,千克,85
60041030,合纤针织钩编物，宽＞...,410,巴西,1860,米,678,千克,6230
60041040,人纤针织钩编物，宽＞...,307,意大利,1204,米,355,千克,10726
60041040,人纤针织钩编物，宽＞...,315,奥地利,2059,米,495,千克,38178
60041040,人纤针织钩编物，宽＞...,316,保加利亚,2320,米,535,千克,2320
60041090,其他针织钩编物，宽＞...,307,意大利,329,米,149,千克,7705
60049030,合纤针织钩编物，宽＞...,138,阿联酋,1,米,2,千克,46
60049030,合纤针织钩编物，宽＞...,307,意大利,5284,米,2253,千克,52187
60049030,合纤针织钩编物，宽＞...,316,保加利亚,5,米,3,千克,92
60049040,人纤针织钩编物，宽＞...,307,意大利,2847,米,835,千克,11388
60049090,其他针织钩编物，宽＞...,301,比利时,2304,米,768,千克,3017
60049090,其他针织钩编物，宽＞...,307,意大利,222,米,74,千克,290
60052100,棉制未漂白或漂白经编...,309,荷兰,1330,米,84,千克,1434
60052400,棉制印花经编织物,307,意大利,6,米,2,千克,105
60053600,其他合成纤维制未漂白...,301,比利时,1500,米,1200,千克,6400
60053600,其他合成纤维制未漂白...,306,爱尔兰,38,米,0,千克,17329
60053600,其他合成纤维制未漂白...,307,意大利,26967,米,7008,千克,54357
60053700,其他合成纤维制染色经...,137,土耳其,2000,米,79,千克,2300
60053700,其他合成纤维制染色经...,301,比利时,26,米,12,千克,229
60053700,其他合成纤维制染色经...,305,法国,3463,米,499,千克,56132
60053700,其他合成纤维制染色经...,307,意大利,92595,米,13310,千克,192579
60053700,其他合成纤维制染色经...,312,西班牙,37,米,18,千克,429
60053700,其他合成纤维制染色经...,350,斯洛文尼亚,5,米,0,千克,10
60053700,其他合成纤维制染色经...,429,墨西哥,7118,米,2043,千克,44107
60053800,其他合成纤维制色织经...,137,土耳其,35,米,23,千克,1207
60053800,其他合成纤维制色织经...,305,法国,541,米,317,千克,44347
60053800,其他合成纤维制色织经...,312,西班牙,669,米,314,千克,12705
60053800,其他合成纤维制色织经...,501,加拿大,9212,米,1949,千克,25185
60053900,其他合成纤维制印花经...,307,意大利,337,米,42,千克,5998
60054200,人造纤维制染色经编织...,307,意大利,1038,米,432,千克,8305
60059090,其他纺织材料制经编织...,137,土耳其,1268,米,465,千克,4980
60061000,羊毛或动物细毛制其他...,305,法国,1898,米,885,千克,7083
60061000,羊毛或动物细毛制其他...,307,意大利,26703,米,11560,千克,487936
60061000,羊毛或动物细毛制其他...,309,荷兰,111,米,100,千克,8560
60061000,羊毛或动物细毛制其他...,315,奥地利,3494,米,1721,千克,40788
60062100,棉制未漂白或漂白其他...,307,意大利,1933,米,574,千克,53855
60062200,棉制染色其他针织或钩...,137,土耳其,13145,米,5647,千克,71066
60062200,棉制染色其他针织或钩...,305,法国,78,米,18,千克,537
60062200,棉制染色其他针织或钩...,307,意大利,12606,米,7704,千克,74776
60062200,棉制染色其他针织或钩...,309,荷兰,431,米,251,千克,4831
60062200,棉制染色其他针织或钩...,312,西班牙,1191,米,389,千克,6978
60062200,棉制染色其他针织或钩...,315,奥地利,50,米,8,千克,80
60062300,棉制色织其他针织或钩...,137,土耳其,2447,米,1180,千克,8845
60062300,棉制色织其他针织或钩...,307,意大利,7954,米,3568,千克,138157
60062300,棉制色织其他针织或钩...,312,西班牙,9,米,7,千克,297
60062400,棉制印花其他针织或钩...,137,土耳其,82,米,20,千克,590
60062400,棉制印花其他针织或钩...,307,意大利,592,米,85,千克,592
60062400,棉制印花其他针织或钩...,309,荷兰,16,米,6,千克,582
60062400,棉制印花其他针织或钩...,312,西班牙,576,米,91,千克,5149
60063100,合成纤维制未漂白或漂...,305,法国,106,米,73,千克,4136
60063100,合成纤维制未漂白或漂...,307,意大利,2471,米,496,千克,4826
60063200,合成纤维制染色其他针...,129,菲律宾,949,米,348,千克,4290
60063200,合成纤维制染色其他针...,137,土耳其,953,米,351,千克,8970
60063200,合成纤维制染色其他针...,301,比利时,705,米,182,千克,10237
60063200,合成纤维制染色其他针...,305,法国,6495,米,2385,千克,33392
60063200,合成纤维制染色其他针...,307,意大利,114500,米,38826,千克,455783
60063200,合成纤维制染色其他针...,309,荷兰,13,米,14,千克,796
60063200,合成纤维制染色其他针...,312,西班牙,618,米,156,千克,1091
60063200,合成纤维制染色其他针...,315,奥地利,964,米,482,千克,24009
60063200,合成纤维制染色其他针...,316,保加利亚,9,米,2,千克,81
60063200,合成纤维制染色其他针...,327,波兰,12,米,0,千克,30
60063200,合成纤维制染色其他针...,501,加拿大,55,米,10,千克,40
60063300,合成纤维制色织其他针...,137,土耳其,1309,米,962,千克,7836
60063300,合成纤维制色织其他针...,301,比利时,421,米,388,千克,1483
60063300,合成纤维制色织其他针...,305,法国,24,米,15,千克,1869
60063300,合成纤维制色织其他针...,307,意大利,10036,米,3720,千克,98504
60063300,合成纤维制色织其他针...,309,荷兰,402,米,146,千克,5457
60063300,合成纤维制色织其他针...,312,西班牙,19,米,9,千克,1095
60063300,合成纤维制色织其他针...,316,保加利亚,3506,米,1717,千克,23301
60063400,合成纤维制印花其他针...,305,法国,314,米,88,千克,2952
60063400,合成纤维制印花其他针...,307,意大利,4,米,10,千克,113
60064100,人造纤维制未漂白或漂...,127,巴基斯坦,904,米,404,千克,15555
60064100,人造纤维制未漂白或漂...,305,法国,60,米,1,千克,47
60064200,人造纤维制染色其他针...,137,土耳其,105,米,20,千克,1432
60064200,人造纤维制染色其他针...,307,意大利,6957,米,2452,千克,58816
60064200,人造纤维制染色其他针...,309,荷兰,30,米,10,千克,545
60064300,人造纤维制色织其他针...,305,法国,125,米,5,千克,349
60064300,人造纤维制色织其他针...,307,意大利,13537,米,5446,千克,156903
60064300,人造纤维制色织其他针...,309,荷兰,81,米,192,千克,5886
60064300,人造纤维制色织其他针...,312,西班牙,5,米,4,千克,433
60064400,人造纤维制印花其他针...,305,法国,860,米,239,千克,7310
60064400,人造纤维制印花其他针...,307,意大利,159,米,41,千克,2305
60069000,未列名纺织材料制其他...,307,意大利,1336,米,526,千克,40072
60069000,未列名纺织材料制其他...,315,奥地利,531,米,289,千克,5930
61012000,棉针织或钩编男大衣，...,127,巴基斯坦,181,件,101,千克,1934
61012000,棉针织或钩编男大衣，...,137,土耳其,802,件,422,千克,16309
61012000,棉针织或钩编男大衣，...,305,法国,3,件,2,千克,316
61012000,棉针织或钩编男大衣，...,307,意大利,52,件,35,千克,12595
61012000,棉针织或钩编男大衣，...,312,西班牙,2,件,2,千克,537
61012000,棉针织或钩编男大衣，...,313,阿尔巴尼亚,2,件,2,千克,150
61012000,棉针织或钩编男大衣，...,316,保加利亚,143,件,50,千克,58430
61012000,棉针织或钩编男大衣，...,327,波兰,1,件,0,千克,174
61012000,棉针织或钩编男大衣，...,501,加拿大,5,件,2,千克,852
61013000,化纤针织或钩编男大衣...,129,菲律宾,81,件,19,千克,7754
61013000,化纤针织或钩编男大衣...,137,土耳其,130,件,73,千克,2782
61013000,化纤针织或钩编男大衣...,305,法国,3,件,2,千克,646
61013000,化纤针织或钩编男大衣...,307,意大利,112,件,81,千克,55444
61013000,化纤针织或钩编男大衣...,309,荷兰,1,件,1,千克,299
61013000,化纤针织或钩编男大衣...,316,保加利亚,3,件,2,千克,639
61013000,化纤针织或钩编男大衣...,501,加拿大,13,件,5,千克,3068
61019010,毛针织或钩编男大衣，...,137,土耳其,732,件,589,千克,353766
61019010,毛针织或钩编男大衣，...,307,意大利,733,件,490,千克,738081
61019090,其他纺材针织钩编男大...,301,比利时,13,件,2,千克,1187
61019090,其他纺材针织钩编男大...,307,意大利,1,件,1,千克,427
61021000,毛针织或钩编女大衣，...,137,土耳其,77,件,59,千克,29888
61021000,毛针织或钩编女大衣，...,305,法国,18,件,14,千克,14452
61021000,毛针织或钩编女大衣，...,307,意大利,2087,件,2402,千克,2379296
61021000,毛针织或钩编女大衣，...,316,保加利亚,5,件,9,千克,1530
61021000,毛针织或钩编女大衣，...,429,墨西哥,57,件,34,千克,15865
61022000,棉针织或钩编女大衣，...,127,巴基斯坦,1,件,1,千克,186
61022000,棉针织或钩编女大衣，...,137,土耳其,90,件,71,千克,1504
61022000,棉针织或钩编女大衣，...,138,阿联酋,1,件,0,千克,15
61022000,棉针织或钩编女大衣，...,307,意大利,68,件,52,千克,30420
61022000,棉针织或钩编女大衣，...,316,保加利亚,4,件,3,千克,911
61022000,棉针织或钩编女大衣，...,327,波兰,2,件,1,千克,525
61022000,棉针织或钩编女大衣，...,336,立陶宛,1,件,0,千克,42
61022000,棉针织或钩编女大衣，...,429,墨西哥,81,件,49,千克,17420
61022000,棉针织或钩编女大衣，...,501,加拿大,1,件,2,千克,75
61023000,化纤针织或钩编女大衣...,137,土耳其,355,件,245,千克,4642
61023000,化纤针织或钩编女大衣...,227,马达加斯加,1,件,2,千克,290
61023000,化纤针织或钩编女大衣...,301,比利时,1,件,1,千克,411
61023000,化纤针织或钩编女大衣...,305,法国,4,件,3,千克,1029
61023000,化纤针织或钩编女大衣...,307,意大利,313,件,155,千克,97433
61023000,化纤针织或钩编女大衣...,316,保加利亚,182,件,135,千克,69023
61023000,化纤针织或钩编女大衣...,321,匈牙利,3,件,4,千克,996
61023000,化纤针织或钩编女大衣...,327,波兰,2,件,2,千克,587
61023000,化纤针织或钩编女大衣...,429,墨西哥,39,件,23,千克,12861
61023000,化纤针织或钩编女大衣...,501,加拿大,4,件,1,千克,661
61029000,其他材料针织或钩女大...,305,法国,1,件,2,千克,330
61029000,其他材料针织或钩女大...,307,意大利,6,件,10,千克,2229
61031010,毛制针织或钩编的男式...,309,荷兰,2,套,2,千克,544
61031020,合成纤维制针织或钩编...,137,土耳其,1,套,1,千克,117
61031090,其他纺织材料制针织或...,137,土耳其,4,套,2,千克,325
61031090,其他纺织材料制针织或...,313,阿尔巴尼亚,1,套,0,千克,63
61031090,其他纺织材料制针织或...,340,白俄罗斯,1,套,0,千克,66
61032200,棉制针织或钩编的男式...,129,菲律宾,1,套,0,千克,47
61032200,棉制针织或钩编的男式...,137,土耳其,2,套,1,千克,114
61032200,棉制针织或钩编的男式...,307,意大利,79,套,83,千克,81011
61032200,棉制针织或钩编的男式...,309,荷兰,113,套,109,千克,7995
61032200,棉制针织或钩编的男式...,316,保加利亚,1,套,0,千克,96
61032200,棉制针织或钩编的男式...,327,波兰,8,套,1,千克,74
61032300,合成纤维制针织或钩编...,129,菲律宾,7,套,4,千克,425
61032910,毛制针织或钩编的男式...,307,意大利,3,套,4,千克,292
61033100,毛制针织或钩编的男式...,137,土耳其,80,件,58,千克,23032
61033100,毛制针织或钩编的男式...,305,法国,2,件,2,千克,446
61033100,毛制针织或钩编的男式...,307,意大利,316,件,200,千克,183674
61033100,毛制针织或钩编的男式...,336,立陶宛,1,件,1,千克,307
61033100,毛制针织或钩编的男式...,501,加拿大,1,件,1,千克,435
61033200,棉制针织或钩编的男式...,127,巴基斯坦,2,件,2,千克,311
61033200,棉制针织或钩编的男式...,129,菲律宾,2,件,4,千克,256
61033200,棉制针织或钩编的男式...,137,土耳其,801,件,450,千克,18991
61033200,棉制针织或钩编的男式...,305,法国,14,件,14,千克,2778
61033200,棉制针织或钩编的男式...,307,意大利,601,件,348,千克,286701
61033200,棉制针织或钩编的男式...,309,荷兰,5,件,2,千克,135
61033200,棉制针织或钩编的男式...,312,西班牙,19,件,280,千克,2104
61033200,棉制针织或钩编的男式...,313,阿尔巴尼亚,2,件,2,千克,130
61033200,棉制针织或钩编的男式...,315,奥地利,9,件,2,千克,210
61033200,棉制针织或钩编的男式...,316,保加利亚,79,件,69,千克,6768
61033200,棉制针织或钩编的男式...,410,巴西,1,件,2,千克,171
61033200,棉制针织或钩编的男式...,429,墨西哥,6,件,6,千克,313
61033300,合成纤维制针织或钩编...,127,巴基斯坦,1,件,1,千克,72
61033300,合成纤维制针织或钩编...,129,菲律宾,281,件,139,千克,45359
61033300,合成纤维制针织或钩编...,137,土耳其,86,件,61,千克,9260
61033300,合成纤维制针织或钩编...,305,法国,2,件,1,千克,67
61033300,合成纤维制针织或钩编...,307,意大利,87,件,64,千克,22462
61033300,合成纤维制针织或钩编...,309,荷兰,100,件,45,千克,857
61033300,合成纤维制针织或钩编...,316,保加利亚,2,件,2,千克,508
61033300,合成纤维制针织或钩编...,410,巴西,1,件,1,千克,75
61033300,合成纤维制针织或钩编...,501,加拿大,6,件,3,千克,945
61033900,其他纺织材料制针织或...,137,土耳其,2,件,1,千克,291
61033900,其他纺织材料制针织或...,305,法国,2,件,4,千克,160
61033900,其他纺织材料制针织或...,307,意大利,33,件,17,千克,12353
61033900,其他纺织材料制针织或...,321,匈牙利,1,件,1,千克,256
61033900,其他纺织材料制针织或...,501,加拿大,21,件,8,千克,2927
61034100,毛制针织或钩编的男裤,137,土耳其,1205,条,555,千克,317215
61034100,毛制针织或钩编的男裤,305,法国,2,条,1,千克,27
61034100,毛制针织或钩编的男裤,307,意大利,802,条,430,千克,467521
61034100,毛制针织或钩编的男裤,316,保加利亚,168,条,72,千克,66442
61034100,毛制针织或钩编的男裤,326,挪威,20,条,9,千克,853
61034200,棉制针织或钩编的男裤,127,巴基斯坦,19351,条,5830,千克,141586
61034200,棉制针织或钩编的男裤,129,菲律宾,9896,条,3273,千克,106953
61034200,棉制针织或钩编的男裤,137,土耳其,25582,条,8555,千克,520815
61034200,棉制针织或钩编的男裤,138,阿联酋,1,条,0,千克,82
61034200,棉制针织或钩编的男裤,227,马达加斯加,3,条,1,千克,351
61034200,棉制针织或钩编的男裤,301,比利时,45,条,6,千克,1631
61034200,棉制针织或钩编的男裤,305,法国,23,条,20,千克,3413
61034200,棉制针织或钩编的男裤,307,意大利,9494,条,4319,千克,3251253
61034200,棉制针织或钩编的男裤,309,荷兰,3,条,3,千克,178
61034200,棉制针织或钩编的男裤,310,希腊,133,条,40,千克,8803
61034200,棉制针织或钩编的男裤,312,西班牙,71,条,57,千克,7294
61034200,棉制针织或钩编的男裤,313,阿尔巴尼亚,405,条,203,千克,42524
61034200,棉制针织或钩编的男裤,316,保加利亚,485,条,244,千克,117750
61034200,棉制针织或钩编的男裤,321,匈牙利,2,条,2,千克,428
61034200,棉制针织或钩编的男裤,327,波兰,3,条,2,千克,265
61034200,棉制针织或钩编的男裤,336,立陶宛,1,条,0,千克,165
61034200,棉制针织或钩编的男裤,429,墨西哥,86,条,60,千克,4787
61034200,棉制针织或钩编的男裤,431,尼加拉瓜,64,条,27,千克,1528
61034200,棉制针织或钩编的男裤,501,加拿大,15,条,9,千克,1970
61034200,棉制针织或钩编的男裤,617,萨摩亚,1,条,1,千克,103
61034300,合成纤维制针织或钩编...,127,巴基斯坦,33,条,8,千克,630
61034300,合成纤维制针织或钩编...,129,菲律宾,17104,条,5842,千克,453859
61034300,合成纤维制针织或钩编...,137,土耳其,12278,条,4728,千克,240317
61034300,合成纤维制针织或钩编...,301,比利时,986,条,109,千克,12595
61034300,合成纤维制针织或钩编...,305,法国,16,条,7,千克,1176
61034300,合成纤维制针织或钩编...,307,意大利,4793,条,2335,千克,1881979
61034300,合成纤维制针织或钩编...,309,荷兰,6,条,2,千克,180
61034300,合成纤维制针织或钩编...,310,希腊,1,条,1,千克,100
61034300,合成纤维制针织或钩编...,313,阿尔巴尼亚,54,条,19,千克,5417
61034300,合成纤维制针织或钩编...,316,保加利亚,287,条,119,千克,122299
61034300,合成纤维制针织或钩编...,321,匈牙利,30,条,15,千克,5393
61034300,合成纤维制针织或钩编...,327,波兰,2,条,1,千克,280
61034300,合成纤维制针织或钩编...,336,立陶宛,190,条,45,千克,6165
61034300,合成纤维制针织或钩编...,429,墨西哥,4093,条,483,千克,39690
61034300,合成纤维制针织或钩编...,431,尼加拉瓜,11,条,2,千克,235
61034300,合成纤维制针织或钩编...,501,加拿大,20,条,8,千克,3132
61034900,其他纺织材料制针织或...,137,土耳其,270,条,83,千克,38655
61034900,其他纺织材料制针织或...,138,阿联酋,1,条,1,千克,110
61034900,其他纺织材料制针织或...,305,法国,9,条,15,千克,1890
61034900,其他纺织材料制针织或...,307,意大利,345,条,206,千克,116555
61034900,其他纺织材料制针织或...,316,保加利亚,691,条,404,千克,62513
61034900,其他纺织材料制针织或...,429,墨西哥,2,条,1,千克,57
61034900,其他纺织材料制针织或...,431,尼加拉瓜,1,条,1,千克,33
61034900,其他纺织材料制针织或...,501,加拿大,1,条,0,千克,97
61041990,其他纺织材料制针织或...,307,意大利,1,套,1,千克,248
61042200,棉制针织或钩编的女式...,137,土耳其,3,套,2,千克,535
61042200,棉制针织或钩编的女式...,327,波兰,4,套,1,千克,49
61042300,合成纤维制针织或钩编...,307,意大利,12,套,23,千克,5927
61042990,其他纺织材料制针织或...,305,法国,1,套,0,千克,196
61042990,其他纺织材料制针织或...,307,意大利,11,套,17,千克,1725
61043100,毛制针织或钩编的女式...,129,菲律宾,1,件,0,千克,108
61043100,毛制针织或钩编的女式...,137,土耳其,14,件,7,千克,2180
61043100,毛制针织或钩编的女式...,305,法国,42,件,25,千克,105090
61043100,毛制针织或钩编的女式...,307,意大利,1378,件,741,千克,1725910
61043100,毛制针织或钩编的女式...,327,波兰,2,件,2,千克,490
61043200,棉制针织或钩编的女式...,129,菲律宾,1,件,0,千克,48
61043200,棉制针织或钩编的女式...,137,土耳其,64,件,17,千克,1302
61043200,棉制针织或钩编的女式...,227,马达加斯加,12,件,11,千克,2230
61043200,棉制针织或钩编的女式...,305,法国,8,件,7,千克,7189
61043200,棉制针织或钩编的女式...,307,意大利,350,件,202,千克,177159
61043200,棉制针织或钩编的女式...,310,希腊,1,件,1,千克,110
61043200,棉制针织或钩编的女式...,313,阿尔巴尼亚,63,件,36,千克,6659
61043200,棉制针织或钩编的女式...,316,保加利亚,5,件,5,千克,485
61043200,棉制针织或钩编的女式...,321,匈牙利,6,件,8,千克,587
61043200,棉制针织或钩编的女式...,327,波兰,1,件,0,千克,311
61043200,棉制针织或钩编的女式...,429,墨西哥,1,件,1,千克,173
61043200,棉制针织或钩编的女式...,501,加拿大,2,件,0,千克,16
61043300,合成纤维制针织或钩编...,129,菲律宾,1,件,1,千克,319
61043300,合成纤维制针织或钩编...,137,土耳其,18,件,9,千克,2693
61043300,合成纤维制针织或钩编...,305,法国,24,件,14,千克,11304
61043300,合成纤维制针织或钩编...,307,意大利,349,件,170,千克,66764
61043300,合成纤维制针织或钩编...,313,阿尔巴尼亚,1,件,0,千克,133
61043300,合成纤维制针织或钩编...,316,保加利亚,1,件,0,千克,424
61043300,合成纤维制针织或钩编...,327,波兰,15,件,7,千克,1061
61043900,其他纺织材料制针织或...,127,巴基斯坦,4,件,3,千克,117
61043900,其他纺织材料制针织或...,137,土耳其,14,件,3,千克,1226
61043900,其他纺织材料制针织或...,305,法国,93,件,126,千克,24663
61043900,其他纺织材料制针织或...,307,意大利,408,件,426,千克,83366
61043900,其他纺织材料制针织或...,310,希腊,1,件,1,千克,116
61043900,其他纺织材料制针织或...,312,西班牙,11,件,12,千克,2346
61043900,其他纺织材料制针织或...,313,阿尔巴尼亚,349,件,185,千克,36490
61043900,其他纺织材料制针织或...,316,保加利亚,6,件,5,千克,589
61043900,其他纺织材料制针织或...,327,波兰,28,件,18,千克,7016
61043900,其他纺织材料制针织或...,410,巴西,1,件,1,千克,36
61043900,其他纺织材料制针织或...,429,墨西哥,2,件,2,千克,33
61043900,其他纺织材料制针织或...,501,加拿大,1,件,0,千克,67
61044100,毛制针织或钩编的女式...,124,蒙古,285,件,80,千克,16538
61044100,毛制针织或钩编的女式...,137,土耳其,46,件,8,千克,4481
61044100,毛制针织或钩编的女式...,305,法国,26,件,10,千克,28800
61044100,毛制针织或钩编的女式...,307,意大利,3075,件,1448,千克,2037443
61044100,毛制针织或钩编的女式...,310,希腊,2,件,2,千克,131
61044100,毛制针织或钩编的女式...,312,西班牙,6,件,6,千克,443
61044100,毛制针织或钩编的女式...,327,波兰,1,件,1,千克,371
61044100,毛制针织或钩编的女式...,336,立陶宛,1,件,1,千克,50
61044200,棉制针织或钩编的女式...,127,巴基斯坦,6092,件,1632,千克,72039
61044200,棉制针织或钩编的女式...,129,菲律宾,150,件,45,千克,7514
61044200,棉制针织或钩编的女式...,137,土耳其,20562,件,7247,千克,343343
61044200,棉制针织或钩编的女式...,138,阿联酋,1,件,1,千克,229
61044200,棉制针织或钩编的女式...,227,马达加斯加,28,件,12,千克,3412
61044200,棉制针织或钩编的女式...,301,比利时,1,件,0,千克,341
61044200,棉制针织或钩编的女式...,305,法国,97,件,48,千克,20644
61044200,棉制针织或钩编的女式...,307,意大利,6709,件,1922,千克,2121771
61044200,棉制针织或钩编的女式...,309,荷兰,10,件,3,千克,474
61044200,棉制针织或钩编的女式...,310,希腊,7,件,3,千克,1263
61044200,棉制针织或钩编的女式...,312,西班牙,24,件,18,千克,1288
61044200,棉制针织或钩编的女式...,313,阿尔巴尼亚,6,件,3,千克,601
61044200,棉制针织或钩编的女式...,316,保加利亚,725,件,265,千克,62702
61044200,棉制针织或钩编的女式...,321,匈牙利,5,件,3,千克,1283
61044200,棉制针织或钩编的女式...,327,波兰,2,件,1,千克,409
61044200,棉制针织或钩编的女式...,336,立陶宛,1,件,1,千克,1043
61044200,棉制针织或钩编的女式...,408,玻利维亚,2,件,1,千克,762
61044200,棉制针织或钩编的女式...,410,巴西,1,件,1,千克,29
61044200,棉制针织或钩编的女式...,429,墨西哥,63,件,50,千克,12213
61044200,棉制针织或钩编的女式...,444,乌拉圭,4,件,2,千克,513
61044300,合成纤维制针织或钩编...,129,菲律宾,7,件,4,千克,674
61044300,合成纤维制针织或钩编...,137,土耳其,6971,件,2240,千克,86093
61044300,合成纤维制针织或钩编...,227,马达加斯加,5,件,1,千克,1144
61044300,合成纤维制针织或钩编...,301,比利时,1,件,2,千克,406
61044300,合成纤维制针织或钩编...,305,法国,55,件,34,千克,55631
61044300,合成纤维制针织或钩编...,307,意大利,1292,件,578,千克,405797
61044300,合成纤维制针织或钩编...,310,希腊,16,件,7,千克,4135
61044300,合成纤维制针织或钩编...,312,西班牙,4,件,2,千克,198
61044300,合成纤维制针织或钩编...,313,阿尔巴尼亚,85,件,45,千克,15442
61044300,合成纤维制针织或钩编...,315,奥地利,5,件,1,千克,296
61044300,合成纤维制针织或钩编...,316,保加利亚,205,件,137,千克,16537
61044300,合成纤维制针织或钩编...,321,匈牙利,3,件,3,千克,762
61044300,合成纤维制针织或钩编...,327,波兰,11,件,3,千克,1987
61044300,合成纤维制针织或钩编...,336,立陶宛,6,件,5,千克,936
61044300,合成纤维制针织或钩编...,340,白俄罗斯,1,件,0,千克,166
61044300,合成纤维制针织或钩编...,350,斯洛文尼亚,1,件,0,千克,180
61044300,合成纤维制针织或钩编...,410,巴西,3,件,3,千克,770
61044300,合成纤维制针织或钩编...,429,墨西哥,10,件,8,千克,3963
61044300,合成纤维制针织或钩编...,501,加拿大,6,件,1,千克,955
61044400,人造纤维制针织或钩编...,129,菲律宾,1,件,1,千克,38
61044400,人造纤维制针织或钩编...,137,土耳其,4258,件,1535,千克,89004
61044400,人造纤维制针织或钩编...,305,法国,151,件,106,千克,105906
61044400,人造纤维制针织或钩编...,307,意大利,1643,件,875,千克,836583
61044400,人造纤维制针织或钩编...,312,西班牙,18,件,4,千克,680
61044400,人造纤维制针织或钩编...,313,阿尔巴尼亚,15,件,4,千克,2265
61044400,人造纤维制针织或钩编...,316,保加利亚,515,件,247,千克,26320
61044400,人造纤维制针织或钩编...,321,匈牙利,3,件,1,千克,726
61044400,人造纤维制针织或钩编...,327,波兰,1,件,0,千克,227
61044400,人造纤维制针织或钩编...,336,立陶宛,2,件,0,千克,835
61044400,人造纤维制针织或钩编...,350,斯洛文尼亚,8,件,1,千克,644
61044400,人造纤维制针织或钩编...,429,墨西哥,53,件,39,千克,23843
61044900,其他纺织材料制针织或...,129,菲律宾,1,件,1,千克,370
61044900,其他纺织材料制针织或...,137,土耳其,20,件,6,千克,1483
61044900,其他纺织材料制针织或...,305,法国,4,件,1,千克,5262
61044900,其他纺织材料制针织或...,307,意大利,531,件,245,千克,515591
61044900,其他纺织材料制针织或...,312,西班牙,5,件,5,千克,825
61044900,其他纺织材料制针织或...,327,波兰,1,件,1,千克,444
61044900,其他纺织材料制针织或...,350,斯洛文尼亚,3,件,2,千克,1823
61044900,其他纺织材料制针织或...,444,乌拉圭,4,件,2,千克,1076
61045100,毛制针织或钩编的女式...,124,蒙古,81,件,21,千克,3656
61045100,毛制针织或钩编的女式...,301,比利时,2,件,0,千克,120
61045100,毛制针织或钩编的女式...,305,法国,10,件,4,千克,6527
61045100,毛制针织或钩编的女式...,307,意大利,694,件,236,千克,377902
61045100,毛制针织或钩编的女式...,316,保加利亚,1,件,0,千克,171
61045100,毛制针织或钩编的女式...,429,墨西哥,42,件,17,千克,3551
61045200,棉制针织或钩编的女式...,129,菲律宾,902,件,187,千克,3373
61045200,棉制针织或钩编的女式...,137,土耳其,230,件,68,千克,5091
61045200,棉制针织或钩编的女式...,305,法国,114,件,37,千克,35082
61045200,棉制针织或钩编的女式...,307,意大利,212,件,84,千克,71678
61045200,棉制针织或钩编的女式...,312,西班牙,2,件,0,千克,265
61045200,棉制针织或钩编的女式...,313,阿尔巴尼亚,4,件,2,千克,142
61045200,棉制针织或钩编的女式...,316,保加利亚,8,件,4,千克,674
61045200,棉制针织或钩编的女式...,321,匈牙利,1,件,1,千克,189
61045200,棉制针织或钩编的女式...,327,波兰,1,件,0,千克,171
61045200,棉制针织或钩编的女式...,336,立陶宛,6,件,3,千克,145
61045200,棉制针织或钩编的女式...,350,斯洛文尼亚,1,件,1,千克,358
61045300,合成纤维制针织或钩编...,129,菲律宾,15,件,1,千克,154
61045300,合成纤维制针织或钩编...,137,土耳其,580,件,105,千克,7231
61045300,合成纤维制针织或钩编...,305,法国,3,件,3,千克,682
61045300,合成纤维制针织或钩编...,307,意大利,1962,件,660,千克,649945
61045300,合成纤维制针织或钩编...,310,希腊,4,件,1,千克,459
61045300,合成纤维制针织或钩编...,313,阿尔巴尼亚,3,件,2,千克,512
61045300,合成纤维制针织或钩编...,314,安道尔,1,件,0,千克,102
61045300,合成纤维制针织或钩编...,315,奥地利,7,件,3,千克,482
61045300,合成纤维制针织或钩编...,316,保加利亚,2,件,1,千克,469
61045300,合成纤维制针织或钩编...,321,匈牙利,9,件,4,千克,2335
61045300,合成纤维制针织或钩编...,327,波兰,61,件,16,千克,2118
61045300,合成纤维制针织或钩编...,336,立陶宛,1,件,0,千克,79
61045300,合成纤维制针织或钩编...,350,斯洛文尼亚,43,件,20,千克,1458
61045300,合成纤维制针织或钩编...,429,墨西哥,31,件,12,千克,4296
61045900,其他纺织材料制针织或...,137,土耳其,807,件,266,千克,8582
61045900,其他纺织材料制针织或...,305,法国,355,件,182,千克,124407
61045900,其他纺织材料制针织或...,307,意大利,545,件,321,千克,89820
61045900,其他纺织材料制针织或...,316,保加利亚,5,件,2,千克,678
61045900,其他纺织材料制针织或...,327,波兰,7,件,4,千克,2685
61045900,其他纺织材料制针织或...,429,墨西哥,30,件,12,千克,5656
61046100,毛制针织或钩编的女裤,124,蒙古,239,条,111,千克,12908
61046100,毛制针织或钩编的女裤,301,比利时,16,条,6,千克,3508
61046100,毛制针织或钩编的女裤,305,法国,12,条,6,千克,1229
61046100,毛制针织或钩编的女裤,307,意大利,1691,条,641,千克,1468594
61046100,毛制针织或钩编的女裤,310,希腊,2,条,1,千克,332
61046100,毛制针织或钩编的女裤,316,保加利亚,40,条,10,千克,2902
61046100,毛制针织或钩编的女裤,326,挪威,30,条,10,千克,1013
61046100,毛制针织或钩编的女裤,429,墨西哥,55,条,33,千克,7788
61046100,毛制针织或钩编的女裤,501,加拿大,1,条,0,千克,152
61046200,棉制针织或钩编的女裤,127,巴基斯坦,24825,条,8094,千克,233418
61046200,棉制针织或钩编的女裤,129,菲律宾,768,条,266,千克,5649
61046200,棉制针织或钩编的女裤,137,土耳其,20868,条,4390,千克,204716
61046200,棉制针织或钩编的女裤,138,阿联酋,6,条,6,千克,333
61046200,棉制针织或钩编的女裤,305,法国,1201,条,289,千克,125963
61046200,棉制针织或钩编的女裤,307,意大利,13749,条,2310,千克,540707
61046200,棉制针织或钩编的女裤,309,荷兰,6,条,2,千克,315
61046200,棉制针织或钩编的女裤,310,希腊,20,条,7,千克,1107
61046200,棉制针织或钩编的女裤,312,西班牙,11,条,6,千克,679
61046200,棉制针织或钩编的女裤,313,阿尔巴尼亚,67,条,37,千克,5177
61046200,棉制针织或钩编的女裤,316,保加利亚,1228,条,245,千克,15351
61046200,棉制针织或钩编的女裤,327,波兰,25,条,12,千克,1190
61046200,棉制针织或钩编的女裤,336,立陶宛,1,条,1,千克,363
61046200,棉制针织或钩编的女裤,410,巴西,1,条,0,千克,18
61046200,棉制针织或钩编的女裤,429,墨西哥,801,条,167,千克,15733
61046200,棉制针织或钩编的女裤,501,加拿大,3,条,1,千克,333
61046300,合成纤维制针织或钩编...,127,巴基斯坦,65,条,21,千克,266
61046300,合成纤维制针织或钩编...,129,菲律宾,23998,条,3956,千克,200984
61046300,合成纤维制针织或钩编...,137,土耳其,6624,条,1941,千克,77189
61046300,合成纤维制针织或钩编...,227,马达加斯加,4,条,0,千克,375
61046300,合成纤维制针织或钩编...,305,法国,70,条,24,千克,1635
61046300,合成纤维制针织或钩编...,307,意大利,2907,条,875,千克,785045
61046300,合成纤维制针织或钩编...,309,荷兰,6,条,1,千克,8
61046300,合成纤维制针织或钩编...,310,希腊,162,条,44,千克,7857
61046300,合成纤维制针织或钩编...,312,西班牙,15,条,3,千克,914
61046300,合成纤维制针织或钩编...,313,阿尔巴尼亚,161,条,55,千克,11082
61046300,合成纤维制针织或钩编...,315,奥地利,182,条,26,千克,1272
61046300,合成纤维制针织或钩编...,316,保加利亚,2656,条,408,千克,68410
61046300,合成纤维制针织或钩编...,327,波兰,40,条,14,千克,1551
61046300,合成纤维制针织或钩编...,336,立陶宛,4,条,0,千克,294
61046300,合成纤维制针织或钩编...,340,白俄罗斯,5,条,0,千克,172
61046300,合成纤维制针织或钩编...,350,斯洛文尼亚,236,条,32,千克,5287
61046300,合成纤维制针织或钩编...,410,巴西,1,条,0,千克,164
61046300,合成纤维制针织或钩编...,429,墨西哥,12,条,6,千克,2155
61046300,合成纤维制针织或钩编...,431,尼加拉瓜,1,条,0,千克,34
61046300,合成纤维制针织或钩编...,501,加拿大,66,条,7,千克,4504
61046900,其他纺织材料制针织或...,127,巴基斯坦,72,条,16,千克,238
61046900,其他纺织材料制针织或...,129,菲律宾,14,条,5,千克,1001
61046900,其他纺织材料制针织或...,137,土耳其,4383,条,1460,千克,68557
61046900,其他纺织材料制针织或...,305,法国,51,条,29,千克,18158
61046900,其他纺织材料制针织或...,307,意大利,976,条,452,千克,696860
61046900,其他纺织材料制针织或...,310,希腊,7,条,2,千克,1602
61046900,其他纺织材料制针织或...,312,西班牙,2,条,6,千克,505
61046900,其他纺织材料制针织或...,313,阿尔巴尼亚,566,条,252,千克,36815
61046900,其他纺织材料制针织或...,316,保加利亚,5357,条,941,千克,62596
61046900,其他纺织材料制针织或...,321,匈牙利,1,条,0,千克,59
61046900,其他纺织材料制针织或...,327,波兰,928,条,486,千克,170714
61046900,其他纺织材料制针织或...,336,立陶宛,4,条,1,千克,334
61046900,其他纺织材料制针织或...,350,斯洛文尼亚,488,条,70,千克,15338
61046900,其他纺织材料制针织或...,429,墨西哥,2,条,1,千克,102
61046900,其他纺织材料制针织或...,501,加拿大,3,条,1,千克,178
61051000,棉制针织或钩编的男衬...,124,蒙古,1,件,0,千克,98
61051000,棉制针织或钩编的男衬...,127,巴基斯坦,213,件,61,千克,1777
61051000,棉制针织或钩编的男衬...,129,菲律宾,565,件,156,千克,32544
61051000,棉制针织或钩编的男衬...,137,土耳其,37113,件,9960,千克,2803698
61051000,棉制针织或钩编的男衬...,224,肯尼亚,107,件,22,千克,651
61051000,棉制针织或钩编的男衬...,227,马达加斯加,6,件,3,千克,1197
61051000,棉制针织或钩编的男衬...,301,比利时,26,件,6,千克,691
61051000,棉制针织或钩编的男衬...,305,法国,4502,件,1570,千克,151126
61051000,棉制针织或钩编的男衬...,307,意大利,18642,件,5371,千克,3699434
61051000,棉制针织或钩编的男衬...,309,荷兰,6,件,1,千克,351
61051000,棉制针织或钩编的男衬...,310,希腊,228,件,41,千克,12644
61051000,棉制针织或钩编的男衬...,312,西班牙,38,件,7,千克,473
61051000,棉制针织或钩编的男衬...,313,阿尔巴尼亚,127,件,55,千克,12919
61051000,棉制针织或钩编的男衬...,316,保加利亚,1514,件,848,千克,88996
61051000,棉制针织或钩编的男衬...,321,匈牙利,19,件,16,千克,5547
61051000,棉制针织或钩编的男衬...,327,波兰,9,件,4,千克,1598
61051000,棉制针织或钩编的男衬...,336,立陶宛,1,件,0,千克,104
61051000,棉制针织或钩编的男衬...,350,斯洛文尼亚,1,件,1,千克,277
61051000,棉制针织或钩编的男衬...,410,巴西,125,件,29,千克,7641
61051000,棉制针织或钩编的男衬...,429,墨西哥,2,件,1,千克,44
61051000,棉制针织或钩编的男衬...,431,尼加拉瓜,2,件,0,千克,131
61051000,棉制针织或钩编的男衬...,501,加拿大,16,件,9,千克,1485
61052000,化纤制针织或钩编的男...,129,菲律宾,2803,件,557,千克,105972
61052000,化纤制针织或钩编的男...,137,土耳其,2136,件,688,千克,34701
61052000,化纤制针织或钩编的男...,224,肯尼亚,1,件,0,千克,25
61052000,化纤制针织或钩编的男...,227,马达加斯加,74,件,22,千克,1335
61052000,化纤制针织或钩编的男...,255,莱索托,501,件,109,千克,7813
61052000,化纤制针织或钩编的男...,301,比利时,12,件,2,千克,211
61052000,化纤制针织或钩编的男...,305,法国,6,件,2,千克,568
61052000,化纤制针织或钩编的男...,307,意大利,1116,件,453,千克,469605
61052000,化纤制针织或钩编的男...,310,希腊,5,件,1,千克,112
61052000,化纤制针织或钩编的男...,313,阿尔巴尼亚,212,件,65,千克,25794
61052000,化纤制针织或钩编的男...,316,保加利亚,8,件,3,千克,1211
61052000,化纤制针织或钩编的男...,321,匈牙利,2,件,1,千克,320
61052000,化纤制针织或钩编的男...,327,波兰,7,件,4,千克,1483
61052000,化纤制针织或钩编的男...,336,立陶宛,3,件,1,千克,201
61052000,化纤制针织或钩编的男...,410,巴西,1,件,0,千克,82
61052000,化纤制针织或钩编的男...,429,墨西哥,73,件,28,千克,513
61052000,化纤制针织或钩编的男...,501,加拿大,10,件,4,千克,895
61059000,其他纺织材料制针织或...,129,菲律宾,3,件,2,千克,112
61059000,其他纺织材料制针织或...,137,土耳其,1269,件,408,千克,267997
61059000,其他纺织材料制针织或...,305,法国,115,件,158,千克,22227
61059000,其他纺织材料制针织或...,307,意大利,1496,件,788,千克,519008
61059000,其他纺织材料制针织或...,312,西班牙,7,件,8,千克,2030
61059000,其他纺织材料制针织或...,313,阿尔巴尼亚,10,件,2,千克,819
61059000,其他纺织材料制针织或...,316,保加利亚,3,件,2,千克,464
61059000,其他纺织材料制针织或...,327,波兰,1,件,2,千克,70
61061000,棉制针织或钩编的女衬...,127,巴基斯坦,5,件,2,千克,205
61061000,棉制针织或钩编的女衬...,129,菲律宾,643,件,127,千克,24278
61061000,棉制针织或钩编的女衬...,137,土耳其,3238,件,644,千克,73050
61061000,棉制针织或钩编的女衬...,138,阿联酋,15,件,2,千克,75
61061000,棉制针织或钩编的女衬...,305,法国,194,件,41,千克,77840
61061000,棉制针织或钩编的女衬...,307,意大利,2012,件,450,千克,527060
61061000,棉制针织或钩编的女衬...,309,荷兰,1,件,0,千克,256
61061000,棉制针织或钩编的女衬...,312,西班牙,1,件,0,千克,62
61061000,棉制针织或钩编的女衬...,313,阿尔巴尼亚,21,件,6,千克,1722
61061000,棉制针织或钩编的女衬...,315,奥地利,0,件,1,千克,63
61061000,棉制针织或钩编的女衬...,316,保加利亚,37,件,9,千克,3683
61061000,棉制针织或钩编的女衬...,321,匈牙利,3,件,1,千克,1014
61061000,棉制针织或钩编的女衬...,327,波兰,16,件,5,千克,2136
61061000,棉制针织或钩编的女衬...,336,立陶宛,17,件,6,千克,776
61061000,棉制针织或钩编的女衬...,404,巴哈马,1,件,0,千克,135
61061000,棉制针织或钩编的女衬...,410,巴西,1,件,1,千克,71
61061000,棉制针织或钩编的女衬...,431,尼加拉瓜,235,件,45,千克,10805
61061000,棉制针织或钩编的女衬...,501,加拿大,5,件,0,千克,269
61062000,化纤制针织或钩编的女...,129,菲律宾,4,件,1,千克,97
61062000,化纤制针织或钩编的女...,137,土耳其,1356,件,428,千克,10644
61062000,化纤制针织或钩编的女...,301,比利时,2,件,1,千克,391
61062000,化纤制针织或钩编的女...,305,法国,6,件,1,千克,447
61062000,化纤制针织或钩编的女...,307,意大利,493,件,136,千克,70272
61062000,化纤制针织或钩编的女...,310,希腊,3,件,1,千克,185
61062000,化纤制针织或钩编的女...,312,西班牙,2,件,0,千克,385
61062000,化纤制针织或钩编的女...,316,保加利亚,10,件,3,千克,780
61062000,化纤制针织或钩编的女...,321,匈牙利,6,件,2,千克,1592
61062000,化纤制针织或钩编的女...,327,波兰,4,件,2,千克,633
61062000,化纤制针织或钩编的女...,336,立陶宛,1,件,0,千克,107
61062000,化纤制针织或钩编的女...,429,墨西哥,67,件,26,千克,15281
61062000,化纤制针织或钩编的女...,501,加拿大,1,件,0,千克,189
61069000,其他纺织材料制针织或...,129,菲律宾,3,件,0,千克,100
61069000,其他纺织材料制针织或...,227,马达加斯加,1,件,0,千克,874
61069000,其他纺织材料制针织或...,301,比利时,1,件,0,千克,231
61069000,其他纺织材料制针织或...,305,法国,8,件,3,千克,2015
61069000,其他纺织材料制针织或...,307,意大利,954,件,238,千克,396305
61069000,其他纺织材料制针织或...,316,保加利亚,2,件,0,千克,301
61069000,其他纺织材料制针织或...,321,匈牙利,5,件,2,千克,1502
61069000,其他纺织材料制针织或...,327,波兰,1,件,0,千克,203
61069000,其他纺织材料制针织或...,336,立陶宛,1,件,0,千克,384
61071100,棉制针织或钩编的男内...,127,巴基斯坦,47,件,6,千克,308
61071100,棉制针织或钩编的男内...,129,菲律宾,33595,件,2188,千克,187366
61071100,棉制针织或钩编的男内...,137,土耳其,299,件,29,千克,3687
61071100,棉制针织或钩编的男内...,224,肯尼亚,101,件,25,千克,3489
61071100,棉制针织或钩编的男内...,305,法国,204,件,47,千克,9024
61071100,棉制针织或钩编的男内...,307,意大利,1982,件,287,千克,46260
61071100,棉制针织或钩编的男内...,309,荷兰,8,件,2,千克,102
61071100,棉制针织或钩编的男内...,310,希腊,141,件,7,千克,1598
61071100,棉制针织或钩编的男内...,312,西班牙,598,件,387,千克,12005
61071100,棉制针织或钩编的男内...,313,阿尔巴尼亚,7,件,2,千克,482
61071100,棉制针织或钩编的男内...,316,保加利亚,211,件,16,千克,2818
61071100,棉制针织或钩编的男内...,321,匈牙利,1,件,0,千克,22
61071100,棉制针织或钩编的男内...,410,巴西,2,件,2,千克,90
61071200,化纤制针织或钩编的男...,129,菲律宾,1977,件,130,千克,17920
61071200,化纤制针织或钩编的男...,137,土耳其,66,件,4,千克,1292
61071200,化纤制针织或钩编的男...,224,肯尼亚,4,件,1,千克,227
61071200,化纤制针织或钩编的男...,307,意大利,553,件,67,千克,13043
61071200,化纤制针织或钩编的男...,310,希腊,142,件,7,千克,1661
61071200,化纤制针织或钩编的男...,312,西班牙,278,件,10,千克,3629
61071200,化纤制针织或钩编的男...,316,保加利亚,176,件,8,千克,2146
61072100,棉制针织或钩编的男长...,307,意大利,8,件,4,千克,3656
61072100,棉制针织或钩编的男长...,316,保加利亚,7,件,3,千克,92
61072100,棉制针织或钩编的男长...,327,波兰,1,件,0,千克,17
61072200,化纤制针织或钩编的男...,307,意大利,2,件,0,千克,96
61072200,化纤制针织或钩编的男...,316,保加利亚,3,件,1,千克,40
61072990,未列名纺材制针织或钩...,327,波兰,2,件,0,千克,16
61079100,棉制针织或钩编的男浴...,129,菲律宾,1,件,1,千克,17
61079100,棉制针织或钩编的男浴...,137,土耳其,10,件,10,千克,601
61079100,棉制针织或钩编的男浴...,307,意大利,9,件,2,千克,1078
61079100,棉制针织或钩编的男浴...,316,保加利亚,2,件,1,千克,243
61079910,化纤制针织或钩编的男...,305,法国,6,件,2,千克,1465
61079910,化纤制针织或钩编的男...,307,意大利,11,件,5,千克,382
61081100,化纤制针织或钩编的女...,316,保加利亚,5,件,1,千克,54
61081910,棉制针织或钩编的女衬...,316,保加利亚,49,件,4,千克,158
61082100,棉制针织或钩编的女三...,129,菲律宾,2,件,0,千克,28
61082100,棉制针织或钩编的女三...,137,土耳其,38,件,6,千克,387
61082100,棉制针织或钩编的女三...,224,肯尼亚,9,件,4,千克,266
61082100,棉制针织或钩编的女三...,227,马达加斯加,1,件,0,千克,33
61082100,棉制针织或钩编的女三...,305,法国,2,件,0,千克,56
61082100,棉制针织或钩编的女三...,307,意大利,279,件,119,千克,13340
61082100,棉制针织或钩编的女三...,312,西班牙,8,件,4,千克,295
61082100,棉制针织或钩编的女三...,316,保加利亚,104,件,3,千克,378
61082100,棉制针织或钩编的女三...,350,斯洛文尼亚,60,件,9,千克,955
61082200,化纤制针织或钩编的女...,137,土耳其,236,件,12,千克,1280
61082200,化纤制针织或钩编的女...,227,马达加斯加,8,件,0,千克,203
61082200,化纤制针织或钩编的女...,305,法国,6,件,2,千克,676
61082200,化纤制针织或钩编的女...,307,意大利,826,件,68,千克,6153
61082200,化纤制针织或钩编的女...,309,荷兰,3,件,0,千克,17
61082200,化纤制针织或钩编的女...,321,匈牙利,2,件,0,千克,87
61082200,化纤制针织或钩编的女...,350,斯洛文尼亚,78630,件,242,千克,1572
61083100,棉制针织或钩编的女睡...,137,土耳其,15291,件,2081,千克,40059
61083100,棉制针织或钩编的女睡...,227,马达加斯加,5,件,0,千克,62
61083100,棉制针织或钩编的女睡...,307,意大利,33,件,4,千克,1089
61083100,棉制针织或钩编的女睡...,310,希腊,2,件,1,千克,176
61083100,棉制针织或钩编的女睡...,316,保加利亚,207,件,29,千克,1527
61083100,棉制针织或钩编的女睡...,321,匈牙利,252,件,289,千克,13900
61083100,棉制针织或钩编的女睡...,327,波兰,4,件,0,千克,41
61083200,化纤制针织或钩编的女...,137,土耳其,47,件,11,千克,530
61083200,化纤制针织或钩编的女...,307,意大利,11,件,14,千克,2295
61083200,化纤制针织或钩编的女...,316,保加利亚,27,件,6,千克,468
61083200,化纤制针织或钩编的女...,321,匈牙利,1,件,0,千克,25
61083200,化纤制针织或钩编的女...,327,波兰,8,件,0,千克,95
61083910,丝及绢丝制针织或钩编...,307,意大利,1,件,0,千克,443
61089100,棉制针织或钩编的女浴...,137,土耳其,32,件,28,千克,3221
61089100,棉制针织或钩编的女浴...,224,肯尼亚,1,件,0,千克,43
61089100,棉制针织或钩编的女浴...,305,法国,1,件,0,千克,26
61089100,棉制针织或钩编的女浴...,307,意大利,85,件,29,千克,6332
61089100,棉制针织或钩编的女浴...,312,西班牙,12,件,5,千克,1461
61089100,棉制针织或钩编的女浴...,321,匈牙利,4,件,4,千克,1332
61089100,棉制针织或钩编的女浴...,327,波兰,1,件,1,千克,128
61089200,化纤制针织或钩编女浴...,137,土耳其,37,件,7,千克,729
61089200,化纤制针织或钩编女浴...,307,意大利,14,件,1,千克,603
61089200,化纤制针织或钩编女浴...,309,荷兰,3,件,1,千克,94
61089200,化纤制针织或钩编女浴...,336,立陶宛,2,件,0,千克,33
61091000,棉制针织或钩编的Ｔ恤...,127,巴基斯坦,280607,件,54078,千克,2114711
61091000,棉制针织或钩编的Ｔ恤...,129,菲律宾,5748,件,690,千克,52746
61091000,棉制针织或钩编的Ｔ恤...,137,土耳其,301033,件,51601,千克,3500611
61091000,棉制针织或钩编的Ｔ恤...,138,阿联酋,290,件,46,千克,2926
61091000,棉制针织或钩编的Ｔ恤...,224,肯尼亚,1344,件,381,千克,11323
61091000,棉制针织或钩编的Ｔ恤...,227,马达加斯加,5,件,3,千克,293
61091000,棉制针织或钩编的Ｔ恤...,255,莱索托,1,件,0,千克,31
61091000,棉制针织或钩编的Ｔ恤...,301,比利时,151,件,26,千克,1451
61091000,棉制针织或钩编的Ｔ恤...,305,法国,3829,件,1410,千克,489817
61091000,棉制针织或钩编的Ｔ恤...,306,爱尔兰,16,件,5,千克,8275
61091000,棉制针织或钩编的Ｔ恤...,307,意大利,146961,件,36461,千克,22045726
61091000,棉制针织或钩编的Ｔ恤...,309,荷兰,144,件,29,千克,1630
61091000,棉制针织或钩编的Ｔ恤...,310,希腊,4851,件,1038,千克,229610
61091000,棉制针织或钩编的Ｔ恤...,312,西班牙,668,件,302,千克,18612
61091000,棉制针织或钩编的Ｔ恤...,313,阿尔巴尼亚,2673,件,753,千克,157085
61091000,棉制针织或钩编的Ｔ恤...,314,安道尔,9,件,4,千克,377
61091000,棉制针织或钩编的Ｔ恤...,315,奥地利,3,件,0,千克,46
61091000,棉制针织或钩编的Ｔ恤...,316,保加利亚,9683,件,2686,千克,535076
61091000,棉制针织或钩编的Ｔ恤...,321,匈牙利,38,件,17,千克,4080
61091000,棉制针织或钩编的Ｔ恤...,327,波兰,46,件,19,千克,5314
61091000,棉制针织或钩编的Ｔ恤...,336,立陶宛,585,件,100,千克,20691
61091000,棉制针织或钩编的Ｔ恤...,350,斯洛文尼亚,31,件,4,千克,952
61091000,棉制针织或钩编的Ｔ恤...,410,巴西,80,件,18,千克,1962
61091000,棉制针织或钩编的Ｔ恤...,429,墨西哥,105110,件,19883,千克,685094
61091000,棉制针织或钩编的Ｔ恤...,431,尼加拉瓜,1182,件,289,千克,16857
61091000,棉制针织或钩编的Ｔ恤...,443,特克斯和凯科斯群岛,1,件,0,千克,103
61091000,棉制针织或钩编的Ｔ恤...,501,加拿大,140,件,45,千克,10821
61099010,丝及绢丝制针织或钩编...,137,土耳其,155,件,31,千克,21619
61099010,丝及绢丝制针织或钩编...,307,意大利,405,件,82,千克,119153
61099010,丝及绢丝制针织或钩编...,316,保加利亚,2,件,0,千克,575
61099010,丝及绢丝制针织或钩编...,350,斯洛文尼亚,1,件,0,千克,152
61099010,丝及绢丝制针织或钩编...,501,加拿大,11,件,3,千克,277
61099090,未列名纺材制针织或钩...,127,巴基斯坦,1901,件,258,千克,17043
61099090,未列名纺材制针织或钩...,129,菲律宾,46592,件,6520,千克,661109
61099090,未列名纺材制针织或钩...,137,土耳其,16072,件,3805,千克,478681
61099090,未列名纺材制针织或钩...,138,阿联酋,2,件,0,千克,32
61099090,未列名纺材制针织或钩...,301,比利时,517,件,52,千克,9224
61099090,未列名纺材制针织或钩...,305,法国,406,件,152,千克,54079
61099090,未列名纺材制针织或钩...,307,意大利,4831,件,1029,千克,1116149
61099090,未列名纺材制针织或钩...,309,荷兰,2,件,0,千克,136
61099090,未列名纺材制针织或钩...,310,希腊,383,件,78,千克,9327
61099090,未列名纺材制针织或钩...,312,西班牙,409,件,138,千克,16496
61099090,未列名纺材制针织或钩...,313,阿尔巴尼亚,89,件,14,千克,5509
61099090,未列名纺材制针织或钩...,314,安道尔,1,件,0,千克,65
61099090,未列名纺材制针织或钩...,315,奥地利,18,件,2,千克,338
61099090,未列名纺材制针织或钩...,316,保加利亚,1289,件,192,千克,26108
61099090,未列名纺材制针织或钩...,321,匈牙利,7,件,0,千克,331
61099090,未列名纺材制针织或钩...,327,波兰,30,件,7,千克,3094
61099090,未列名纺材制针织或钩...,336,立陶宛,416,件,69,千克,16383
61099090,未列名纺材制针织或钩...,340,白俄罗斯,6,件,1,千克,196
61099090,未列名纺材制针织或钩...,350,斯洛文尼亚,492,件,69,千克,11455
61099090,未列名纺材制针织或钩...,410,巴西,54,件,8,千克,3654
61099090,未列名纺材制针织或钩...,429,墨西哥,9418,件,1528,千克,71526
61099090,未列名纺材制针织或钩...,431,尼加拉瓜,318,件,83,千克,1125
61099090,未列名纺材制针织或钩...,501,加拿大,51,件,7,千克,3032
61101100,羊毛制针织钩编套头衫...,124,蒙古,275,件,240,千克,5593
61101100,羊毛制针织钩编套头衫...,129,菲律宾,1,件,0,千克,74
61101100,羊毛制针织钩编套头衫...,137,土耳其,6261,件,2169,千克,612376
61101100,羊毛制针织钩编套头衫...,227,马达加斯加,3,件,3,千克,249
61101100,羊毛制针织钩编套头衫...,301,比利时,39,件,24,千克,6750
61101100,羊毛制针织钩编套头衫...,305,法国,1851,件,714,千克,146491
61101100,羊毛制针织钩编套头衫...,306,爱尔兰,207,件,101,千克,87819
61101100,羊毛制针织钩编套头衫...,307,意大利,35162,件,15145,千克,15582828
61101100,羊毛制针织钩编套头衫...,309,荷兰,1,件,1,千克,263
61101100,羊毛制针织钩编套头衫...,310,希腊,4,件,3,千克,513
61101100,羊毛制针织钩编套头衫...,312,西班牙,11,件,9,千克,1083
61101100,羊毛制针织钩编套头衫...,316,保加利亚,1998,件,909,千克,209748
61101100,羊毛制针织钩编套头衫...,321,匈牙利,80,件,35,千克,14128
61101100,羊毛制针织钩编套头衫...,326,挪威,108,件,27,千克,3165
61101100,羊毛制针织钩编套头衫...,327,波兰,7,件,3,千克,1169
61101100,羊毛制针织钩编套头衫...,336,立陶宛,13,件,6,千克,910
61101100,羊毛制针织钩编套头衫...,350,斯洛文尼亚,1,件,0,千克,237
61101100,羊毛制针织钩编套头衫...,444,乌拉圭,14,件,9,千克,2918
61101200,喀什米尔山羊细毛制针...,124,蒙古,4132,件,1023,千克,205725
61101200,喀什米尔山羊细毛制针...,137,土耳其,4,件,2,千克,1431
61101200,喀什米尔山羊细毛制针...,227,马达加斯加,79,件,22,千克,4486
61101200,喀什米尔山羊细毛制针...,305,法国,7,件,3,千克,6641
61101200,喀什米尔山羊细毛制针...,307,意大利,14793,件,6710,千克,10525344
61101200,喀什米尔山羊细毛制针...,316,保加利亚,1,件,0,千克,79
61101200,喀什米尔山羊细毛制针...,350,斯洛文尼亚,9,件,5,千克,3639
61101910,其他山羊细毛制针织钩...,124,蒙古,116,件,116,千克,5036
61101910,其他山羊细毛制针织钩...,137,土耳其,11,件,2,千克,1891
61101910,其他山羊细毛制针织钩...,305,法国,7,件,1,千克,690
61101910,其他山羊细毛制针织钩...,307,意大利,2749,件,1433,千克,1347587
61101920,兔毛制针织钩编套头衫...,305,法国,1,件,0,千克,655
61101990,其他细毛制针织钩编套...,124,蒙古,1,件,0,千克,319
61101990,其他细毛制针织钩编套...,137,土耳其,1,件,1,千克,1454
61101990,其他细毛制针织钩编套...,301,比利时,14,件,7,千克,2587
61101990,其他细毛制针织钩编套...,305,法国,3,件,1,千克,663
61101990,其他细毛制针织钩编套...,307,意大利,1568,件,714,千克,322939
61102000,棉制针织钩编的套头衫...,127,巴基斯坦,13523,件,6888,千克,166679
61102000,棉制针织钩编的套头衫...,129,菲律宾,17086,件,7832,千克,194703
61102000,棉制针织钩编的套头衫...,137,土耳其,106858,件,45228,千克,2623495
61102000,棉制针织钩编的套头衫...,227,马达加斯加,206,件,53,千克,13396
61102000,棉制针织钩编的套头衫...,301,比利时,103,件,52,千克,12144
61102000,棉制针织钩编的套头衫...,305,法国,2200,件,943,千克,417910
61102000,棉制针织钩编的套头衫...,306,爱尔兰,29,件,14,千克,7859
61102000,棉制针织钩编的套头衫...,307,意大利,109894,件,26849,千克,19391903
61102000,棉制针织钩编的套头衫...,309,荷兰,71,件,25,千克,921
61102000,棉制针织钩编的套头衫...,310,希腊,280,件,119,千克,17793
61102000,棉制针织钩编的套头衫...,312,西班牙,158,件,72,千克,9153
61102000,棉制针织钩编的套头衫...,313,阿尔巴尼亚,777,件,278,千克,110423
61102000,棉制针织钩编的套头衫...,316,保加利亚,9081,件,3019,千克,675779
61102000,棉制针织钩编的套头衫...,321,匈牙利,18,件,8,千克,4101
61102000,棉制针织钩编的套头衫...,327,波兰,38,件,25,千克,3351
61102000,棉制针织钩编的套头衫...,336,立陶宛,10,件,5,千克,1158
61102000,棉制针织钩编的套头衫...,408,玻利维亚,4,件,2,千克,1832
61102000,棉制针织钩编的套头衫...,410,巴西,2,件,1,千克,203
61102000,棉制针织钩编的套头衫...,429,墨西哥,8079,件,2485,千克,49227
61102000,棉制针织钩编的套头衫...,431,尼加拉瓜,263,件,79,千克,8250
61102000,棉制针织钩编的套头衫...,444,乌拉圭,13,件,9,千克,2602
61102000,棉制针织钩编的套头衫...,501,加拿大,138,件,34,千克,9867
61103000,化纤制针织钩编套头衫...,127,巴基斯坦,751,件,411,千克,18008
61103000,化纤制针织钩编套头衫...,129,菲律宾,6798,件,2687,千克,189105
61103000,化纤制针织钩编套头衫...,137,土耳其,25303,件,7205,千克,562270
61103000,化纤制针织钩编套头衫...,138,阿联酋,25,件,26,千克,6926
61103000,化纤制针织钩编套头衫...,301,比利时,10,件,4,千克,1274
61103000,化纤制针织钩编套头衫...,305,法国,423,件,318,千克,247462
61103000,化纤制针织钩编套头衫...,307,意大利,20104,件,7352,千克,5780435
61103000,化纤制针织钩编套头衫...,309,荷兰,27,件,7,千克,377
61103000,化纤制针织钩编套头衫...,310,希腊,307,件,131,千克,15906
61103000,化纤制针织钩编套头衫...,312,西班牙,120,件,44,千克,3882
61103000,化纤制针织钩编套头衫...,313,阿尔巴尼亚,95,件,21,千克,3597
61103000,化纤制针织钩编套头衫...,316,保加利亚,1347,件,481,千克,86366
61103000,化纤制针织钩编套头衫...,321,匈牙利,35,件,19,千克,6996
61103000,化纤制针织钩编套头衫...,327,波兰,20,件,13,千克,1604
61103000,化纤制针织钩编套头衫...,336,立陶宛,35,件,9,千克,2463
61103000,化纤制针织钩编套头衫...,350,斯洛文尼亚,341,件,50,千克,12687
61103000,化纤制针织钩编套头衫...,410,巴西,5,件,2,千克,326
61103000,化纤制针织钩编套头衫...,429,墨西哥,41,件,22,千克,4053
61103000,化纤制针织钩编套头衫...,431,尼加拉瓜,5,件,1,千克,211
61103000,化纤制针织钩编套头衫...,501,加拿大,15,件,3,千克,1643
61109010,丝及绢丝针织钩编套头...,129,菲律宾,1,件,0,千克,277
61109010,丝及绢丝针织钩编套头...,137,土耳其,214,件,69,千克,21682
61109010,丝及绢丝针织钩编套头...,227,马达加斯加,2,件,1,千克,376
61109010,丝及绢丝针织钩编套头...,301,比利时,1,件,0,千克,179
61109010,丝及绢丝针织钩编套头...,307,意大利,3728,件,1496,千克,1531720
61109010,丝及绢丝针织钩编套头...,316,保加利亚,8,件,2,千克,233
61109090,其他纺材针织钩编套头...,127,巴基斯坦,1,件,0,千克,16
61109090,其他纺材针织钩编套头...,137,土耳其,9,件,3,千克,444
61109090,其他纺材针织钩编套头...,305,法国,21,件,44,千克,6477
61109090,其他纺材针织钩编套头...,307,意大利,366,件,262,千克,96322
61109090,其他纺材针织钩编套头...,312,西班牙,4,件,1,千克,896
61109090,其他纺材针织钩编套头...,316,保加利亚,4,件,0,千克,367
61109090,其他纺材针织钩编套头...,327,波兰,1,件,0,千克,27
61109090,其他纺材针织钩编套头...,429,墨西哥,2,件,0,千克,71
61109090,其他纺材针织钩编套头...,431,尼加拉瓜,2,件,0,千克,173
61112000,棉制针织或钩编的婴儿...,127,巴基斯坦,1044,千克,0,—,33164
61112000,棉制针织或钩编的婴儿...,129,菲律宾,126,千克,0,—,6823
61112000,棉制针织或钩编的婴儿...,137,土耳其,753,千克,0,—,31164
61112000,棉制针织或钩编的婴儿...,138,阿联酋,1,千克,0,—,114
61112000,棉制针织或钩编的婴儿...,227,马达加斯加,3,千克,0,—,355
61112000,棉制针织或钩编的婴儿...,305,法国,47,千克,0,—,17905
61112000,棉制针织或钩编的婴儿...,307,意大利,643,千克,0,—,294297
61112000,棉制针织或钩编的婴儿...,310,希腊,126,千克,0,—,9758
61112000,棉制针织或钩编的婴儿...,312,西班牙,100,千克,0,—,9345
61112000,棉制针织或钩编的婴儿...,313,阿尔巴尼亚,3,千克,0,—,409
61112000,棉制针织或钩编的婴儿...,316,保加利亚,10,千克,0,—,3089
61112000,棉制针织或钩编的婴儿...,336,立陶宛,442,千克,0,—,42030
61112000,棉制针织或钩编的婴儿...,410,巴西,14,千克,0,—,773
61113000,合成纤维制针织或钩编...,127,巴基斯坦,3,千克,0,—,40
61113000,合成纤维制针织或钩编...,137,土耳其,4,千克,0,—,1058
61113000,合成纤维制针织或钩编...,305,法国,3,千克,0,—,11116
61113000,合成纤维制针织或钩编...,307,意大利,10,千克,0,—,33756
61119010,毛制针织或钩编的婴儿...,227,马达加斯加,2,千克,0,—,59
61119010,毛制针织或钩编的婴儿...,305,法国,0,千克,0,—,48
61119010,毛制针织或钩编的婴儿...,307,意大利,116,千克,0,—,220049
61119010,毛制针织或钩编的婴儿...,316,保加利亚,0,千克,0,—,305
61119010,毛制针织或钩编的婴儿...,336,立陶宛,12,千克,0,—,1179
61119090,其他材料制针织或钩编...,129,菲律宾,0,千克,0,—,16
61119090,其他材料制针织或钩编...,137,土耳其,7,千克,0,—,1832
61119090,其他材料制针织或钩编...,305,法国,6,千克,0,—,328
61119090,其他材料制针织或钩编...,307,意大利,14,千克,0,—,1446
61119090,其他材料制针织或钩编...,316,保加利亚,1,千克,0,—,313
61119090,其他材料制针织或钩编...,336,立陶宛,170,千克,0,—,23164
61119090,其他材料制针织或钩编...,431,尼加拉瓜,0,千克,0,—,22
61121100,棉制针织或钩编的运动...,127,巴基斯坦,2,套,2,千克,113
61121100,棉制针织或钩编的运动...,129,菲律宾,2,套,1,千克,65
61121100,棉制针织或钩编的运动...,137,土耳其,1,套,2,千克,115
61121100,棉制针织或钩编的运动...,307,意大利,34,套,50,千克,7319
61121100,棉制针织或钩编的运动...,429,墨西哥,6,套,4,千克,53
61121100,棉制针织或钩编的运动...,431,尼加拉瓜,1,套,0,千克,22
61121200,合成纤维制针织或钩编...,127,巴基斯坦,2,套,2,千克,60
61121200,合成纤维制针织或钩编...,129,菲律宾,6,套,4,千克,353
61121200,合成纤维制针织或钩编...,137,土耳其,58,套,51,千克,4461
61121200,合成纤维制针织或钩编...,307,意大利,1,套,0,千克,86
61121200,合成纤维制针织或钩编...,340,白俄罗斯,20,套,7,千克,1607
61121900,其他纺织材料制针织或...,327,波兰,1,套,1,千克,92
61122090,其他纺织材料制针织或...,307,意大利,1,套,1,千克,722
61123100,合成纤维制针织或钩编...,127,巴基斯坦,4,件,1,千克,572
61123100,合成纤维制针织或钩编...,137,土耳其,100,件,24,千克,1810
61123100,合成纤维制针织或钩编...,305,法国,1,件,1,千克,101
61123100,合成纤维制针织或钩编...,307,意大利,76,件,32,千克,11886
61123100,合成纤维制针织或钩编...,309,荷兰,104,件,12,千克,255
61123100,合成纤维制针织或钩编...,312,西班牙,22,件,10,千克,557
61123100,合成纤维制针织或钩编...,313,阿尔巴尼亚,2,件,1,千克,163
61123100,合成纤维制针织或钩编...,316,保加利亚,5,件,1,千克,790
61123100,合成纤维制针织或钩编...,327,波兰,1,件,0,千克,172
61124100,合成纤维制针织或钩编...,129,菲律宾,3,件,0,千克,207
61124100,合成纤维制针织或钩编...,137,土耳其,362,件,40,千克,4774
61124100,合成纤维制针织或钩编...,301,比利时,1194,件,6,千克,41
61124100,合成纤维制针织或钩编...,305,法国,32,件,2,千克,6692
61124100,合成纤维制针织或钩编...,307,意大利,483,件,82,千克,71720
61124100,合成纤维制针织或钩编...,309,荷兰,29,件,12,千克,60
61124100,合成纤维制针织或钩编...,310,希腊,14,件,4,千克,2513
61124100,合成纤维制针织或钩编...,312,西班牙,8,件,5,千克,614
61124100,合成纤维制针织或钩编...,314,安道尔,1,件,0,千克,66
61124100,合成纤维制针织或钩编...,316,保加利亚,852,件,86,千克,5999
61124100,合成纤维制针织或钩编...,327,波兰,46,件,4,千克,1429
61124100,合成纤维制针织或钩编...,336,立陶宛,1,件,1,千克,172
61124100,合成纤维制针织或钩编...,350,斯洛文尼亚,26,件,4,千克,2106
61124100,合成纤维制针织或钩编...,410,巴西,5,件,2,千克,367
61124100,合成纤维制针织或钩编...,429,墨西哥,4,件,0,千克,275
61124900,其他纺织材料制针织或...,307,意大利,2,件,1,千克,5
61124900,其他纺织材料制针织或...,310,希腊,12,件,2,千克,634
61124900,其他纺织材料制针织或...,316,保加利亚,31,件,4,千克,283
61130000,5903、5906或...,137,土耳其,2,件,2,千克,74
61130000,5903、5906或...,227,马达加斯加,399,件,192,千克,14399
61130000,5903、5906或...,307,意大利,1,件,1,千克,2118
61130000,5903、5906或...,327,波兰,40,件,40,千克,988
61130000,5903、5906或...,501,加拿大,34,件,17,千克,508
61142000,棉制针织或钩编的其他...,127,巴基斯坦,736,件,457,千克,7966
61142000,棉制针织或钩编的其他...,129,菲律宾,1021,件,149,千克,6555
61142000,棉制针织或钩编的其他...,137,土耳其,21710,件,4341,千克,228777
61142000,棉制针织或钩编的其他...,305,法国,19,件,7,千克,9889
61142000,棉制针织或钩编的其他...,307,意大利,451,件,257,千克,144045
61142000,棉制针织或钩编的其他...,312,西班牙,15,件,7,千克,1445
61142000,棉制针织或钩编的其他...,313,阿尔巴尼亚,32,件,17,千克,5208
61142000,棉制针织或钩编的其他...,315,奥地利,12,件,2,千克,81
61142000,棉制针织或钩编的其他...,316,保加利亚,29,件,8,千克,3200
61142000,棉制针织或钩编的其他...,321,匈牙利,1,件,1,千克,267
61142000,棉制针织或钩编的其他...,429,墨西哥,820,件,59,千克,2850
61143000,化纤制针织或钩编的其...,127,巴基斯坦,1800,件,385,千克,5101
61143000,化纤制针织或钩编的其...,129,菲律宾,13877,件,1843,千克,57389
61143000,化纤制针织或钩编的其...,137,土耳其,12346,件,2509,千克,193854
61143000,化纤制针织或钩编的其...,305,法国,136,件,89,千克,65500
61143000,化纤制针织或钩编的其...,306,爱尔兰,4,件,1,千克,109
61143000,化纤制针织或钩编的其...,307,意大利,1447,件,389,千克,226752
61143000,化纤制针织或钩编的其...,310,希腊,4,件,2,千克,254
61143000,化纤制针织或钩编的其...,312,西班牙,1,件,0,千克,6
61143000,化纤制针织或钩编的其...,313,阿尔巴尼亚,282,件,56,千克,6083
61143000,化纤制针织或钩编的其...,315,奥地利,6,件,1,千克,241
61143000,化纤制针织或钩编的其...,316,保加利亚,52,件,12,千克,1136
61143000,化纤制针织或钩编的其...,321,匈牙利,12,件,7,千克,1531
61143000,化纤制针织或钩编的其...,327,波兰,65,件,32,千克,4885
61143000,化纤制针织或钩编的其...,336,立陶宛,144,件,28,千克,10534
61143000,化纤制针织或钩编的其...,350,斯洛文尼亚,753,件,90,千克,27650
61143000,化纤制针织或钩编的其...,410,巴西,1,件,0,千克,91
61143000,化纤制针织或钩编的其...,429,墨西哥,1,件,0,千克,22
61143000,化纤制针织或钩编的其...,501,加拿大,11,件,3,千克,5056
61149010,毛制针织或钩编的其他...,137,土耳其,1466,件,915,千克,512089
61149010,毛制针织或钩编的其他...,305,法国,3,件,1,千克,2244
61149010,毛制针织或钩编的其他...,307,意大利,233,件,132,千克,128330
61149010,毛制针织或钩编的其他...,350,斯洛文尼亚,9,件,3,千克,2301
61149090,其他纺织材料制针织或...,307,意大利,48,件,5,千克,29202
61149090,其他纺织材料制针织或...,312,西班牙,2,件,1,千克,500
61151000,渐紧压袜类,305,法国,4,双,1,千克,66
61151000,渐紧压袜类,307,意大利,13458,双,1830,千克,100936
61151000,渐紧压袜类,312,西班牙,3901,双,430,千克,23739
61151000,渐紧压袜类,410,巴西,4484,双,456,千克,27960
61151000,渐紧压袜类,415,哥斯达黎加,11916,双,585,千克,81038
61151000,渐紧压袜类,429,墨西哥,180,双,17,千克,567
61152100,合纤针或钩织连裤及紧...,137,土耳其,26,双,8,千克,3055
61152100,合纤针或钩织连裤及紧...,305,法国,7,双,1,千克,425
61152100,合纤针或钩织连裤及紧...,307,意大利,18194,双,953,千克,83178
61152100,合纤针或钩织连裤及紧...,309,荷兰,1,双,0,千克,16
61152100,合纤针或钩织连裤及紧...,312,西班牙,456,双,30,千克,2683
61152100,合纤针或钩织连裤及紧...,315,奥地利,2373,双,324,千克,18252
61152100,合纤针或钩织连裤及紧...,327,波兰,1136,双,76,千克,5143
61152100,合纤针或钩织连裤及紧...,350,斯洛文尼亚,28,双,2,千克,538
61152200,合纤针或钩织连裤及紧...,307,意大利,7704,双,449,千克,52075
61152200,合纤针或钩织连裤及紧...,315,奥地利,480,双,67,千克,5420
61152200,合纤针或钩织连裤及紧...,350,斯洛文尼亚,61,双,8,千克,954
61152910,棉制针织或钩编的连裤...,137,土耳其,179,双,10,千克,204
61152910,棉制针织或钩编的连裤...,305,法国,2318,双,256,千克,26797
61152910,棉制针织或钩编的连裤...,307,意大利,271,双,23,千克,657
61152910,棉制针织或钩编的连裤...,312,西班牙,904,双,47,千克,5224
61152990,未列名纺织材料针织或...,137,土耳其,9,双,7,千克,781
61152990,未列名纺织材料针织或...,305,法国,357,双,39,千克,4397
61152990,未列名纺织材料针织或...,307,意大利,443,双,39,千克,13661
61152990,未列名纺织材料针织或...,312,西班牙,1,双,0,千克,28
61152990,未列名纺织材料针织或...,315,奥地利,59,双,8,千克,2405
61152990,未列名纺织材料针织或...,327,波兰,1,双,1,千克,214
61152990,未列名纺织材料针织或...,336,立陶宛,2,双,2,千克,204
61152990,未列名纺织材料针织或...,350,斯洛文尼亚,1,双,1,千克,79
61153000,其他女式长统袜及中统...,137,土耳其,338,双,40,千克,1023
61153000,其他女式长统袜及中统...,305,法国,3165,双,345,千克,18928
61153000,其他女式长统袜及中统...,307,意大利,8745,双,373,千克,17156
61153000,其他女式长统袜及中统...,312,西班牙,216,双,10,千克,880
61153000,其他女式长统袜及中统...,315,奥地利,969,双,127,千克,7294
61153000,其他女式长统袜及中统...,327,波兰,965,双,54,千克,4256
61159400,毛制其他袜,137,土耳其,1,双,0,千克,19
61159400,毛制其他袜,307,意大利,1004,双,63,千克,37161
61159400,毛制其他袜,326,挪威,24,双,0,千克,2
61159400,毛制其他袜,336,立陶宛,6,双,0,千克,204
61159400,毛制其他袜,429,墨西哥,36,双,1,千克,252
61159500,棉制其他袜,127,巴基斯坦,125573,双,5496,千克,146292
61159500,棉制其他袜,129,菲律宾,51852,双,1798,千克,53092
61159500,棉制其他袜,137,土耳其,419180,双,20105,千克,662797
61159500,棉制其他袜,301,比利时,1183,双,102,千克,9235
61159500,棉制其他袜,305,法国,1383,双,137,千克,8948
61159500,棉制其他袜,307,意大利,79448,双,2244,千克,279397
61159500,棉制其他袜,309,荷兰,16,双,0,千克,105
61159500,棉制其他袜,312,西班牙,3773,双,143,千克,12022
61159500,棉制其他袜,315,奥地利,244,双,34,千克,1463
61159500,棉制其他袜,316,保加利亚,58,双,12,千克,902
61159500,棉制其他袜,321,匈牙利,8,双,1,千克,65
61159500,棉制其他袜,327,波兰,116,双,20,千克,325
61159500,棉制其他袜,336,立陶宛,895,双,41,千克,3776
61159500,棉制其他袜,410,巴西,20,双,2,千克,80
61159500,棉制其他袜,429,墨西哥,32,双,1,千克,167
61159600,合成纤维制其他袜,127,巴基斯坦,8400,双,502,千克,18076
61159600,合成纤维制其他袜,137,土耳其,53452,双,3734,千克,170259
61159600,合成纤维制其他袜,244,南非,3698,双,205,千克,9292
61159600,合成纤维制其他袜,305,法国,11,双,1,千克,81
61159600,合成纤维制其他袜,307,意大利,19837,双,492,千克,53605
61159600,合成纤维制其他袜,309,荷兰,1,双,0,千克,16
61159600,合成纤维制其他袜,312,西班牙,12,双,1,千克,46
61159600,合成纤维制其他袜,313,阿尔巴尼亚,13,双,2,千克,409
61159600,合成纤维制其他袜,315,奥地利,693,双,85,千克,3146
61159600,合成纤维制其他袜,316,保加利亚,3,双,0,千克,55
61159600,合成纤维制其他袜,321,匈牙利,13,双,2,千克,339
61159600,合成纤维制其他袜,327,波兰,134,双,12,千克,413
61159600,合成纤维制其他袜,336,立陶宛,496,双,48,千克,2178
61159600,合成纤维制其他袜,350,斯洛文尼亚,63,双,8,千克,1138
61159600,合成纤维制其他袜,429,墨西哥,70,双,1,千克,264
61159900,其他纺织材料制其他袜,137,土耳其,94,双,7,千克,251
61159900,其他纺织材料制其他袜,307,意大利,11414,双,355,千克,27418
61159900,其他纺织材料制其他袜,336,立陶宛,340,双,7,千克,981
61159900,其他纺织材料制其他袜,429,墨西哥,3,双,2,千克,46
61161000,用塑料或橡胶浸、涂或...,127,巴基斯坦,5015,双,2158,千克,30678
61161000,用塑料或橡胶浸、涂或...,305,法国,10,双,2,千克,213
61161000,用塑料或橡胶浸、涂或...,410,巴西,1,双,0,千克,3
61161000,用塑料或橡胶浸、涂或...,429,墨西哥,1,双,0,千克,11
61161000,用塑料或橡胶浸、涂或...,501,加拿大,39,双,28,千克,807
61169100,其他羊毛或动物细毛制...,129,菲律宾,1,双,0,千克,24
61169100,其他羊毛或动物细毛制...,307,意大利,176,双,17,千克,30486
61169100,其他羊毛或动物细毛制...,316,保加利亚,21,双,7,千克,1145
61169200,其他棉制针织或钩编的...,127,巴基斯坦,250,双,43,千克,2001
61169200,其他棉制针织或钩编的...,137,土耳其,169,双,6,千克,801
61169200,其他棉制针织或钩编的...,227,马达加斯加,8,双,4,千克,777
61169200,其他棉制针织或钩编的...,307,意大利,2,双,0,千克,128
61169200,其他棉制针织或钩编的...,312,西班牙,1,双,1,千克,26
61169200,其他棉制针织或钩编的...,315,奥地利,800,双,18,千克,2549
61169200,其他棉制针织或钩编的...,327,波兰,3,双,1,千克,19
61169200,其他棉制针织或钩编的...,336,立陶宛,347,双,6,千克,1329
61169300,其他合成纤维制针织或...,127,巴基斯坦,27988,双,2414,千克,55922
61169300,其他合成纤维制针织或...,129,菲律宾,9685,双,762,千克,96990
61169300,其他合成纤维制针织或...,305,法国,15,双,3,千克,839
61169300,其他合成纤维制针织或...,307,意大利,319,双,55,千克,11840
61169300,其他合成纤维制针织或...,312,西班牙,1,双,0,千克,22
61169300,其他合成纤维制针织或...,316,保加利亚,1,双,0,千克,40
61169900,未列名纺织材料制针织...,127,巴基斯坦,1,双,0,千克,23
61169900,未列名纺织材料制针织...,137,土耳其,1,双,0,千克,15
61169900,未列名纺织材料制针织...,327,波兰,1,双,0,千克,10
61171011,山羊绒制针织或钩编披...,124,蒙古,1,条,0,千克,155
61171011,山羊绒制针织或钩编披...,305,法国,1,条,1,千克,96
61171011,山羊绒制针织或钩编披...,307,意大利,1018,条,266,千克,399002
61171019,其他动物细毛制针织或...,301,比利时,3,条,0,千克,295
61171019,其他动物细毛制针织或...,305,法国,1,条,0,千克,121
61171019,其他动物细毛制针织或...,306,爱尔兰,1,条,0,千克,28
61171019,其他动物细毛制针织或...,307,意大利,12,条,2,千克,2579
61171019,其他动物细毛制针织或...,312,西班牙,6,条,2,千克,627
61171019,其他动物细毛制针织或...,321,匈牙利,1,条,1,千克,13
61171020,羊毛制针织或钩编披巾...,124,蒙古,62,条,30,千克,496
61171020,羊毛制针织或钩编披巾...,127,巴基斯坦,99,条,15,千克,3564
61171020,羊毛制针织或钩编披巾...,138,阿联酋,55,条,11,千克,1176
61171020,羊毛制针织或钩编披巾...,305,法国,10,条,3,千克,1474
61171020,羊毛制针织或钩编披巾...,307,意大利,9990,条,1517,千克,1054038
61171020,羊毛制针织或钩编披巾...,312,西班牙,8,条,2,千克,925
61171020,羊毛制针织或钩编披巾...,316,保加利亚,12,条,4,千克,663
61171020,羊毛制针织或钩编披巾...,327,波兰,2,条,1,千克,39
61171090,针织或钩编披巾、头巾...,137,土耳其,1275,条,127,千克,8587
61171090,针织或钩编披巾、头巾...,301,比利时,3,条,0,千克,273
61171090,针织或钩编披巾、头巾...,305,法国,39,条,12,千克,1800
61171090,针织或钩编披巾、头巾...,307,意大利,1936,条,300,千克,125738
61171090,针织或钩编披巾、头巾...,309,荷兰,1,条,0,千克,28
61171090,针织或钩编披巾、头巾...,310,希腊,6,条,1,千克,261
61171090,针织或钩编披巾、头巾...,312,西班牙,114,条,12,千克,1312
61171090,针织或钩编披巾、头巾...,327,波兰,16,条,4,千克,181
61171090,针织或钩编披巾、头巾...,501,加拿大,500,条,13,千克,4945
61178010,针织或钩编的领带及领...,305,法国,2,千克,11,条,1833
61178010,针织或钩编的领带及领...,307,意大利,23,千克,154,条,14486
61178010,针织或钩编的领带及领...,312,西班牙,0,千克,2,条,41
61178090,针织或钩编的其他衣着...,127,巴基斯坦,0,千克,0,—,28
61178090,针织或钩编的其他衣着...,129,菲律宾,2,千克,0,—,480
61178090,针织或钩编的其他衣着...,137,土耳其,889,千克,0,—,55908
61178090,针织或钩编的其他衣着...,301,比利时,2,千克,0,—,869
61178090,针织或钩编的其他衣着...,305,法国,11,千克,0,—,797
61178090,针织或钩编的其他衣着...,307,意大利,708,千克,0,—,129261
61178090,针织或钩编的其他衣着...,312,西班牙,21,千克,0,—,2425
61178090,针织或钩编的其他衣着...,321,匈牙利,1,千克,0,—,101
61178090,针织或钩编的其他衣着...,327,波兰,1,千克,0,—,68
61178090,针织或钩编的其他衣着...,336,立陶宛,303,千克,0,—,40409
61178090,针织或钩编的其他衣着...,501,加拿大,0,千克,0,—,185
61179000,针织或钩编的服装或衣...,127,巴基斯坦,38,千克,0,—,1150
61179000,针织或钩编的服装或衣...,137,土耳其,0,千克,0,—,169
61179000,针织或钩编的服装或衣...,307,意大利,7591,千克,0,—,602307
61179000,针织或钩编的服装或衣...,316,保加利亚,0,千克,0,—,35
61179000,针织或钩编的服装或衣...,501,加拿大,1401,千克,0,—,23310
62011100,毛制男式大衣、雨衣、...,124,蒙古,94,件,99,千克,24544
62011100,毛制男式大衣、雨衣、...,137,土耳其,93,件,120,千克,21230
62011100,毛制男式大衣、雨衣、...,305,法国,91,件,137,千克,29043
62011100,毛制男式大衣、雨衣、...,307,意大利,2111,件,3044,千克,2674728
62011100,毛制男式大衣、雨衣、...,313,阿尔巴尼亚,8,件,8,千克,1684
62011100,毛制男式大衣、雨衣、...,316,保加利亚,69,件,68,千克,34862
62011100,毛制男式大衣、雨衣、...,327,波兰,1,件,2,千克,789
62011100,毛制男式大衣、雨衣、...,336,立陶宛,4,件,6,千克,1648
62011100,毛制男式大衣、雨衣、...,429,墨西哥,276,件,497,千克,89964
62011100,毛制男式大衣、雨衣、...,501,加拿大,2,件,3,千克,381
62011210,棉制男式羽绒大衣,307,意大利,4,件,4,千克,1529
62011290,棉制男式未列名大衣、...,127,巴基斯坦,4,件,5,千克,239
62011290,棉制男式未列名大衣、...,137,土耳其,2,件,3,千克,235
62011290,棉制男式未列名大衣、...,305,法国,37,件,41,千克,59508
62011290,棉制男式未列名大衣、...,307,意大利,402,件,386,千克,415117
62011290,棉制男式未列名大衣、...,316,保加利亚,124,件,124,千克,31364
62011290,棉制男式未列名大衣、...,327,波兰,7,件,6,千克,1641
62011290,棉制男式未列名大衣、...,336,立陶宛,59,件,43,千克,35953
62011290,棉制男式未列名大衣、...,340,白俄罗斯,59,件,59,千克,18277
62011290,棉制男式未列名大衣、...,431,尼加拉瓜,3,件,4,千克,293
62011290,棉制男式未列名大衣、...,501,加拿大,1,件,1,千克,113
62011310,化纤制男式羽绒大衣,137,土耳其,1,件,2,千克,125
62011310,化纤制男式羽绒大衣,305,法国,2,件,4,千克,2068
62011310,化纤制男式羽绒大衣,307,意大利,98,件,106,千克,83032
62011310,化纤制男式羽绒大衣,501,加拿大,2126,件,2644,千克,1097430
62011390,化纤男式未列名大衣、...,129,菲律宾,5,件,5,千克,3005
62011390,化纤男式未列名大衣、...,137,土耳其,119,件,70,千克,25864
62011390,化纤男式未列名大衣、...,305,法国,15,件,13,千克,15283
62011390,化纤男式未列名大衣、...,307,意大利,386,件,487,千克,306054
62011390,化纤男式未列名大衣、...,316,保加利亚,32,件,29,千克,10432
62011390,化纤男式未列名大衣、...,327,波兰,1,件,1,千克,142
62011390,化纤男式未列名大衣、...,336,立陶宛,6,件,3,千克,1507
62011390,化纤男式未列名大衣、...,501,加拿大,2,件,1,千克,589
62011900,其他纺织材料男式大衣...,305,法国,3,件,4,千克,997
62011900,其他纺织材料男式大衣...,307,意大利,7,件,9,千克,3941
62019100,毛制男式带风帽防寒短...,137,土耳其,106,件,54,千克,36956
62019100,毛制男式带风帽防寒短...,301,比利时,1,件,2,千克,380
62019100,毛制男式带风帽防寒短...,305,法国,139,件,139,千克,219356
62019100,毛制男式带风帽防寒短...,307,意大利,922,件,731,千克,971135
62019100,毛制男式带风帽防寒短...,316,保加利亚,64,件,52,千克,24856
62019210,棉制男式羽绒短上衣,305,法国,1,件,2,千克,61
62019210,棉制男式羽绒短上衣,307,意大利,226,件,215,千克,167290
62019210,棉制男式羽绒短上衣,316,保加利亚,7,件,7,千克,1815
62019290,未列名棉制男式带风帽...,127,巴基斯坦,125,件,192,千克,5408
62019290,未列名棉制男式带风帽...,129,菲律宾,35,件,32,千克,1509
62019290,未列名棉制男式带风帽...,137,土耳其,1392,件,992,千克,62092
62019290,未列名棉制男式带风帽...,305,法国,3,件,1,千克,1696
62019290,未列名棉制男式带风帽...,307,意大利,2166,件,1793,千克,1839057
62019290,未列名棉制男式带风帽...,309,荷兰,10,件,6,千克,20
62019290,未列名棉制男式带风帽...,312,西班牙,5,件,12,千克,3897
62019290,未列名棉制男式带风帽...,313,阿尔巴尼亚,5,件,2,千克,2904
62019290,未列名棉制男式带风帽...,316,保加利亚,23,件,16,千克,5296
62019290,未列名棉制男式带风帽...,321,匈牙利,11,件,10,千克,1973
62019290,未列名棉制男式带风帽...,336,立陶宛,6,件,5,千克,4014
62019290,未列名棉制男式带风帽...,340,白俄罗斯,39,件,35,千克,7452
62019290,未列名棉制男式带风帽...,429,墨西哥,4,件,4,千克,426
62019310,化纤制男式羽绒短上衣,137,土耳其,27,件,23,千克,21064
62019310,化纤制男式羽绒短上衣,305,法国,36,件,25,千克,26861
62019310,化纤制男式羽绒短上衣,307,意大利,1201,件,1280,千克,722905
62019310,化纤制男式羽绒短上衣,312,西班牙,3,件,2,千克,604
62019310,化纤制男式羽绒短上衣,316,保加利亚,417,件,315,千克,212376
62019310,化纤制男式羽绒短上衣,321,匈牙利,26,件,35,千克,11963
62019310,化纤制男式羽绒短上衣,327,波兰,1,件,1,千克,212
62019310,化纤制男式羽绒短上衣,501,加拿大,1501,件,1235,千克,566490
62019390,未列名化纤男式带风帽...,127,巴基斯坦,1130,件,1385,千克,42188
62019390,未列名化纤男式带风帽...,129,菲律宾,7563,件,2740,千克,174006
62019390,未列名化纤男式带风帽...,137,土耳其,1583,件,707,千克,96653
62019390,未列名化纤男式带风帽...,227,马达加斯加,1,件,0,千克,50
62019390,未列名化纤男式带风帽...,301,比利时,5,件,4,千克,774
62019390,未列名化纤男式带风帽...,305,法国,116,件,96,千克,152377
62019390,未列名化纤男式带风帽...,307,意大利,5098,件,4769,千克,3916794
62019390,未列名化纤男式带风帽...,309,荷兰,228,件,371,千克,15220
62019390,未列名化纤男式带风帽...,312,西班牙,14,件,14,千克,981
62019390,未列名化纤男式带风帽...,314,安道尔,2,件,3,千克,166
62019390,未列名化纤男式带风帽...,316,保加利亚,208,件,163,千克,79206
62019390,未列名化纤男式带风帽...,321,匈牙利,54,件,59,千克,15171
62019390,未列名化纤男式带风帽...,327,波兰,1,件,1,千克,150
62019390,未列名化纤男式带风帽...,336,立陶宛,6,件,3,千克,1519
62019390,未列名化纤男式带风帽...,350,斯洛文尼亚,1,件,1,千克,485
62019390,未列名化纤男式带风帽...,429,墨西哥,2,件,2,千克,200
62019390,未列名化纤男式带风帽...,431,尼加拉瓜,1,件,1,千克,95
62019390,未列名化纤男式带风帽...,501,加拿大,18,件,16,千克,6672
62019900,其他材料制男式带风帽...,127,巴基斯坦,1,件,3,千克,274
62019900,其他材料制男式带风帽...,137,土耳其,140,件,62,千克,4626
62019900,其他材料制男式带风帽...,307,意大利,339,件,309,千克,454926
62021100,毛制女式大衣、雨衣、...,124,蒙古,210,件,251,千克,61156
62021100,毛制女式大衣、雨衣、...,137,土耳其,6,件,5,千克,4182
62021100,毛制女式大衣、雨衣、...,301,比利时,1,件,1,千克,182
62021100,毛制女式大衣、雨衣、...,305,法国,1372,件,1545,千克,3299217
62021100,毛制女式大衣、雨衣、...,307,意大利,18998,件,24696,千克,27760924
62021100,毛制女式大衣、雨衣、...,313,阿尔巴尼亚,29,件,18,千克,14174
62021100,毛制女式大衣、雨衣、...,316,保加利亚,182,件,198,千克,46275
62021100,毛制女式大衣、雨衣、...,321,匈牙利,123,件,171,千克,44060
62021100,毛制女式大衣、雨衣、...,327,波兰,297,件,469,千克,135114
62021100,毛制女式大衣、雨衣、...,336,立陶宛,1,件,2,千克,270
62021100,毛制女式大衣、雨衣、...,340,白俄罗斯,45,件,43,千克,12574
62021100,毛制女式大衣、雨衣、...,350,斯洛文尼亚,68,件,108,千克,21749
62021210,棉制女式羽绒大衣,307,意大利,79,件,78,千克,38087
62021290,未列名棉制女式大衣、...,137,土耳其,82,件,75,千克,12622
62021290,未列名棉制女式大衣、...,227,马达加斯加,4,件,7,千克,1521
62021290,未列名棉制女式大衣、...,301,比利时,11,件,11,千克,3752
62021290,未列名棉制女式大衣、...,305,法国,153,件,178,千克,211541
62021290,未列名棉制女式大衣、...,307,意大利,1197,件,1278,千克,993208
62021290,未列名棉制女式大衣、...,312,西班牙,1,件,1,千克,98
62021290,未列名棉制女式大衣、...,313,阿尔巴尼亚,1027,件,1200,千克,515261
62021290,未列名棉制女式大衣、...,316,保加利亚,529,件,529,千克,91088
62021290,未列名棉制女式大衣、...,321,匈牙利,60,件,99,千克,23282
62021290,未列名棉制女式大衣、...,327,波兰,150,件,226,千克,141879
62021290,未列名棉制女式大衣、...,336,立陶宛,25,件,21,千克,9850
62021310,化纤制女式羽绒大衣,305,法国,14,件,16,千克,5969
62021310,化纤制女式羽绒大衣,307,意大利,230,件,294,千克,212270
62021310,化纤制女式羽绒大衣,321,匈牙利,139,件,170,千克,105948
62021310,化纤制女式羽绒大衣,501,加拿大,1268,件,1366,千克,632383
62021390,未列名化纤女式大衣、...,137,土耳其,55,件,76,千克,931
62021390,未列名化纤女式大衣、...,301,比利时,2,件,2,千克,364
62021390,未列名化纤女式大衣、...,305,法国,275,件,194,千克,491702
62021390,未列名化纤女式大衣、...,307,意大利,2200,件,2048,千克,2977048
62021390,未列名化纤女式大衣、...,312,西班牙,9,件,8,千克,271
62021390,未列名化纤女式大衣、...,313,阿尔巴尼亚,782,件,1073,千克,164555
62021390,未列名化纤女式大衣、...,316,保加利亚,110,件,113,千克,33972
62021390,未列名化纤女式大衣、...,321,匈牙利,41,件,58,千克,13149
62021390,未列名化纤女式大衣、...,327,波兰,202,件,229,千克,77737
62021390,未列名化纤女式大衣、...,336,立陶宛,2,件,2,千克,898
62021390,未列名化纤女式大衣、...,350,斯洛文尼亚,68,件,103,千克,16343
62021390,未列名化纤女式大衣、...,501,加拿大,15,件,19,千克,2805
62021900,其他纺织材料制女式大...,137,土耳其,4,件,3,千克,1218
62021900,其他纺织材料制女式大...,305,法国,20,件,20,千克,63500
62021900,其他纺织材料制女式大...,307,意大利,151,件,115,千克,93379
62021900,其他纺织材料制女式大...,321,匈牙利,2,件,1,千克,1389
62029100,毛制女式带风帽的防寒...,305,法国,137,件,125,千克,177267
62029100,毛制女式带风帽的防寒...,307,意大利,1093,件,941,千克,1200684
62029100,毛制女式带风帽的防寒...,309,荷兰,22,件,10,千克,575
62029100,毛制女式带风帽的防寒...,312,西班牙,2,件,1,千克,1743
62029100,毛制女式带风帽的防寒...,313,阿尔巴尼亚,1,件,1,千克,191
62029100,毛制女式带风帽的防寒...,321,匈牙利,6,件,3,千克,5663
62029100,毛制女式带风帽的防寒...,327,波兰,15,件,10,千克,54696
62029210,棉制女式羽绒短上衣,307,意大利,145,件,105,千克,137785
62029210,棉制女式羽绒短上衣,501,加拿大,1,件,1,千克,478
62029290,未列名棉制女式带风帽...,137,土耳其,484,件,442,千克,39141
62029290,未列名棉制女式带风帽...,138,阿联酋,1,件,1,千克,2
62029290,未列名棉制女式带风帽...,305,法国,44,件,42,千克,60060
62029290,未列名棉制女式带风帽...,307,意大利,888,件,496,千克,658954
62029290,未列名棉制女式带风帽...,309,荷兰,8,件,6,千克,15
62029290,未列名棉制女式带风帽...,313,阿尔巴尼亚,30,件,29,千克,42086
62029290,未列名棉制女式带风帽...,316,保加利亚,148,件,127,千克,46935
62029290,未列名棉制女式带风帽...,327,波兰,23,件,36,千克,10568
62029290,未列名棉制女式带风帽...,336,立陶宛,5,件,4,千克,2122
62029290,未列名棉制女式带风帽...,429,墨西哥,14,件,9,千克,64
62029310,化纤制女式羽绒短上衣,137,土耳其,1,件,1,千克,1058
62029310,化纤制女式羽绒短上衣,305,法国,11,件,11,千克,3725
62029310,化纤制女式羽绒短上衣,307,意大利,1374,件,1217,千克,1246258
62029310,化纤制女式羽绒短上衣,312,西班牙,1,件,1,千克,87
62029310,化纤制女式羽绒短上衣,314,安道尔,1,件,1,千克,227
62029310,化纤制女式羽绒短上衣,321,匈牙利,137,件,168,千克,47476
62029310,化纤制女式羽绒短上衣,327,波兰,2,件,2,千克,794
62029310,化纤制女式羽绒短上衣,501,加拿大,415,件,240,千克,147772
62029390,未列名化纤女式带风帽...,129,菲律宾,4038,件,1432,千克,121382
62029390,未列名化纤女式带风帽...,137,土耳其,3800,件,1909,千克,82273
62029390,未列名化纤女式带风帽...,227,马达加斯加,1,件,1,千克,217
62029390,未列名化纤女式带风帽...,301,比利时,1,件,1,千克,146
62029390,未列名化纤女式带风帽...,305,法国,10,件,8,千克,5053
62029390,未列名化纤女式带风帽...,307,意大利,3145,件,2450,千克,3788302
62029390,未列名化纤女式带风帽...,309,荷兰,10,件,6,千克,203
62029390,未列名化纤女式带风帽...,313,阿尔巴尼亚,1,件,1,千克,41
62029390,未列名化纤女式带风帽...,316,保加利亚,92,件,67,千克,25020
62029390,未列名化纤女式带风帽...,321,匈牙利,140,件,78,千克,71575
62029390,未列名化纤女式带风帽...,327,波兰,9,件,8,千克,4552
62029390,未列名化纤女式带风帽...,501,加拿大,34,件,26,千克,6229
62029900,其他材料女式带风帽防...,307,意大利,103,件,48,千克,86717
62029900,其他材料女式带风帽防...,321,匈牙利,1,件,1,千克,975
62031100,毛制男式西服套装,137,土耳其,1998,套,2569,千克,875751
62031100,毛制男式西服套装,307,意大利,3360,套,3982,千克,3502339
62031100,毛制男式西服套装,312,西班牙,215,套,341,千克,72683
62031100,毛制男式西服套装,316,保加利亚,2356,套,2730,千克,613677
62031100,毛制男式西服套装,321,匈牙利,38,套,63,千克,25314
62031100,毛制男式西服套装,429,墨西哥,484,套,786,千克,140608
62031100,毛制男式西服套装,501,加拿大,1,套,1,千克,157
62031200,合成纤维制男式西服套...,137,土耳其,3721,套,5208,千克,51125
62031200,合成纤维制男式西服套...,307,意大利,45,套,59,千克,23010
62031200,合成纤维制男式西服套...,316,保加利亚,375,套,484,千克,33012
62031910,丝及绢丝制男式西服套...,307,意大利,12,套,23,千克,24171
62031990,未列名纺织材料制男式...,137,土耳其,1,套,2,千克,121
62031990,未列名纺织材料制男式...,307,意大利,234,套,286,千克,280139
62031990,未列名纺织材料制男式...,316,保加利亚,10,套,13,千克,1401
62032200,棉制男式便服套装,137,土耳其,24,套,9,千克,1271
62032200,棉制男式便服套装,307,意大利,6,套,3,千克,1218
62032300,合成纤维制男式便服套...,307,意大利,2,套,2,千克,277
62032920,毛制男式便服套装,307,意大利,58,套,71,千克,79799
62033100,毛制男式上衣,124,蒙古,61,件,44,千克,14374
62033100,毛制男式上衣,129,菲律宾,1,件,2,千克,356
62033100,毛制男式上衣,137,土耳其,1752,件,1348,千克,458945
62033100,毛制男式上衣,305,法国,23,件,23,千克,15695
62033100,毛制男式上衣,307,意大利,4728,件,3939,千克,4407123
62033100,毛制男式上衣,312,西班牙,620,件,663,千克,181075
62033100,毛制男式上衣,313,阿尔巴尼亚,1,件,1,千克,346
62033100,毛制男式上衣,316,保加利亚,1305,件,959,千克,455000
62033100,毛制男式上衣,321,匈牙利,22,件,12,千克,17399
62033100,毛制男式上衣,327,波兰,2,件,2,千克,843
62033100,毛制男式上衣,336,立陶宛,10,件,8,千克,5318
62033100,毛制男式上衣,429,墨西哥,43,件,48,千克,14613
62033200,棉制男式上衣,127,巴基斯坦,3,件,3,千克,194
62033200,棉制男式上衣,129,菲律宾,1,件,0,千克,14
62033200,棉制男式上衣,137,土耳其,2133,件,1369,千克,166739
62033200,棉制男式上衣,138,阿联酋,140,件,131,千克,5945
62033200,棉制男式上衣,227,马达加斯加,4,件,4,千克,1101
62033200,棉制男式上衣,305,法国,97,件,48,千克,33894
62033200,棉制男式上衣,307,意大利,4124,件,3006,千克,1973714
62033200,棉制男式上衣,310,希腊,6,件,2,千克,451
62033200,棉制男式上衣,312,西班牙,95,件,23,千克,8610
62033200,棉制男式上衣,313,阿尔巴尼亚,12,件,5,千克,3537
62033200,棉制男式上衣,316,保加利亚,91,件,58,千克,14962
62033200,棉制男式上衣,321,匈牙利,16,件,11,千克,6555
62033200,棉制男式上衣,327,波兰,4,件,4,千克,1204
62033200,棉制男式上衣,336,立陶宛,257,件,232,千克,44993
62033200,棉制男式上衣,429,墨西哥,504,件,570,千克,20629
62033200,棉制男式上衣,431,尼加拉瓜,1,件,2,千克,111
62033300,合成纤维制男式上衣,127,巴基斯坦,13,件,19,千克,616
62033300,合成纤维制男式上衣,129,菲律宾,15,件,11,千克,5548
62033300,合成纤维制男式上衣,137,土耳其,1214,件,747,千克,101750
62033300,合成纤维制男式上衣,301,比利时,26,件,16,千克,7925
62033300,合成纤维制男式上衣,305,法国,11,件,9,千克,1825
62033300,合成纤维制男式上衣,307,意大利,1731,件,1312,千克,792858
62033300,合成纤维制男式上衣,316,保加利亚,30,件,21,千克,5688
62033300,合成纤维制男式上衣,321,匈牙利,40,件,21,千克,32175
62033300,合成纤维制男式上衣,327,波兰,15,件,11,千克,5391
62033300,合成纤维制男式上衣,336,立陶宛,1,件,1,千克,345
62033300,合成纤维制男式上衣,410,巴西,1,件,1,千克,77
62033300,合成纤维制男式上衣,429,墨西哥,16,件,8,千克,2376
62033300,合成纤维制男式上衣,501,加拿大,2,件,2,千克,766
62033910,丝及绢丝制男式上衣,307,意大利,173,件,118,千克,210756
62033910,丝及绢丝制男式上衣,336,立陶宛,2,件,2,千克,95
62033990,未列名纺织材料制男式...,137,土耳其,1397,件,902,千克,110753
62033990,未列名纺织材料制男式...,305,法国,55,件,27,千克,3991
62033990,未列名纺织材料制男式...,307,意大利,467,件,372,千克,287243
62033990,未列名纺织材料制男式...,313,阿尔巴尼亚,2,件,2,千克,173
62033990,未列名纺织材料制男式...,316,保加利亚,20,件,15,千克,4114
62033990,未列名纺织材料制男式...,321,匈牙利,52,件,59,千克,18835
62033990,未列名纺织材料制男式...,327,波兰,2,件,1,千克,313
62033990,未列名纺织材料制男式...,336,立陶宛,2,件,0,千克,58
62034100,毛制男裤,137,土耳其,3085,条,1522,千克,453401
62034100,毛制男裤,305,法国,341,条,153,千克,14375
62034100,毛制男裤,307,意大利,4679,条,2315,千克,1592637
62034100,毛制男裤,313,阿尔巴尼亚,56,条,28,千克,6695
62034100,毛制男裤,316,保加利亚,976,条,479,千克,180027
62034100,毛制男裤,321,匈牙利,5,条,2,千克,807
62034100,毛制男裤,327,波兰,1,条,1,千克,255
62034100,毛制男裤,336,立陶宛,10,条,5,千克,2153
62034100,毛制男裤,350,斯洛文尼亚,1,条,1,千克,283
62034100,毛制男裤,410,巴西,2,条,2,千克,120
62034290,棉制其他男裤,127,巴基斯坦,69820,条,43762,千克,746437
62034290,棉制其他男裤,129,菲律宾,80,条,18,千克,3917
62034290,棉制其他男裤,137,土耳其,30306,条,15469,千克,1104169
62034290,棉制其他男裤,138,阿联酋,586,条,403,千克,27324
62034290,棉制其他男裤,224,肯尼亚,2,条,1,千克,37
62034290,棉制其他男裤,227,马达加斯加,3284,条,717,千克,25267
62034290,棉制其他男裤,255,莱索托,1,条,1,千克,41
62034290,棉制其他男裤,301,比利时,11,条,3,千克,919
62034290,棉制其他男裤,305,法国,268,条,98,千克,17351
62034290,棉制其他男裤,307,意大利,20254,条,10955,千克,4659902
62034290,棉制其他男裤,309,荷兰,162,条,66,千克,598
62034290,棉制其他男裤,310,希腊,91,条,41,千克,7494
62034290,棉制其他男裤,312,西班牙,80,条,48,千克,6554
62034290,棉制其他男裤,313,阿尔巴尼亚,682,条,487,千克,60347
62034290,棉制其他男裤,314,安道尔,11,条,6,千克,439
62034290,棉制其他男裤,316,保加利亚,2181,条,1286,千克,180740
62034290,棉制其他男裤,321,匈牙利,20,条,17,千克,3311
62034290,棉制其他男裤,327,波兰,749,条,310,千克,31149
62034290,棉制其他男裤,336,立陶宛,6,条,3,千克,987
62034290,棉制其他男裤,410,巴西,13,条,10,千克,1346
62034290,棉制其他男裤,429,墨西哥,2158,条,1289,千克,73750
62034290,棉制其他男裤,431,尼加拉瓜,24,条,14,千克,764
62034290,棉制其他男裤,501,加拿大,22,条,10,千克,3667
62034390,合成纤维制其他男裤,127,巴基斯坦,46,条,38,千克,1246
62034390,合成纤维制其他男裤,129,菲律宾,116253,条,27361,千克,1976235
62034390,合成纤维制其他男裤,137,土耳其,4838,条,2160,千克,163565
62034390,合成纤维制其他男裤,138,阿联酋,37,条,26,千克,2293
62034390,合成纤维制其他男裤,224,肯尼亚,8,条,2,千克,223
62034390,合成纤维制其他男裤,227,马达加斯加,1,条,0,千克,93
62034390,合成纤维制其他男裤,301,比利时,1,条,0,千克,127
62034390,合成纤维制其他男裤,305,法国,68,条,40,千克,7099
62034390,合成纤维制其他男裤,307,意大利,3881,条,1852,千克,1098690
62034390,合成纤维制其他男裤,309,荷兰,38,条,57,千克,2373
62034390,合成纤维制其他男裤,312,西班牙,3,条,1,千克,185
62034390,合成纤维制其他男裤,313,阿尔巴尼亚,89,条,43,千克,12827
62034390,合成纤维制其他男裤,314,安道尔,3,条,1,千克,288
62034390,合成纤维制其他男裤,315,奥地利,1,条,0,千克,88
62034390,合成纤维制其他男裤,316,保加利亚,920,条,373,千克,199549
62034390,合成纤维制其他男裤,321,匈牙利,43,条,45,千克,7648
62034390,合成纤维制其他男裤,327,波兰,128,条,90,千克,13451
62034390,合成纤维制其他男裤,336,立陶宛,256,条,39,千克,6085
62034390,合成纤维制其他男裤,410,巴西,2,条,1,千克,94
62034390,合成纤维制其他男裤,429,墨西哥,564,条,265,千克,6052
62034390,合成纤维制其他男裤,431,尼加拉瓜,294,条,109,千克,5056
62034390,合成纤维制其他男裤,501,加拿大,12,条,14,千克,3657
62034990,其他纺织材料制其他男...,127,巴基斯坦,5,条,2,千克,274
62034990,其他纺织材料制其他男...,129,菲律宾,2,条,0,千克,99
62034990,其他纺织材料制其他男...,137,土耳其,5317,条,2221,千克,124665
62034990,其他纺织材料制其他男...,301,比利时,1,条,1,千克,227
62034990,其他纺织材料制其他男...,305,法国,8,条,13,千克,3133
62034990,其他纺织材料制其他男...,307,意大利,1933,条,963,千克,536223
62034990,其他纺织材料制其他男...,310,希腊,7,条,3,千克,599
62034990,其他纺织材料制其他男...,312,西班牙,1,条,0,千克,51
62034990,其他纺织材料制其他男...,313,阿尔巴尼亚,173,条,71,千克,14273
62034990,其他纺织材料制其他男...,316,保加利亚,48,条,19,千克,6954
62034990,其他纺织材料制其他男...,321,匈牙利,9,条,9,千克,2191
62034990,其他纺织材料制其他男...,327,波兰,2,条,1,千克,603
62034990,其他纺织材料制其他男...,336,立陶宛,26,条,18,千克,3381
62034990,其他纺织材料制其他男...,350,斯洛文尼亚,1,条,0,千克,120
62034990,其他纺织材料制其他男...,410,巴西,1,条,1,千克,53
62034990,其他纺织材料制其他男...,429,墨西哥,4,条,4,千克,55
62041100,毛制女式西服套装,305,法国,1,套,1,千克,1185
62041100,毛制女式西服套装,307,意大利,11,套,13,千克,9006
62041200,棉制女式西服套装,307,意大利,1,套,1,千克,199
62041200,棉制女式西服套装,316,保加利亚,1,套,1,千克,156
62041200,棉制女式西服套装,327,波兰,1,套,1,千克,327
62041300,合成纤维制女式西服套...,307,意大利,2,套,3,千克,843
62041910,丝及绢丝制女式西服套...,307,意大利,1,套,1,千克,828
62041990,未列名纺织材料制女式...,307,意大利,1,套,1,千克,302
62042200,棉制女式便服套装,307,意大利,5,套,5,千克,3637
62042300,合成纤维制女式便服套...,129,菲律宾,1,套,2,千克,94
62042300,合成纤维制女式便服套...,137,土耳其,228,套,268,千克,3150
62042300,合成纤维制女式便服套...,307,意大利,1,套,1,千克,82
62042990,未列名纺织材料制女式...,137,土耳其,1,套,1,千克,48
62043100,毛制女式上衣,137,土耳其,158,件,94,千克,32538
62043100,毛制女式上衣,301,比利时,5,件,3,千克,1765
62043100,毛制女式上衣,305,法国,1454,件,994,千克,3497382
62043100,毛制女式上衣,307,意大利,5774,件,4060,千克,5281175
62043100,毛制女式上衣,312,西班牙,58,件,24,千克,58036
62043100,毛制女式上衣,313,阿尔巴尼亚,5,件,6,千克,2366
62043100,毛制女式上衣,316,保加利亚,1031,件,573,千克,165971
62043100,毛制女式上衣,321,匈牙利,8,件,5,千克,3235
62043100,毛制女式上衣,327,波兰,188,件,115,千克,51659
62043100,毛制女式上衣,336,立陶宛,16,件,7,千克,2698
62043100,毛制女式上衣,350,斯洛文尼亚,4,件,2,千克,1791
62043100,毛制女式上衣,410,巴西,2,件,2,千克,3952
62043100,毛制女式上衣,429,墨西哥,7,件,6,千克,1676
62043200,棉制女式上衣,127,巴基斯坦,246,件,247,千克,8325
62043200,棉制女式上衣,129,菲律宾,4,件,2,千克,315
62043200,棉制女式上衣,137,土耳其,4859,件,3217,千克,148272
62043200,棉制女式上衣,138,阿联酋,2,件,2,千克,112
62043200,棉制女式上衣,227,马达加斯加,28,件,19,千克,3053
62043200,棉制女式上衣,244,南非,2,件,0,千克,250
62043200,棉制女式上衣,301,比利时,5,件,2,千克,1451
62043200,棉制女式上衣,305,法国,228,件,94,千克,210739
62043200,棉制女式上衣,307,意大利,4323,件,2986,千克,2743914
62043200,棉制女式上衣,309,荷兰,39,件,8,千克,1808
62043200,棉制女式上衣,310,希腊,18,件,10,千克,1263
62043200,棉制女式上衣,312,西班牙,83,件,27,千克,4726
62043200,棉制女式上衣,313,阿尔巴尼亚,3,件,3,千克,238
62043200,棉制女式上衣,315,奥地利,2,件,0,千克,171
62043200,棉制女式上衣,316,保加利亚,893,件,466,千克,116807
62043200,棉制女式上衣,321,匈牙利,5,件,1,千克,1427
62043200,棉制女式上衣,327,波兰,11,件,8,千克,3124
62043200,棉制女式上衣,336,立陶宛,239,件,187,千克,63888
62043200,棉制女式上衣,410,巴西,1,件,1,千克,93
62043200,棉制女式上衣,429,墨西哥,25,件,17,千克,2374
62043200,棉制女式上衣,431,尼加拉瓜,129,件,2,千克,2309
62043200,棉制女式上衣,501,加拿大,35,件,5,千克,3658
62043300,合成纤维制女式上衣,127,巴基斯坦,1,件,1,千克,68
62043300,合成纤维制女式上衣,137,土耳其,1834,件,1274,千克,93694
62043300,合成纤维制女式上衣,138,阿联酋,2,件,1,千克,427
62043300,合成纤维制女式上衣,301,比利时,3,件,0,千克,474
62043300,合成纤维制女式上衣,305,法国,830,件,552,千克,2485376
62043300,合成纤维制女式上衣,307,意大利,2493,件,1772,千克,2079112
62043300,合成纤维制女式上衣,312,西班牙,645,件,400,千克,17427
62043300,合成纤维制女式上衣,313,阿尔巴尼亚,121,件,61,千克,16514
62043300,合成纤维制女式上衣,316,保加利亚,3157,件,1654,千克,537351
62043300,合成纤维制女式上衣,321,匈牙利,134,件,120,千克,40841
62043300,合成纤维制女式上衣,327,波兰,1011,件,483,千克,226112
62043300,合成纤维制女式上衣,336,立陶宛,6,件,8,千克,2088
62043300,合成纤维制女式上衣,340,白俄罗斯,1,件,0,千克,201
62043300,合成纤维制女式上衣,350,斯洛文尼亚,1,件,0,千克,1254
62043300,合成纤维制女式上衣,410,巴西,1,件,0,千克,130
62043300,合成纤维制女式上衣,429,墨西哥,1,件,0,千克,22
62043910,丝及绢丝制女式上衣,137,土耳其,2,件,2,千克,327
62043910,丝及绢丝制女式上衣,305,法国,280,件,71,千克,409521
62043910,丝及绢丝制女式上衣,307,意大利,1551,件,846,千克,1916706
62043910,丝及绢丝制女式上衣,312,西班牙,1,件,0,千克,421
62043910,丝及绢丝制女式上衣,316,保加利亚,2,件,2,千克,606
62043910,丝及绢丝制女式上衣,350,斯洛文尼亚,1,件,1,千克,1445
62043990,未列名纺织材料制女式...,129,菲律宾,253,件,140,千克,33276
62043990,未列名纺织材料制女式...,137,土耳其,304,件,230,千克,28096
62043990,未列名纺织材料制女式...,301,比利时,5,件,2,千克,1554
62043990,未列名纺织材料制女式...,305,法国,381,件,218,千克,812310
62043990,未列名纺织材料制女式...,307,意大利,1528,件,918,千克,936135
62043990,未列名纺织材料制女式...,310,希腊,17,件,10,千克,1299
62043990,未列名纺织材料制女式...,313,阿尔巴尼亚,1,件,1,千克,120
62043990,未列名纺织材料制女式...,316,保加利亚,1289,件,707,千克,248612
62043990,未列名纺织材料制女式...,321,匈牙利,64,件,49,千克,21905
62043990,未列名纺织材料制女式...,327,波兰,133,件,132,千克,53064
62043990,未列名纺织材料制女式...,336,立陶宛,22,件,11,千克,4511
62044100,毛制女式连衣裙,137,土耳其,982,件,402,千克,82332
62044100,毛制女式连衣裙,305,法国,193,件,149,千克,380154
62044100,毛制女式连衣裙,307,意大利,2331,件,1649,千克,2080136
62044100,毛制女式连衣裙,316,保加利亚,5,件,5,千克,1361
62044100,毛制女式连衣裙,327,波兰,101,件,69,千克,29209
62044100,毛制女式连衣裙,336,立陶宛,14,件,7,千克,3992
62044200,棉制女式连衣裙,127,巴基斯坦,74,件,54,千克,931
62044200,棉制女式连衣裙,129,菲律宾,550,件,71,千克,5756
62044200,棉制女式连衣裙,137,土耳其,25772,件,8657,千克,580702
62044200,棉制女式连衣裙,138,阿联酋,1,件,1,千克,289
62044200,棉制女式连衣裙,227,马达加斯加,533,件,129,千克,29402
62044200,棉制女式连衣裙,244,南非,2,件,0,千克,794
62044200,棉制女式连衣裙,301,比利时,5,件,3,千克,856
62044200,棉制女式连衣裙,305,法国,90,件,53,千克,175447
62044200,棉制女式连衣裙,307,意大利,7912,件,3110,千克,2357534
62044200,棉制女式连衣裙,309,荷兰,14,件,8,千克,784
62044200,棉制女式连衣裙,310,希腊,7,件,5,千克,996
62044200,棉制女式连衣裙,312,西班牙,496,件,81,千克,11017
62044200,棉制女式连衣裙,313,阿尔巴尼亚,25,件,18,千克,9247
62044200,棉制女式连衣裙,316,保加利亚,2089,件,1029,千克,311388
62044200,棉制女式连衣裙,321,匈牙利,24,件,13,千克,6879
62044200,棉制女式连衣裙,327,波兰,517,件,354,千克,186174
62044200,棉制女式连衣裙,336,立陶宛,299,件,128,千克,41621
62044200,棉制女式连衣裙,340,白俄罗斯,3,件,3,千克,582
62044200,棉制女式连衣裙,350,斯洛文尼亚,7,件,6,千克,2460
62044200,棉制女式连衣裙,410,巴西,1,件,0,千克,139
62044200,棉制女式连衣裙,429,墨西哥,49,件,27,千克,571
62044200,棉制女式连衣裙,431,尼加拉瓜,1,件,0,千克,18
62044200,棉制女式连衣裙,444,乌拉圭,3,件,2,千克,607
62044200,棉制女式连衣裙,501,加拿大,1,件,1,千克,217
62044300,合成纤维制女式连衣裙,127,巴基斯坦,6,件,18,千克,150
62044300,合成纤维制女式连衣裙,129,菲律宾,40,件,12,千克,7176
62044300,合成纤维制女式连衣裙,137,土耳其,16295,件,10371,千克,194560
62044300,合成纤维制女式连衣裙,138,阿联酋,2,件,2,千克,1110
62044300,合成纤维制女式连衣裙,227,马达加斯加,112,件,72,千克,16739
62044300,合成纤维制女式连衣裙,305,法国,328,件,143,千克,288996
62044300,合成纤维制女式连衣裙,307,意大利,3348,件,1905,千克,1498004
62044300,合成纤维制女式连衣裙,309,荷兰,11,件,8,千克,822
62044300,合成纤维制女式连衣裙,310,希腊,2,件,2,千克,366
62044300,合成纤维制女式连衣裙,312,西班牙,236,件,152,千克,35567
62044300,合成纤维制女式连衣裙,313,阿尔巴尼亚,818,件,342,千克,106500
62044300,合成纤维制女式连衣裙,316,保加利亚,2751,件,1286,千克,445679
62044300,合成纤维制女式连衣裙,321,匈牙利,93,件,55,千克,31545
62044300,合成纤维制女式连衣裙,327,波兰,51,件,25,千克,27823
62044300,合成纤维制女式连衣裙,336,立陶宛,72,件,52,千克,26270
62044300,合成纤维制女式连衣裙,339,阿塞拜疆（2023年起停用）,7,件,17,千克,1800
62044300,合成纤维制女式连衣裙,340,白俄罗斯,1323,件,532,千克,152016
62044300,合成纤维制女式连衣裙,350,斯洛文尼亚,4,件,2,千克,930
62044300,合成纤维制女式连衣裙,410,巴西,9,件,10,千克,1515
62044300,合成纤维制女式连衣裙,429,墨西哥,15,件,7,千克,202
62044300,合成纤维制女式连衣裙,501,加拿大,1,件,3,千克,113
62044400,人造纤维制女式连衣裙,129,菲律宾,2,件,1,千克,96
62044400,人造纤维制女式连衣裙,137,土耳其,44089,件,14171,千克,745720
62044400,人造纤维制女式连衣裙,138,阿联酋,1,件,1,千克,276
62044400,人造纤维制女式连衣裙,227,马达加斯加,124,件,77,千克,12291
62044400,人造纤维制女式连衣裙,301,比利时,4,件,0,千克,388
62044400,人造纤维制女式连衣裙,305,法国,145,件,51,千克,196773
62044400,人造纤维制女式连衣裙,307,意大利,5849,件,2032,千克,2160826
62044400,人造纤维制女式连衣裙,309,荷兰,18,件,9,千克,45
62044400,人造纤维制女式连衣裙,312,西班牙,57,件,16,千克,25199
62044400,人造纤维制女式连衣裙,313,阿尔巴尼亚,13,件,7,千克,1608
62044400,人造纤维制女式连衣裙,316,保加利亚,897,件,353,千克,106835
62044400,人造纤维制女式连衣裙,321,匈牙利,76,件,33,千克,26048
62044400,人造纤维制女式连衣裙,327,波兰,219,件,99,千克,52772
62044400,人造纤维制女式连衣裙,336,立陶宛,68,件,21,千克,9709
62044400,人造纤维制女式连衣裙,340,白俄罗斯,11,件,4,千克,1201
62044400,人造纤维制女式连衣裙,350,斯洛文尼亚,1,件,1,千克,1343
62044400,人造纤维制女式连衣裙,410,巴西,2,件,2,千克,540
62044400,人造纤维制女式连衣裙,429,墨西哥,5,件,3,千克,27
62044910,丝及绢丝制女式连衣裙,129,菲律宾,19,件,10,千克,4419
62044910,丝及绢丝制女式连衣裙,137,土耳其,62,件,18,千克,8214
62044910,丝及绢丝制女式连衣裙,227,马达加斯加,3,件,5,千克,1543
62044910,丝及绢丝制女式连衣裙,301,比利时,5,件,3,千克,2483
62044910,丝及绢丝制女式连衣裙,305,法国,390,件,203,千克,528914
62044910,丝及绢丝制女式连衣裙,307,意大利,4623,件,1862,千克,4671522
62044910,丝及绢丝制女式连衣裙,309,荷兰,1,件,1,千克,10
62044910,丝及绢丝制女式连衣裙,310,希腊,1,件,0,千克,360
62044910,丝及绢丝制女式连衣裙,312,西班牙,10,件,3,千克,9422
62044910,丝及绢丝制女式连衣裙,316,保加利亚,595,件,235,千克,127414
62044910,丝及绢丝制女式连衣裙,321,匈牙利,50,件,38,千克,28063
62044910,丝及绢丝制女式连衣裙,327,波兰,567,件,269,千克,181527
62044910,丝及绢丝制女式连衣裙,336,立陶宛,3,件,2,千克,1634
62044910,丝及绢丝制女式连衣裙,350,斯洛文尼亚,1,件,1,千克,1018
62044910,丝及绢丝制女式连衣裙,501,加拿大,10,件,28,千克,3299
62044990,未列名纺织材料制女式...,129,菲律宾,1,件,1,千克,252
62044990,未列名纺织材料制女式...,137,土耳其,2001,件,560,千克,41862
62044990,未列名纺织材料制女式...,138,阿联酋,1,件,1,千克,298
62044990,未列名纺织材料制女式...,227,马达加斯加,1,件,0,千克,319
62044990,未列名纺织材料制女式...,305,法国,7,件,4,千克,4323
62044990,未列名纺织材料制女式...,307,意大利,342,件,206,千克,98898
62044990,未列名纺织材料制女式...,310,希腊,2,件,0,千克,228
62044990,未列名纺织材料制女式...,312,西班牙,7,件,10,千克,6308
62044990,未列名纺织材料制女式...,313,阿尔巴尼亚,1,件,1,千克,366
62044990,未列名纺织材料制女式...,316,保加利亚,8,件,4,千克,1642
62044990,未列名纺织材料制女式...,321,匈牙利,32,件,14,千克,4340
62044990,未列名纺织材料制女式...,327,波兰,21,件,11,千克,16087
62044990,未列名纺织材料制女式...,336,立陶宛,2,件,2,千克,1554
62044990,未列名纺织材料制女式...,340,白俄罗斯,329,件,99,千克,48646
62044990,未列名纺织材料制女式...,410,巴西,1,件,3,千克,299
62045100,细毛制女式裙子及裙裤,137,土耳其,525,件,162,千克,22760
62045100,细毛制女式裙子及裙裤,227,马达加斯加,2,件,1,千克,587
62045100,细毛制女式裙子及裙裤,305,法国,228,件,105,千克,362301
62045100,细毛制女式裙子及裙裤,307,意大利,3903,件,1373,千克,2185460
62045100,细毛制女式裙子及裙裤,316,保加利亚,111,件,34,千克,13903
62045100,细毛制女式裙子及裙裤,321,匈牙利,10,件,3,千克,2121
62045100,细毛制女式裙子及裙裤,327,波兰,119,件,49,千克,32198
62045100,细毛制女式裙子及裙裤,336,立陶宛,4,件,2,千克,785
62045100,细毛制女式裙子及裙裤,350,斯洛文尼亚,1,件,0,千克,461
62045100,细毛制女式裙子及裙裤,427,牙买加,1,件,1,千克,332
62045200,棉制女式裙子及裙裤,127,巴基斯坦,778,件,292,千克,8604
62045200,棉制女式裙子及裙裤,129,菲律宾,385,件,148,千克,38988
62045200,棉制女式裙子及裙裤,137,土耳其,7984,件,2808,千克,161400
62045200,棉制女式裙子及裙裤,138,阿联酋,3,件,2,千克,385
62045200,棉制女式裙子及裙裤,227,马达加斯加,28,件,6,千克,1852
62045200,棉制女式裙子及裙裤,301,比利时,7,件,2,千克,691
62045200,棉制女式裙子及裙裤,305,法国,916,件,238,千克,97922
62045200,棉制女式裙子及裙裤,307,意大利,4371,件,1495,千克,1575467
62045200,棉制女式裙子及裙裤,309,荷兰,5,件,2,千克,10
62045200,棉制女式裙子及裙裤,310,希腊,1,件,0,千克,42
62045200,棉制女式裙子及裙裤,312,西班牙,173,件,41,千克,4392
62045200,棉制女式裙子及裙裤,313,阿尔巴尼亚,369,件,105,千克,21370
62045200,棉制女式裙子及裙裤,316,保加利亚,2557,件,817,千克,251030
62045200,棉制女式裙子及裙裤,321,匈牙利,77,件,42,千克,22918
62045200,棉制女式裙子及裙裤,327,波兰,25,件,13,千克,7783
62045200,棉制女式裙子及裙裤,336,立陶宛,3,件,1,千克,284
62045200,棉制女式裙子及裙裤,429,墨西哥,11,件,5,千克,1715
62045300,合成纤维制女式裙子及...,127,巴基斯坦,2,件,0,千克,72
62045300,合成纤维制女式裙子及...,129,菲律宾,396,件,88,千克,12229
62045300,合成纤维制女式裙子及...,137,土耳其,4364,件,1113,千克,74607
62045300,合成纤维制女式裙子及...,227,马达加斯加,228,件,173,千克,34100
62045300,合成纤维制女式裙子及...,301,比利时,2,件,1,千克,272
62045300,合成纤维制女式裙子及...,305,法国,352,件,110,千克,328414
62045300,合成纤维制女式裙子及...,306,爱尔兰,1,件,0,千克,171
62045300,合成纤维制女式裙子及...,307,意大利,2719,件,1020,千克,1240128
62045300,合成纤维制女式裙子及...,309,荷兰,7,件,2,千克,15
62045300,合成纤维制女式裙子及...,310,希腊,1,件,0,千克,432
62045300,合成纤维制女式裙子及...,312,西班牙,8,件,8,千克,971
62045300,合成纤维制女式裙子及...,313,阿尔巴尼亚,91,件,30,千克,13806
62045300,合成纤维制女式裙子及...,316,保加利亚,1137,件,432,千克,157296
62045300,合成纤维制女式裙子及...,321,匈牙利,229,件,81,千克,36272
62045300,合成纤维制女式裙子及...,327,波兰,32,件,13,千克,11386
62045300,合成纤维制女式裙子及...,336,立陶宛,6,件,1,千克,773
62045300,合成纤维制女式裙子及...,340,白俄罗斯,23,件,7,千克,1904
62045300,合成纤维制女式裙子及...,350,斯洛文尼亚,90,件,8,千克,6168
62045300,合成纤维制女式裙子及...,410,巴西,3,件,1,千克,479
62045910,丝及绢丝制女式裙子及...,129,菲律宾,413,件,149,千克,54234
62045910,丝及绢丝制女式裙子及...,137,土耳其,74,件,22,千克,1480
62045910,丝及绢丝制女式裙子及...,138,阿联酋,1,件,1,千克,327
62045910,丝及绢丝制女式裙子及...,305,法国,215,件,42,千克,231356
62045910,丝及绢丝制女式裙子及...,307,意大利,785,件,251,千克,462165
62045910,丝及绢丝制女式裙子及...,316,保加利亚,1,件,0,千克,156
62045910,丝及绢丝制女式裙子及...,321,匈牙利,2,件,1,千克,685
62045910,丝及绢丝制女式裙子及...,327,波兰,11,件,4,千克,3264
62045990,未列名纺织材料制女式...,129,菲律宾,16,件,8,千克,1328
62045990,未列名纺织材料制女式...,137,土耳其,7942,件,2194,千克,135121
62045990,未列名纺织材料制女式...,138,阿联酋,1,件,1,千克,55
62045990,未列名纺织材料制女式...,301,比利时,10,件,2,千克,1624
62045990,未列名纺织材料制女式...,305,法国,45,件,23,千克,39313
62045990,未列名纺织材料制女式...,307,意大利,2792,件,775,千克,844143
62045990,未列名纺织材料制女式...,310,希腊,52,件,17,千克,2403
62045990,未列名纺织材料制女式...,312,西班牙,2,件,0,千克,159
62045990,未列名纺织材料制女式...,313,阿尔巴尼亚,2,件,1,千克,261
62045990,未列名纺织材料制女式...,316,保加利亚,251,件,126,千克,40080
62045990,未列名纺织材料制女式...,321,匈牙利,12,件,3,千克,1696
62045990,未列名纺织材料制女式...,327,波兰,210,件,78,千克,122811
62045990,未列名纺织材料制女式...,336,立陶宛,10,件,5,千克,1292
62045990,未列名纺织材料制女式...,340,白俄罗斯,1,件,0,千克,90
62045990,未列名纺织材料制女式...,410,巴西,2,件,1,千克,443
62046100,细毛制女裤,137,土耳其,53,条,25,千克,7342
62046100,细毛制女裤,227,马达加斯加,10,条,5,千克,3578
62046100,细毛制女裤,305,法国,297,条,151,千克,206085
62046100,细毛制女裤,307,意大利,5277,条,2399,千克,1877516
62046100,细毛制女裤,313,阿尔巴尼亚,15,条,16,千克,2966
62046100,细毛制女裤,316,保加利亚,595,条,252,千克,52940
62046100,细毛制女裤,321,匈牙利,62,条,36,千克,14432
62046100,细毛制女裤,327,波兰,728,条,298,千克,122749
62046100,细毛制女裤,336,立陶宛,623,条,255,千克,92498
62046100,细毛制女裤,429,墨西哥,45,条,28,千克,5409
62046200,棉制女裤,127,巴基斯坦,69631,条,31166,千克,509488
62046200,棉制女裤,129,菲律宾,161,条,63,千克,8795
62046200,棉制女裤,137,土耳其,74587,条,34591,千克,1639756
62046200,棉制女裤,138,阿联酋,473,条,238,千克,27536
62046200,棉制女裤,147,塔吉克斯坦,2865,条,841,千克,20591
62046200,棉制女裤,227,马达加斯加,146,条,23,千克,4743
62046200,棉制女裤,301,比利时,77,条,45,千克,7057
62046200,棉制女裤,305,法国,231,条,120,千克,193596
62046200,棉制女裤,307,意大利,19014,条,9074,千克,4649339
62046200,棉制女裤,309,荷兰,26,条,14,千克,759
62046200,棉制女裤,310,希腊,20,条,11,千克,1461
62046200,棉制女裤,312,西班牙,432,条,94,千克,6308
62046200,棉制女裤,313,阿尔巴尼亚,3820,条,2136,千克,341053
62046200,棉制女裤,314,安道尔,1,条,1,千克,48
62046200,棉制女裤,316,保加利亚,2690,条,1525,千克,165772
62046200,棉制女裤,321,匈牙利,11,条,6,千克,2617
62046200,棉制女裤,327,波兰,522,条,245,千克,88113
62046200,棉制女裤,336,立陶宛,181,条,86,千克,25679
62046200,棉制女裤,340,白俄罗斯,6,条,6,千克,695
62046200,棉制女裤,350,斯洛文尼亚,2,条,1,千克,543
62046200,棉制女裤,410,巴西,2,条,3,千克,193
62046200,棉制女裤,429,墨西哥,2707,条,1223,千克,167525
62046200,棉制女裤,501,加拿大,6,条,2,千克,420
62046300,合成纤维制女裤,127,巴基斯坦,10,条,3,千克,532
62046300,合成纤维制女裤,129,菲律宾,48490,条,9786,千克,797924
62046300,合成纤维制女裤,137,土耳其,25467,条,9442,千克,376940
62046300,合成纤维制女裤,138,阿联酋,1,条,1,千克,176
62046300,合成纤维制女裤,227,马达加斯加,157,条,98,千克,17518
62046300,合成纤维制女裤,301,比利时,7,条,2,千克,1028
62046300,合成纤维制女裤,305,法国,261,条,86,千克,114828
62046300,合成纤维制女裤,307,意大利,3756,条,1178,千克,1678216
62046300,合成纤维制女裤,309,荷兰,2,条,2,千克,1818
62046300,合成纤维制女裤,310,希腊,1,条,1,千克,116
62046300,合成纤维制女裤,312,西班牙,2917,条,954,千克,45801
62046300,合成纤维制女裤,313,阿尔巴尼亚,730,条,299,千克,62338
62046300,合成纤维制女裤,316,保加利亚,3163,条,1055,千克,267132
62046300,合成纤维制女裤,321,匈牙利,54,条,22,千克,10087
62046300,合成纤维制女裤,327,波兰,24,条,12,千克,3972
62046300,合成纤维制女裤,336,立陶宛,160,条,48,千克,23254
62046300,合成纤维制女裤,340,白俄罗斯,1,条,1,千克,83
62046300,合成纤维制女裤,350,斯洛文尼亚,2,条,1,千克,410
62046300,合成纤维制女裤,429,墨西哥,9,条,3,千克,760
62046300,合成纤维制女裤,431,尼加拉瓜,2,条,0,千克,43
62046300,合成纤维制女裤,444,乌拉圭,1,条,0,千克,186
62046300,合成纤维制女裤,501,加拿大,1,条,0,千克,40
62046900,其他纺织材料制女裤,127,巴基斯坦,2,条,0,千克,229
62046900,其他纺织材料制女裤,129,菲律宾,138,条,57,千克,12545
62046900,其他纺织材料制女裤,137,土耳其,69609,条,24763,千克,896557
62046900,其他纺织材料制女裤,138,阿联酋,1,条,1,千克,156
62046900,其他纺织材料制女裤,227,马达加斯加,2,条,1,千克,91
62046900,其他纺织材料制女裤,301,比利时,1,条,0,千克,73
62046900,其他纺织材料制女裤,305,法国,249,条,82,千克,59129
62046900,其他纺织材料制女裤,307,意大利,4382,条,1509,千克,1870374
62046900,其他纺织材料制女裤,309,荷兰,37,条,19,千克,30
62046900,其他纺织材料制女裤,310,希腊,214,条,54,千克,10216
62046900,其他纺织材料制女裤,312,西班牙,213,条,77,千克,3861
62046900,其他纺织材料制女裤,313,阿尔巴尼亚,210,条,82,千克,18074
62046900,其他纺织材料制女裤,316,保加利亚,538,条,176,千克,55637
62046900,其他纺织材料制女裤,321,匈牙利,32,条,13,千克,6975
62046900,其他纺织材料制女裤,327,波兰,38,条,17,千克,12543
62046900,其他纺织材料制女裤,336,立陶宛,75,条,30,千克,8520
62046900,其他纺织材料制女裤,429,墨西哥,501,条,234,千克,35464
62052000,棉制男衬衫,127,巴基斯坦,47,件,11,千克,668
62052000,棉制男衬衫,129,菲律宾,1387,件,453,千克,71477
62052000,棉制男衬衫,137,土耳其,37172,件,10960,千克,2342335
62052000,棉制男衬衫,227,马达加斯加,3931,件,789,千克,77127
62052000,棉制男衬衫,301,比利时,4,件,0,千克,659
62052000,棉制男衬衫,305,法国,880,件,246,千克,339864
62052000,棉制男衬衫,307,意大利,22074,件,7822,千克,5176560
62052000,棉制男衬衫,309,荷兰,59,件,20,千克,2174
62052000,棉制男衬衫,310,希腊,2,件,1,千克,236
62052000,棉制男衬衫,312,西班牙,745,件,224,千克,12502
62052000,棉制男衬衫,313,阿尔巴尼亚,1001,件,277,千克,88510
62052000,棉制男衬衫,316,保加利亚,53,件,19,千克,6326
62052000,棉制男衬衫,321,匈牙利,34,件,15,千克,6243
62052000,棉制男衬衫,327,波兰,1293,件,498,千克,109841
62052000,棉制男衬衫,336,立陶宛,3,件,1,千克,394
62052000,棉制男衬衫,410,巴西,5,件,2,千克,507
62052000,棉制男衬衫,429,墨西哥,1,件,0,千克,9
62052000,棉制男衬衫,431,尼加拉瓜,5,件,2,千克,153
62052000,棉制男衬衫,501,加拿大,3,件,0,千克,323
62053000,化纤制男衬衫,127,巴基斯坦,1,件,0,千克,202
62053000,化纤制男衬衫,129,菲律宾,369,件,103,千克,30751
62053000,化纤制男衬衫,137,土耳其,5796,件,2101,千克,114482
62053000,化纤制男衬衫,227,马达加斯加,8,件,2,千克,2106
62053000,化纤制男衬衫,301,比利时,2,件,0,千克,242
62053000,化纤制男衬衫,305,法国,47,件,17,千克,22304
62053000,化纤制男衬衫,307,意大利,1270,件,448,千克,450756
62053000,化纤制男衬衫,312,西班牙,114,件,42,千克,2093
62053000,化纤制男衬衫,313,阿尔巴尼亚,308,件,87,千克,34664
62053000,化纤制男衬衫,316,保加利亚,2,件,0,千克,930
62053000,化纤制男衬衫,321,匈牙利,44,件,30,千克,6676
62053000,化纤制男衬衫,327,波兰,44,件,19,千克,5977
62059010,丝及绢丝制男衬衫,137,土耳其,64,件,24,千克,8685
62059010,丝及绢丝制男衬衫,305,法国,56,件,13,千克,35458
62059010,丝及绢丝制男衬衫,307,意大利,1648,件,538,千克,867542
62059020,毛制男衬衫,137,土耳其,653,件,366,千克,287521
62059020,毛制男衬衫,305,法国,23,件,9,千克,560
62059020,毛制男衬衫,307,意大利,610,件,207,千克,296837
62059020,毛制男衬衫,313,阿尔巴尼亚,238,件,66,千克,31578
62059020,毛制男衬衫,327,波兰,1,件,1,千克,240
62059090,未列名纺织材料制男衬...,129,菲律宾,141,件,41,千克,7467
62059090,未列名纺织材料制男衬...,137,土耳其,2787,件,733,千克,55410
62059090,未列名纺织材料制男衬...,138,阿联酋,1,件,0,千克,55
62059090,未列名纺织材料制男衬...,227,马达加斯加,64,件,9,千克,1149
62059090,未列名纺织材料制男衬...,305,法国,5,件,0,千克,1560
62059090,未列名纺织材料制男衬...,307,意大利,175,件,70,千克,44888
62059090,未列名纺织材料制男衬...,312,西班牙,1,件,0,千克,51
62059090,未列名纺织材料制男衬...,313,阿尔巴尼亚,6,件,0,千克,613
62059090,未列名纺织材料制男衬...,321,匈牙利,2,件,0,千克,259
62059090,未列名纺织材料制男衬...,327,波兰,1,件,1,千克,132
62059090,未列名纺织材料制男衬...,410,巴西,1,件,0,千克,155
62061000,丝及绢丝制女衬衫,129,菲律宾,2,件,0,千克,435
62061000,丝及绢丝制女衬衫,137,土耳其,18,件,13,千克,3995
62061000,丝及绢丝制女衬衫,227,马达加斯加,13,件,1,千克,6466
62061000,丝及绢丝制女衬衫,301,比利时,1,件,0,千克,225
62061000,丝及绢丝制女衬衫,305,法国,385,件,129,千克,379538
62061000,丝及绢丝制女衬衫,307,意大利,5148,件,1449,千克,3215529
62061000,丝及绢丝制女衬衫,310,希腊,1,件,0,千克,323
62061000,丝及绢丝制女衬衫,312,西班牙,1,件,0,千克,234
62061000,丝及绢丝制女衬衫,313,阿尔巴尼亚,30,件,10,千克,5970
62061000,丝及绢丝制女衬衫,316,保加利亚,419,件,110,千克,55315
62061000,丝及绢丝制女衬衫,321,匈牙利,115,件,38,千克,25162
62061000,丝及绢丝制女衬衫,327,波兰,166,件,62,千克,66221
62061000,丝及绢丝制女衬衫,336,立陶宛,3,件,1,千克,1715
62061000,丝及绢丝制女衬衫,350,斯洛文尼亚,1,件,1,千克,280
62061000,丝及绢丝制女衬衫,410,巴西,1,件,0,千克,80
62062000,毛制女衬衫,137,土耳其,1,件,1,千克,247
62062000,毛制女衬衫,305,法国,1,件,0,千克,280
62062000,毛制女衬衫,307,意大利,118,件,54,千克,37351
62062000,毛制女衬衫,316,保加利亚,2,件,1,千克,580
62062000,毛制女衬衫,321,匈牙利,1,件,0,千克,448
62062000,毛制女衬衫,336,立陶宛,3,件,0,千克,784
62063000,棉制女衬衫,127,巴基斯坦,2,件,0,千克,99
62063000,棉制女衬衫,129,菲律宾,75,件,23,千克,4300
62063000,棉制女衬衫,137,土耳其,22236,件,4181,千克,389741
62063000,棉制女衬衫,227,马达加斯加,223,件,61,千克,76128
62063000,棉制女衬衫,301,比利时,2,件,0,千克,120
62063000,棉制女衬衫,305,法国,379,件,117,千克,124331
62063000,棉制女衬衫,307,意大利,5518,件,1818,千克,1915611
62063000,棉制女衬衫,309,荷兰,3,件,2,千克,406
62063000,棉制女衬衫,310,希腊,3,件,1,千克,620
62063000,棉制女衬衫,312,西班牙,3549,件,868,千克,38518
62063000,棉制女衬衫,313,阿尔巴尼亚,487,件,142,千克,73593
62063000,棉制女衬衫,316,保加利亚,2841,件,841,千克,278160
62063000,棉制女衬衫,321,匈牙利,114,件,42,千克,16285
62063000,棉制女衬衫,327,波兰,785,件,354,千克,240291
62063000,棉制女衬衫,336,立陶宛,173,件,51,千克,55162
62063000,棉制女衬衫,340,白俄罗斯,1,件,0,千克,67
62063000,棉制女衬衫,350,斯洛文尼亚,18,件,7,千克,3740
62063000,棉制女衬衫,410,巴西,8,件,4,千克,1030
62063000,棉制女衬衫,429,墨西哥,4,件,3,千克,408
62063000,棉制女衬衫,444,乌拉圭,3,件,1,千克,502
62064000,化纤制女衬衫,127,巴基斯坦,1,件,0,千克,40
62064000,化纤制女衬衫,129,菲律宾,152,件,11,千克,14359
62064000,化纤制女衬衫,137,土耳其,25176,件,6138,千克,372209
62064000,化纤制女衬衫,227,马达加斯加,33,件,33,千克,7079
62064000,化纤制女衬衫,305,法国,20,件,3,千克,889
62064000,化纤制女衬衫,307,意大利,1212,件,366,千克,582256
62064000,化纤制女衬衫,309,荷兰,4,件,1,千克,1842
62064000,化纤制女衬衫,310,希腊,25,件,5,千克,1096
62064000,化纤制女衬衫,312,西班牙,224,件,61,千克,17490
62064000,化纤制女衬衫,313,阿尔巴尼亚,82,件,20,千克,10422
62064000,化纤制女衬衫,316,保加利亚,1066,件,416,千克,117674
62064000,化纤制女衬衫,321,匈牙利,282,件,113,千克,41343
62064000,化纤制女衬衫,327,波兰,351,件,94,千克,86547
62064000,化纤制女衬衫,336,立陶宛,50,件,16,千克,5047
62064000,化纤制女衬衫,350,斯洛文尼亚,1,件,0,千克,583
62064000,化纤制女衬衫,410,巴西,1,件,0,千克,65
62064000,化纤制女衬衫,429,墨西哥,6,件,2,千克,61
62069000,其他纺织材料制女衬衫,129,菲律宾,173,件,43,千克,10156
62069000,其他纺织材料制女衬衫,137,土耳其,786,件,202,千克,14490
62069000,其他纺织材料制女衬衫,305,法国,30,件,4,千克,2498
62069000,其他纺织材料制女衬衫,307,意大利,334,件,100,千克,146816
62069000,其他纺织材料制女衬衫,312,西班牙,336,件,85,千克,6018
62069000,其他纺织材料制女衬衫,313,阿尔巴尼亚,1,件,0,千克,82
62069000,其他纺织材料制女衬衫,316,保加利亚,55,件,17,千克,4680
62069000,其他纺织材料制女衬衫,321,匈牙利,47,件,16,千克,5287
62069000,其他纺织材料制女衬衫,327,波兰,6,件,2,千克,2790
62069000,其他纺织材料制女衬衫,336,立陶宛,8,件,4,千克,2758
62071100,棉制男内裤,127,巴基斯坦,9,件,8,千克,349
62071100,棉制男内裤,129,菲律宾,1,件,0,千克,21
62071100,棉制男内裤,224,肯尼亚,3398,件,252,千克,33763
62071100,棉制男内裤,307,意大利,122,件,38,千克,6304
62071100,棉制男内裤,313,阿尔巴尼亚,13,件,2,千克,858
62071100,棉制男内裤,316,保加利亚,11,件,5,千克,634
62071910,丝及绢丝制男内裤,307,意大利,5,件,0,千克,276
62071920,化纤制男内裤,224,肯尼亚,3,件,1,千克,113
62071920,化纤制男内裤,307,意大利,10,件,1,千克,243
62071990,未列名纺织材料制男内...,224,肯尼亚,1,件,0,千克,21
62071990,未列名纺织材料制男内...,307,意大利,97,件,38,千克,4750
62072100,棉制男睡衣及睡衣裤,137,土耳其,2,件,4,千克,201
62072100,棉制男睡衣及睡衣裤,307,意大利,2,件,0,千克,96
62072100,棉制男睡衣及睡衣裤,327,波兰,9,件,1,千克,115
62072200,化纤制男睡衣及睡衣裤,307,意大利,9,件,5,千克,7280
62072910,丝及绢丝制男睡衣及睡...,305,法国,1,件,0,千克,318
62072910,丝及绢丝制男睡衣及睡...,307,意大利,9,件,8,千克,10920
62072990,未列名纺织材料制男睡...,307,意大利,1,件,0,千克,48
62072990,未列名纺织材料制男睡...,327,波兰,1,件,0,千克,7
62079100,棉制其他男内衣、浴衣...,127,巴基斯坦,4,件,0,千克,97
62079100,棉制其他男内衣、浴衣...,137,土耳其,70,件,32,千克,1670
62079100,棉制其他男内衣、浴衣...,224,肯尼亚,411,件,62,千克,4276
62079100,棉制其他男内衣、浴衣...,307,意大利,23,件,10,千克,3795
62079100,棉制其他男内衣、浴衣...,316,保加利亚,1,件,0,千克,49
62079100,棉制其他男内衣、浴衣...,327,波兰,9,件,11,千克,515
62079920,化纤制其他男内衣、浴...,129,菲律宾,4712,件,567,千克,75361
62079920,化纤制其他男内衣、浴...,307,意大利,21,件,7,千克,5099
62079990,未列名纺织材料制其他...,307,意大利,2,件,0,千克,96
62081100,化纤制女衬裙,307,意大利,210,件,34,千克,441
62081910,丝及绢丝制女衬裙,307,意大利,189,件,32,千克,396
62081910,丝及绢丝制女衬裙,316,保加利亚,14,件,1,千克,329
62082100,棉制女睡衣及睡衣裤,127,巴基斯坦,2,件,0,千克,238
62082100,棉制女睡衣及睡衣裤,137,土耳其,1,件,0,千克,19
62082100,棉制女睡衣及睡衣裤,307,意大利,8,件,5,千克,5564
62082100,棉制女睡衣及睡衣裤,310,希腊,1,件,1,千克,155
62082200,化纤制女睡衣及睡衣裤,137,土耳其,1,件,1,千克,130
62082200,化纤制女睡衣及睡衣裤,305,法国,13,件,7,千克,5165
62082200,化纤制女睡衣及睡衣裤,307,意大利,1,件,0,千克,49
62082200,化纤制女睡衣及睡衣裤,310,希腊,2,件,3,千克,317
62082200,化纤制女睡衣及睡衣裤,327,波兰,10,件,1,千克,304
62082200,化纤制女睡衣及睡衣裤,429,墨西哥,2,件,0,千克,81
62082910,丝及绢丝制女睡衣及睡...,301,比利时,8,件,5,千克,6374
62082910,丝及绢丝制女睡衣及睡...,305,法国,21,件,11,千克,8343
62082910,丝及绢丝制女睡衣及睡...,307,意大利,204,件,43,千克,74600
62082910,丝及绢丝制女睡衣及睡...,316,保加利亚,38,件,3,千克,742
62082990,未列名纺织材料制女睡...,307,意大利,39,件,30,千克,33293
62089100,棉制其他女内衣、短衬...,127,巴基斯坦,13,件,5,千克,183
62089100,棉制其他女内衣、短衬...,137,土耳其,89,件,35,千克,2810
62089100,棉制其他女内衣、短衬...,227,马达加斯加,33,件,6,千克,8322
62089100,棉制其他女内衣、短衬...,305,法国,44,件,22,千克,1366
62089100,棉制其他女内衣、短衬...,307,意大利,1069,件,223,千克,42820
62089100,棉制其他女内衣、短衬...,310,希腊,14,件,10,千克,592
62089100,棉制其他女内衣、短衬...,312,西班牙,2,件,0,千克,398
62089100,棉制其他女内衣、短衬...,316,保加利亚,28,件,9,千克,2367
62089100,棉制其他女内衣、短衬...,321,匈牙利,3,件,1,千克,542
62089200,化纤制其他女内衣、短...,137,土耳其,323,件,86,千克,3577
62089200,化纤制其他女内衣、短...,305,法国,7,件,3,千克,896
62089200,化纤制其他女内衣、短...,307,意大利,105,件,12,千克,11798
62089200,化纤制其他女内衣、短...,316,保加利亚,1,件,0,千克,196
62089200,化纤制其他女内衣、短...,321,匈牙利,38,件,0,千克,2191
62089200,化纤制其他女内衣、短...,327,波兰,1,件,0,千克,136
62089910,丝及绢丝其他女内衣、...,307,意大利,294,件,16,千克,35836
62089910,丝及绢丝其他女内衣、...,316,保加利亚,61,件,3,千克,1598
62089990,未列名材料其他女内衣...,307,意大利,391,件,57,千克,23726
62089990,未列名材料其他女内衣...,312,西班牙,11,件,3,千克,788
62092000,棉制婴儿服装及衣着附...,129,菲律宾,0,千克,0,—,54
62092000,棉制婴儿服装及衣着附...,137,土耳其,55,千克,0,—,5456
62092000,棉制婴儿服装及衣着附...,227,马达加斯加,92,千克,0,—,34423
62092000,棉制婴儿服装及衣着附...,305,法国,11,千克,0,—,11313
62092000,棉制婴儿服装及衣着附...,307,意大利,81,千克,0,—,66005
62092000,棉制婴儿服装及衣着附...,310,希腊,3,千克,0,—,416
62092000,棉制婴儿服装及衣着附...,312,西班牙,14,千克,0,—,1218
62092000,棉制婴儿服装及衣着附...,313,阿尔巴尼亚,0,千克,0,—,184
62092000,棉制婴儿服装及衣着附...,316,保加利亚,4,千克,0,—,801
62092000,棉制婴儿服装及衣着附...,321,匈牙利,1,千克,0,—,150
62092000,棉制婴儿服装及衣着附...,431,尼加拉瓜,0,千克,0,—,57
62093000,合成纤维制婴儿服装及...,305,法国,0,千克,0,—,32
62093000,合成纤维制婴儿服装及...,307,意大利,35,千克,0,—,6873
62093000,合成纤维制婴儿服装及...,310,希腊,1,千克,0,—,330
62093000,合成纤维制婴儿服装及...,312,西班牙,1,千克,0,—,134
62093000,合成纤维制婴儿服装及...,313,阿尔巴尼亚,0,千克,0,—,61
62093000,合成纤维制婴儿服装及...,316,保加利亚,3,千克,0,—,449
62099010,毛制婴儿服装及衣着附...,305,法国,0,千克,0,—,24
62099010,毛制婴儿服装及衣着附...,307,意大利,10,千克,0,—,9216
62099090,其他纺织材料制婴儿服...,137,土耳其,21,千克,0,—,2480
62099090,其他纺织材料制婴儿服...,305,法国,0,千克,0,—,27
62099090,其他纺织材料制婴儿服...,307,意大利,4,千克,0,—,985
62099090,其他纺织材料制婴儿服...,312,西班牙,0,千克,0,—,24
62099090,其他纺织材料制婴儿服...,316,保加利亚,0,千克,0,—,240
62101030,化纤毡呢或无纺织物制...,137,土耳其,10,件,3,千克,457
62101030,化纤毡呢或无纺织物制...,307,意大利,9,件,8,千克,55
62101030,化纤毡呢或无纺织物制...,327,波兰,40,件,32,千克,1892
62101030,化纤毡呢或无纺织物制...,336,立陶宛,54,件,19,千克,2888
62102000,5903、06或07...,307,意大利,32,件,33,千克,67244
62103000,5903、06或07...,305,法国,3,件,3,千克,10655
62103000,5903、06或07...,307,意大利,184,件,237,千克,239854
62103000,5903、06或07...,321,匈牙利,1,件,1,千克,354
62104000,5903、5906或...,127,巴基斯坦,5,件,32,千克,587
62104000,5903、5906或...,137,土耳其,1,件,1,千克,148
62104000,5903、5906或...,301,比利时,1,件,0,千克,127
62104000,5903、5906或...,305,法国,7,件,5,千克,2781
62104000,5903、5906或...,307,意大利,490,件,245,千克,571279
62104000,5903、5906或...,309,荷兰,2,件,4,千克,90
62104000,5903、5906或...,316,保加利亚,235,件,280,千克,166937
62104000,5903、5906或...,321,匈牙利,5,件,3,千克,270
62104000,5903、5906或...,327,波兰,25,件,14,千克,4566
62104000,5903、5906或...,501,加拿大,429,件,441,千克,61128
62105000,5903、5906或...,129,菲律宾,15,件,4,千克,424
62105000,5903、5906或...,137,土耳其,94,件,31,千克,4435
62105000,5903、5906或...,307,意大利,544,件,291,千克,593189
62105000,5903、5906或...,321,匈牙利,273,件,208,千克,63437
62105000,5903、5906或...,327,波兰,6,件,7,千克,187
62111100,男式游泳服,137,土耳其,133,件,23,千克,6710
62111100,男式游泳服,307,意大利,548,件,115,千克,122276
62111200,女式游泳服,305,法国,31,件,6,千克,4006
62111200,女式游泳服,307,意大利,185,件,13,千克,32871
62111200,女式游泳服,316,保加利亚,9,件,1,千克,228
62112090,其他纺织材料制滑雪套...,327,波兰,1,套,2,千克,78
62113220,棉制其他男式运动服,127,巴基斯坦,295,套,489,千克,5649
62113220,棉制其他男式运动服,307,意大利,3,套,3,千克,350
62113220,棉制其他男式运动服,316,保加利亚,2,套,1,千克,276
62113290,棉制其他男式服装,124,蒙古,1445,件,1724,千克,29430
62113290,棉制其他男式服装,127,巴基斯坦,7,件,7,千克,459
62113290,棉制其他男式服装,137,土耳其,3301,件,1258,千克,71410
62113290,棉制其他男式服装,301,比利时,13,件,5,千克,2652
62113290,棉制其他男式服装,305,法国,107,件,50,千克,9684
62113290,棉制其他男式服装,307,意大利,1863,件,1260,千克,1443773
62113290,棉制其他男式服装,310,希腊,6,件,3,千克,676
62113290,棉制其他男式服装,313,阿尔巴尼亚,218,件,285,千克,21808
62113290,棉制其他男式服装,316,保加利亚,147,件,83,千克,20517
62113290,棉制其他男式服装,321,匈牙利,3,件,1,千克,785
62113290,棉制其他男式服装,327,波兰,3,件,1,千克,19
62113290,棉制其他男式服装,336,立陶宛,1,件,1,千克,219
62113290,棉制其他男式服装,429,墨西哥,148,件,29,千克,4707
62113290,棉制其他男式服装,431,尼加拉瓜,6,件,9,千克,603
62113320,化学纤维制其他男式运...,127,巴基斯坦,8,套,7,千克,190
62113320,化学纤维制其他男式运...,137,土耳其,10,套,3,千克,3482
62113320,化学纤维制其他男式运...,307,意大利,14,套,3,千克,1826
62113390,化学纤维制其他男式服...,127,巴基斯坦,123,件,106,千克,3419
62113390,化学纤维制其他男式服...,129,菲律宾,41616,件,12389,千克,1064408
62113390,化学纤维制其他男式服...,137,土耳其,1019,件,939,千克,199604
62113390,化学纤维制其他男式服...,244,南非,15,件,428,千克,63853
62113390,化学纤维制其他男式服...,301,比利时,1,件,0,千克,134
62113390,化学纤维制其他男式服...,305,法国,510,件,330,千克,533416
62113390,化学纤维制其他男式服...,307,意大利,3588,件,1935,千克,2133388
62113390,化学纤维制其他男式服...,309,荷兰,235,件,504,千克,19804
62113390,化学纤维制其他男式服...,312,西班牙,25,件,14,千克,19435
62113390,化学纤维制其他男式服...,316,保加利亚,97,件,58,千克,35251
62113390,化学纤维制其他男式服...,318,芬兰,1,件,3,千克,952
62113390,化学纤维制其他男式服...,321,匈牙利,13,件,4,千克,435
62113390,化学纤维制其他男式服...,326,挪威,24,件,380,千克,2500
62113390,化学纤维制其他男式服...,327,波兰,194,件,218,千克,34058
62113390,化学纤维制其他男式服...,336,立陶宛,5,件,2,千克,1255
62113910,丝及绢丝制其他男式服...,307,意大利,346,件,110,千克,298574
62113920,毛制其他男式服装,137,土耳其,226,件,210,千克,83418
62113920,毛制其他男式服装,305,法国,83,件,79,千克,67379
62113920,毛制其他男式服装,307,意大利,844,件,554,千克,689684
62113920,毛制其他男式服装,316,保加利亚,111,件,71,千克,32617
62113920,毛制其他男式服装,327,波兰,200,件,200,千克,40440
62113990,未列名纺织材料制其他...,137,土耳其,23,件,8,千克,2579
62113990,未列名纺织材料制其他...,305,法国,262,件,271,千克,1632
62113990,未列名纺织材料制其他...,307,意大利,97,件,38,千克,16834
62113990,未列名纺织材料制其他...,310,希腊,114,件,132,千克,1217
62113990,未列名纺织材料制其他...,312,西班牙,1,件,0,千克,117
62113990,未列名纺织材料制其他...,501,加拿大,3,件,0,千克,218
62114210,棉制其他女式运动服,127,巴基斯坦,1,套,2,千克,250
62114210,棉制其他女式运动服,137,土耳其,2,套,3,千克,300
62114210,棉制其他女式运动服,307,意大利,6,套,0,千克,192
62114290,棉制其他女式服装,124,蒙古,200,件,460,千克,5200
62114290,棉制其他女式服装,127,巴基斯坦,193,件,93,千克,4153
62114290,棉制其他女式服装,129,菲律宾,5,件,2,千克,330
62114290,棉制其他女式服装,137,土耳其,11237,件,1961,千克,145285
62114290,棉制其他女式服装,227,马达加斯加,87,件,8,千克,2003
62114290,棉制其他女式服装,305,法国,142,件,80,千克,143947
62114290,棉制其他女式服装,307,意大利,3879,件,1040,千克,612710
62114290,棉制其他女式服装,310,希腊,6,件,3,千克,1175
62114290,棉制其他女式服装,312,西班牙,113,件,23,千克,1311
62114290,棉制其他女式服装,313,阿尔巴尼亚,48,件,36,千克,5935
62114290,棉制其他女式服装,315,奥地利,1,件,0,千克,36
62114290,棉制其他女式服装,316,保加利亚,256,件,126,千克,32511
62114290,棉制其他女式服装,321,匈牙利,54,件,14,千克,1528
62114290,棉制其他女式服装,327,波兰,206,件,127,千克,19501
62114290,棉制其他女式服装,336,立陶宛,5,件,1,千克,325
62114290,棉制其他女式服装,350,斯洛文尼亚,12,件,2,千克,775
62114290,棉制其他女式服装,410,巴西,20,件,4,千克,135
62114290,棉制其他女式服装,429,墨西哥,13,件,9,千克,171
62114310,化纤制其他女式运动服,137,土耳其,12,套,3,千克,429
62114310,化纤制其他女式运动服,307,意大利,1,套,0,千克,162
62114310,化纤制其他女式运动服,318,芬兰,26,套,12,千克,3427
62114310,化纤制其他女式运动服,321,匈牙利,2,套,1,千克,594
62114390,化纤制其他女式服装,127,巴基斯坦,4,件,2,千克,117
62114390,化纤制其他女式服装,129,菲律宾,1215,件,299,千克,59592
62114390,化纤制其他女式服装,137,土耳其,15640,件,3270,千克,207923
62114390,化纤制其他女式服装,227,马达加斯加,1,件,1,千克,951
62114390,化纤制其他女式服装,301,比利时,1,件,0,千克,201
62114390,化纤制其他女式服装,305,法国,460,件,247,千克,676104
62114390,化纤制其他女式服装,307,意大利,3353,件,1317,千克,2250883
62114390,化纤制其他女式服装,309,荷兰,1,件,0,千克,123
62114390,化纤制其他女式服装,312,西班牙,40,件,10,千克,1679
62114390,化纤制其他女式服装,313,阿尔巴尼亚,70,件,15,千克,4448
62114390,化纤制其他女式服装,316,保加利亚,639,件,265,千克,139743
62114390,化纤制其他女式服装,321,匈牙利,197,件,94,千克,30577
62114390,化纤制其他女式服装,327,波兰,1120,件,198,千克,113754
62114390,化纤制其他女式服装,336,立陶宛,6,件,2,千克,1141
62114390,化纤制其他女式服装,340,白俄罗斯,19,件,8,千克,2148
62114390,化纤制其他女式服装,350,斯洛文尼亚,368,件,56,千克,28642
62114390,化纤制其他女式服装,410,巴西,1,件,0,千克,38
62114390,化纤制其他女式服装,429,墨西哥,73,件,25,千克,3599
62114390,化纤制其他女式服装,501,加拿大,29,件,3,千克,1647
62114910,丝及绢丝制其他女式服...,129,菲律宾,19,件,10,千克,3196
62114910,丝及绢丝制其他女式服...,137,土耳其,5,件,0,千克,485
62114910,丝及绢丝制其他女式服...,227,马达加斯加,41,件,10,千克,12938
62114910,丝及绢丝制其他女式服...,305,法国,55,件,22,千克,109755
62114910,丝及绢丝制其他女式服...,307,意大利,2419,件,672,千克,1479098
62114910,丝及绢丝制其他女式服...,312,西班牙,3,件,0,千克,49
62114910,丝及绢丝制其他女式服...,316,保加利亚,464,件,37,千克,99002
62114910,丝及绢丝制其他女式服...,321,匈牙利,73,件,48,千克,21278
62114910,丝及绢丝制其他女式服...,327,波兰,260,件,222,千克,304365
62114990,未列名纺织材料制其他...,137,土耳其,2128,件,1079,千克,82018
62114990,未列名纺织材料制其他...,227,马达加斯加,2,件,1,千克,378
62114990,未列名纺织材料制其他...,305,法国,46,件,33,千克,102571
62114990,未列名纺织材料制其他...,307,意大利,626,件,374,千克,711573
62114990,未列名纺织材料制其他...,312,西班牙,2,件,1,千克,226
62114990,未列名纺织材料制其他...,316,保加利亚,7,件,5,千克,1856
62114990,未列名纺织材料制其他...,327,波兰,192,件,92,千克,50533
62121010,化纤制胸罩,129,菲律宾,392,件,51,千克,7504
62121010,化纤制胸罩,137,土耳其,2241,件,308,千克,37268
62121010,化纤制胸罩,227,马达加斯加,17,件,1,千克,621
62121010,化纤制胸罩,301,比利时,1526690,件,4208,千克,40810
62121010,化纤制胸罩,305,法国,4,件,2,千克,204
62121010,化纤制胸罩,307,意大利,40245,件,461,千克,31166
62121010,化纤制胸罩,312,西班牙,3,件,0,千克,288
62121010,化纤制胸罩,313,阿尔巴尼亚,1,件,0,千克,25
62121010,化纤制胸罩,315,奥地利,423024,件,660,千克,14808
62121010,化纤制胸罩,316,保加利亚,20,件,2,千克,744
62121010,化纤制胸罩,321,匈牙利,49,件,3,千克,1674
62121010,化纤制胸罩,327,波兰,1,件,1,千克,78
62121010,化纤制胸罩,336,立陶宛,6,件,4,千克,276
62121010,化纤制胸罩,350,斯洛文尼亚,579140,件,1102,千克,14477
62121010,化纤制胸罩,415,哥斯达黎加,10,件,1,千克,138
62121010,化纤制胸罩,429,墨西哥,3,件,0,千克,116
62121010,化纤制胸罩,446,英属维尔京群岛,1,件,0,千克,24
62121010,化纤制胸罩,501,加拿大,38,件,8,千克,2249
62121090,其他纺织材料制胸罩,127,巴基斯坦,2,件,0,千克,28
62121090,其他纺织材料制胸罩,129,菲律宾,3,件,0,千克,102
62121090,其他纺织材料制胸罩,137,土耳其,142,件,16,千克,2910
62121090,其他纺织材料制胸罩,301,比利时,1,件,0,千克,261
62121090,其他纺织材料制胸罩,305,法国,5,件,0,千克,1059
62121090,其他纺织材料制胸罩,307,意大利,313,件,29,千克,30408
62121090,其他纺织材料制胸罩,312,西班牙,13,件,5,千克,1894
62121090,其他纺织材料制胸罩,316,保加利亚,2,件,0,千克,126
62121090,其他纺织材料制胸罩,321,匈牙利,6,件,1,千克,311
62121090,其他纺织材料制胸罩,327,波兰,1,件,0,千克,114
62121090,其他纺织材料制胸罩,336,立陶宛,2,件,0,千克,92
62122010,化纤制腹带,307,意大利,20,件,13,千克,4754
62122010,化纤制腹带,501,加拿大,23,件,16,千克,1529
62122090,其他纺织材料制腹带,305,法国,3,件,2,千克,628
62122090,其他纺织材料制腹带,307,意大利,329,件,169,千克,74599
62122090,其他纺织材料制腹带,339,阿塞拜疆（2023年起停用）,1,件,1,千克,52
62122090,其他纺织材料制腹带,501,加拿大,2,件,0,千克,96
62123010,化纤制紧身胸衣,137,土耳其,1,件,0,千克,57
62123010,化纤制紧身胸衣,301,比利时,42300,件,171,千克,1479
62123010,化纤制紧身胸衣,307,意大利,7,件,0,千克,1608
62123010,化纤制紧身胸衣,312,西班牙,1,件,0,千克,205
62123010,化纤制紧身胸衣,321,匈牙利,4,件,1,千克,530
62123010,化纤制紧身胸衣,327,波兰,3,件,0,千克,133
62123010,化纤制紧身胸衣,350,斯洛文尼亚,30780,件,185,千克,1075
62123090,其他纺织材料制紧身胸...,127,巴基斯坦,3,件,1,千克,50
62123090,其他纺织材料制紧身胸...,307,意大利,52,件,17,千克,18481
62129010,化纤制吊裤带、吊袜带...,307,意大利,1,件,1,千克,319
62129010,化纤制吊裤带、吊袜带...,312,西班牙,1,件,0,千克,9
62129010,化纤制吊裤带、吊袜带...,350,斯洛文尼亚,27,件,4,千克,995
62129010,化纤制吊裤带、吊袜带...,429,墨西哥,60,件,0,千克,33
62129090,其他纺织材料制吊裤带...,137,土耳其,20,件,2,千克,105
62129090,其他纺织材料制吊裤带...,321,匈牙利,1,件,0,千克,296
62132010,棉制刺绣手帕,227,马达加斯加,3,条,0,千克,241
62132090,其他棉制手帕,137,土耳其,154,条,10,千克,464
62132090,其他棉制手帕,305,法国,5,条,1,千克,375
62132090,其他棉制手帕,307,意大利,111,条,2,千克,2768
62139020,其他纺织材料制刺绣手...,307,意大利,12,条,2,千克,557
62139090,其他纺织材料制其他手...,305,法国,2347,条,110,千克,173438
62139090,其他纺织材料制其他手...,307,意大利,1428,条,53,千克,51667
62139090,其他纺织材料制其他手...,327,波兰,927,条,34,千克,3804
62139090,其他纺织材料制其他手...,336,立陶宛,5,条,0,千克,43
62141000,丝及绢丝制披巾、头巾...,301,比利时,87,条,17,千克,26126
62141000,丝及绢丝制披巾、头巾...,305,法国,49312,条,4606,千克,7733076
62141000,丝及绢丝制披巾、头巾...,307,意大利,29871,条,4066,千克,3716323
62141000,丝及绢丝制披巾、头巾...,312,西班牙,7,条,0,千克,167
62141000,丝及绢丝制披巾、头巾...,501,加拿大,1,条,0,千克,307
62142010,羊毛披巾，头巾，围巾...,301,比利时,16,条,7,千克,1646
62142010,羊毛披巾，头巾，围巾...,305,法国,5,条,2,千克,2294
62142010,羊毛披巾，头巾，围巾...,307,意大利,26671,条,6081,千克,3395608
62142020,山羊绒披巾，头巾，围...,124,蒙古,219,条,65,千克,17854
62142020,山羊绒披巾，头巾，围...,305,法国,6037,条,1169,千克,2884234
62142020,山羊绒披巾，头巾，围...,307,意大利,4404,条,919,千克,1502497
62142020,山羊绒披巾，头巾，围...,312,西班牙,233,条,91,千克,36654
62142090,其他动物细毛披巾，头...,301,比利时,1,条,0,千克,151
62142090,其他动物细毛披巾，头...,307,意大利,181,条,50,千克,35643
62142090,其他动物细毛披巾，头...,312,西班牙,1568,条,277,千克,164450
62143000,合成纤维制披巾、围巾...,129,菲律宾,16,条,0,千克,607
62143000,合成纤维制披巾、围巾...,137,土耳其,951,条,78,千克,1859
62143000,合成纤维制披巾、围巾...,305,法国,22,条,5,千克,702
62143000,合成纤维制披巾、围巾...,307,意大利,1086,条,214,千克,75040
62143000,合成纤维制披巾、围巾...,312,西班牙,64,条,6,千克,986
62144000,人造纤维披巾、头巾、...,137,土耳其,4,条,4,千克,87
62144000,人造纤维披巾、头巾、...,307,意大利,4189,条,654,千克,347921
62144000,人造纤维披巾、头巾、...,327,波兰,845,条,243,千克,11449
62149000,其他纺织材料制披巾，...,127,巴基斯坦,10,条,0,千克,32
62149000,其他纺织材料制披巾，...,137,土耳其,486,条,97,千克,495
62149000,其他纺织材料制披巾，...,227,马达加斯加,2,条,0,千克,435
62149000,其他纺织材料制披巾，...,305,法国,238,条,19,千克,47264
62149000,其他纺织材料制披巾，...,307,意大利,3250,条,574,千克,369264
62149000,其他纺织材料制披巾，...,312,西班牙,15,条,1,千克,173
62149000,其他纺织材料制披巾，...,327,波兰,11,条,1,千克,95
62151000,丝及绢丝制领带及领结,305,法国,8243,条,627,千克,753316
62151000,丝及绢丝制领带及领结,307,意大利,16716,条,1371,千克,1287786
62151000,丝及绢丝制领带及领结,410,巴西,1,条,0,千克,78
62152000,化纤制领带及领结,137,土耳其,886,条,82,千克,935
62152000,化纤制领带及领结,305,法国,2,条,0,千克,122
62152000,化纤制领带及领结,307,意大利,348,条,25,千克,18631
62152000,化纤制领带及领结,309,荷兰,3,条,0,千克,112
62152000,化纤制领带及领结,315,奥地利,4,条,0,千克,139
62159000,其他纺织材料制领带及...,305,法国,46,条,2,千克,5489
62159000,其他纺织材料制领带及...,307,意大利,627,条,50,千克,37168
62159000,其他纺织材料制领带及...,410,巴西,1,条,1,千克,76
62160000,分指手套、连指手套及...,127,巴基斯坦,32156,双,1664,千克,52151
62160000,分指手套、连指手套及...,129,菲律宾,4,双,0,千克,84
62160000,分指手套、连指手套及...,301,比利时,48,双,2,千克,136
62160000,分指手套、连指手套及...,305,法国,10,双,1,千克,590
62160000,分指手套、连指手套及...,307,意大利,260,双,41,千克,44606
62160000,分指手套、连指手套及...,309,荷兰,153,双,24,千克,2940
62160000,分指手套、连指手套及...,318,芬兰,5,双,1,千克,681
62160000,分指手套、连指手套及...,321,匈牙利,29,双,5,千克,596
62171010,袜子及袜套,307,意大利,59,千克,439,双,17209
62171020,和服腰带,307,意大利,0,千克,1,条,141
62171090,未列名制成的衣着附件,127,巴基斯坦,250,千克,0,—,3549
62171090,未列名制成的衣着附件,129,菲律宾,29,千克,0,—,4847
62171090,未列名制成的衣着附件,137,土耳其,2,千克,0,—,594
62171090,未列名制成的衣着附件,227,马达加斯加,81,千克,0,—,37214
62171090,未列名制成的衣着附件,301,比利时,0,千克,0,—,96
62171090,未列名制成的衣着附件,305,法国,64,千克,0,—,56656
62171090,未列名制成的衣着附件,307,意大利,2428,千克,0,—,1810585
62171090,未列名制成的衣着附件,309,荷兰,17,千克,0,—,663
62171090,未列名制成的衣着附件,310,希腊,3,千克,0,—,642
62171090,未列名制成的衣着附件,312,西班牙,2122,千克,0,—,3834196
62171090,未列名制成的衣着附件,313,阿尔巴尼亚,3,千克,0,—,1360
62171090,未列名制成的衣着附件,316,保加利亚,0,千克,0,—,71
62171090,未列名制成的衣着附件,321,匈牙利,3,千克,0,—,743
62171090,未列名制成的衣着附件,340,白俄罗斯,0,千克,0,—,156
62171090,未列名制成的衣着附件,410,巴西,0,千克,0,—,88
62171090,未列名制成的衣着附件,501,加拿大,3,千克,0,—,451
62179000,服装或衣着附件的零件,227,马达加斯加,4,千克,0,—,776
62179000,服装或衣着附件的零件,305,法国,27,千克,0,—,1359
62179000,服装或衣着附件的零件,307,意大利,17,千克,0,—,2516
62179000,服装或衣着附件的零件,312,西班牙,0,千克,0,—,90
62179000,服装或衣着附件的零件,321,匈牙利,73,千克,0,—,27861
62179000,服装或衣着附件的零件,501,加拿大,13,千克,0,—,2566
63011000,电暖毯,321,匈牙利,1,条,1,千克,39
63011000,电暖毯,429,墨西哥,11200,条,1285,千克,152720
63012000,羊毛或动物细毛制毯子...,307,意大利,177,条,181,千克,132281
63012000,羊毛或动物细毛制毯子...,312,西班牙,4,条,4,千克,248
63012000,羊毛或动物细毛制毯子...,336,立陶宛,212,条,212,千克,7069
63012000,羊毛或动物细毛制毯子...,408,玻利维亚,8,条,6,千克,441
63013000,棉制毯子及旅行毯,127,巴基斯坦,6,条,2,千克,70
63013000,棉制毯子及旅行毯,137,土耳其,205,条,139,千克,5257
63013000,棉制毯子及旅行毯,305,法国,1232,条,140,千克,25852
63013000,棉制毯子及旅行毯,307,意大利,432,条,583,千克,78326
63013000,棉制毯子及旅行毯,309,荷兰,1,条,0,千克,33
63013000,棉制毯子及旅行毯,312,西班牙,11,条,14,千克,146
63013000,棉制毯子及旅行毯,327,波兰,880,条,580,千克,15408
63014000,合成纤维制毯子及旅行...,137,土耳其,134,条,130,千克,1795
63014000,合成纤维制毯子及旅行...,307,意大利,25,条,99,千克,8387
63014000,合成纤维制毯子及旅行...,312,西班牙,1,条,1,千克,117
63014000,合成纤维制毯子及旅行...,327,波兰,374,条,20,千克,953
63014000,合成纤维制毯子及旅行...,501,加拿大,36,条,17,千克,401
63019000,其他纤维制毯子及旅行...,137,土耳其,33,条,15,千克,389
63019000,其他纤维制毯子及旅行...,301,比利时,3,条,7,千克,475
63019000,其他纤维制毯子及旅行...,307,意大利,6,条,12,千克,2151
63019000,其他纤维制毯子及旅行...,327,波兰,65,条,33,千克,1070
63019000,其他纤维制毯子及旅行...,336,立陶宛,28,条,19,千克,2081
63021010,棉制针织或钩编的床上...,127,巴基斯坦,3437,条,2754,千克,19102
63021010,棉制针织或钩编的床上...,137,土耳其,17592,条,4730,千克,60015
63021010,棉制针织或钩编的床上...,305,法国,7,条,4,千克,387
63021010,棉制针织或钩编的床上...,307,意大利,145,条,127,千克,25944
63021010,棉制针织或钩编的床上...,309,荷兰,580,条,825,千克,18371
63021010,棉制针织或钩编的床上...,310,希腊,2,条,4,千克,709
63021090,其他纺织材料制针织或...,307,意大利,20,条,4,千克,480
63021090,其他纺织材料制针织或...,309,荷兰,20,条,4,千克,292
63021090,其他纺织材料制针织或...,312,西班牙,1555,条,938,千克,36197
63022110,棉制印花床单,127,巴基斯坦,1636,条,387,千克,4495
63022110,棉制印花床单,137,土耳其,640,条,428,千克,6475
63022110,棉制印花床单,307,意大利,1136,条,1399,千克,105116
63022110,棉制印花床单,312,西班牙,448,条,397,千克,7208
63022190,棉制未列名印花床上用...,127,巴基斯坦,17577,条,14454,千克,142429
63022190,棉制未列名印花床上用...,137,土耳其,3937,条,2886,千克,50408
63022190,棉制未列名印花床上用...,305,法国,284,条,126,千克,10466
63022190,棉制未列名印花床上用...,307,意大利,3051,条,2222,千克,159090
63022190,棉制未列名印花床上用...,312,西班牙,4935,条,2524,千克,61959
63022190,棉制未列名印花床上用...,318,芬兰,6,条,8,千克,270
63022290,化纤制未列名印花床上...,127,巴基斯坦,360,条,400,千克,2504
63022910,丝及绢丝制印花床上用...,307,意大利,16,条,11,千克,2597
63022920,麻制印花床上用织物制...,307,意大利,6,条,16,千克,913
63023110,棉制刺绣的床上用织物...,127,巴基斯坦,449,条,232,千克,2838
63023110,棉制刺绣的床上用织物...,307,意大利,20,条,15,千克,2964
63023191,其他棉制床单,127,巴基斯坦,1484,条,723,千克,7442
63023191,其他棉制床单,137,土耳其,2,条,2,千克,57
63023191,其他棉制床单,307,意大利,185,条,250,千克,28456
63023199,棉制未列名非针织或钩...,127,巴基斯坦,6964,条,2360,千克,32354
63023199,棉制未列名非针织或钩...,137,土耳其,59,条,69,千克,1640
63023199,棉制未列名非针织或钩...,305,法国,21,条,22,千克,1401
63023199,棉制未列名非针织或钩...,307,意大利,1073,条,534,千克,43978
63023199,棉制未列名非针织或钩...,309,荷兰,13,条,5,千克,6379
63023199,棉制未列名非针织或钩...,310,希腊,174,条,42,千克,2513
63023199,棉制未列名非针织或钩...,312,西班牙,55,条,20,千克,531
63023199,棉制未列名非针织或钩...,315,奥地利,10,条,25,千克,2212
63023199,棉制未列名非针织或钩...,327,波兰,4,条,4,千克,160
63023199,棉制未列名非针织或钩...,429,墨西哥,1,条,0,千克,33
63023290,化纤制未列名非针织或...,137,土耳其,3,条,1,千克,64
63023290,化纤制未列名非针织或...,307,意大利,12,条,62,千克,2189
63023290,化纤制未列名非针织或...,312,西班牙,1660,条,234,千克,21178
63023929,麻制其他非针织或钩编...,301,比利时,4,条,5,千克,381
63023929,麻制其他非针织或钩编...,307,意大利,19,条,14,千克,1271
63023999,未列名纺材制非针织或...,501,加拿大,9000,条,510,千克,1742
63025190,棉制其他非针织或钩编...,127,巴基斯坦,372,件,220,千克,3405
63025190,棉制其他非针织或钩编...,137,土耳其,501,件,216,千克,5382
63025190,棉制其他非针织或钩编...,305,法国,200,件,31,千克,5294
63025190,棉制其他非针织或钩编...,307,意大利,2,件,1,千克,124
63025190,棉制其他非针织或钩编...,312,西班牙,436,件,261,千克,6563
63025190,棉制其他非针织或钩编...,336,立陶宛,1,件,1,千克,91
63025390,化纤制其他非针织或钩...,137,土耳其,6,件,0,千克,14
63025390,化纤制其他非针织或钩...,327,波兰,17,件,1,千克,338
63025390,化纤制其他非针织或钩...,336,立陶宛,24,件,2,千克,125
63025911,亚麻制刺绣的餐桌用织...,305,法国,2,件,3,千克,690
63025911,亚麻制刺绣的餐桌用织...,307,意大利,4,件,1,千克,483
63025919,亚麻制其他非针织或钩...,301,比利时,3,件,6,千克,333
63025919,亚麻制其他非针织或钩...,307,意大利,68,件,11,千克,10242
63025919,亚麻制其他非针织或钩...,312,西班牙,31,件,8,千克,363
63025919,亚麻制其他非针织或钩...,336,立陶宛,176,件,84,千克,2239
63026010,棉制浴巾,127,巴基斯坦,238,条,145,千克,1039
63026010,棉制浴巾,137,土耳其,13363,条,2754,千克,43875
63026010,棉制浴巾,301,比利时,630,条,113,千克,6930
63026010,棉制浴巾,305,法国,376,条,271,千克,38191
63026010,棉制浴巾,307,意大利,308,条,93,千克,29498
63026010,棉制浴巾,312,西班牙,2,条,0,千克,78
63026010,棉制浴巾,315,奥地利,1,条,0,千克,175
63026010,棉制浴巾,316,保加利亚,152,条,72,千克,1369
63026010,棉制浴巾,327,波兰,41,条,12,千克,1079
63026010,棉制浴巾,410,巴西,10,条,4,千克,111
63026090,其他棉制盥洗及厨房毛...,127,巴基斯坦,730,条,125,千克,1088
63026090,其他棉制盥洗及厨房毛...,137,土耳其,50790,条,9570,千克,119399
63026090,其他棉制盥洗及厨房毛...,305,法国,37,条,6,千克,2800
63026090,其他棉制盥洗及厨房毛...,307,意大利,233,条,38,千克,10693
63026090,其他棉制盥洗及厨房毛...,316,保加利亚,438,条,69,千克,1263
63026090,其他棉制盥洗及厨房毛...,321,匈牙利,338,条,3,千克,8241
63026090,其他棉制盥洗及厨房毛...,501,加拿大,5,条,0,千克,7
63029100,其他棉制盥洗及厨房用...,137,土耳其,192,条,100,千克,1933
63029100,其他棉制盥洗及厨房用...,307,意大利,170,条,11,千克,1177
63029100,其他棉制盥洗及厨房用...,429,墨西哥,2,条,0,千克,18
63029300,化纤制盥洗及厨房用织...,137,土耳其,11,条,4,千克,101
63029300,化纤制盥洗及厨房用织...,305,法国,336,条,922,千克,36576
63029300,化纤制盥洗及厨房用织...,307,意大利,1,条,0,千克,4
63029300,化纤制盥洗及厨房用织...,309,荷兰,10,条,5,千克,55
63029300,化纤制盥洗及厨房用织...,312,西班牙,15,条,2,千克,18
63029910,亚麻制盥洗及厨房用织...,301,比利时,3,条,46,千克,1560
63029910,亚麻制盥洗及厨房用织...,305,法国,1,条,0,千克,34
63029910,亚麻制盥洗及厨房用织...,307,意大利,6,条,1,千克,24
63031210,合成纤维制针织的窗帘...,137,土耳其,32,千克,0,—,2979
63031210,合成纤维制针织的窗帘...,307,意大利,20,千克,0,—,33
63031210,合成纤维制针织的窗帘...,327,波兰,2,千克,0,—,469
63031931,棉制针织的窗帘、帐幔...,327,波兰,2,千克,0,—,56
63031991,其他纺织材料制针织窗...,327,波兰,2,千克,0,—,116
63039100,棉制非针织或钩编的窗...,127,巴基斯坦,6042,千克,0,—,56765
63039100,棉制非针织或钩编的窗...,305,法国,40,千克,0,—,3753
63039100,棉制非针织或钩编的窗...,312,西班牙,1,千克,0,—,10
63039200,合纤非针织或钩编的窗...,127,巴基斯坦,338,千克,0,—,3428
63039200,合纤非针织或钩编的窗...,137,土耳其,2505,千克,0,—,48684
63039200,合纤非针织或钩编的窗...,138,阿联酋,44,千克,0,—,6849
63039200,合纤非针织或钩编的窗...,301,比利时,162,千克,0,—,3421
63039200,合纤非针织或钩编的窗...,305,法国,89,千克,0,—,3434
63039200,合纤非针织或钩编的窗...,307,意大利,319,千克,0,—,24653
63039200,合纤非针织或钩编的窗...,312,西班牙,0,千克,0,—,939
63039200,合纤非针织或钩编的窗...,321,匈牙利,22,千克,0,—,3464
63039200,合纤非针织或钩编的窗...,327,波兰,6383,千克,0,—,76801
63039200,合纤非针织或钩编的窗...,429,墨西哥,0,千克,0,—,7
63039200,合纤非针织或钩编的窗...,501,加拿大,183,千克,0,—,2793
63039900,其他纺材非针织或钩编...,307,意大利,158,千克,0,—,7671
63039900,其他纺材非针织或钩编...,312,西班牙,1,千克,0,—,41
63039900,其他纺材非针织或钩编...,501,加拿大,135,千克,0,—,8299
63041129,非手工针织的床罩,127,巴基斯坦,8086,件,19185,千克,185918
63041929,棉或麻制其他非针织或...,307,意大利,23,件,68,千克,6555
63041929,棉或麻制其他非针织或...,310,希腊,3,件,4,千克,375
63041939,化纤制其他非针织或钩...,501,加拿大,40,件,40,千克,74
63049129,非手工针织的其他装饰...,127,巴基斯坦,1,千克,0,—,80
63049129,非手工针织的其他装饰...,305,法国,29,千克,0,—,2441
63049129,非手工针织的其他装饰...,307,意大利,10,千克,0,—,1147
63049290,棉制非针织或钩编的未...,127,巴基斯坦,2946,千克,0,—,34048
63049290,棉制非针织或钩编的未...,137,土耳其,2040,千克,0,—,40988
63049290,棉制非针织或钩编的未...,305,法国,6,千克,0,—,5627
63049290,棉制非针织或钩编的未...,307,意大利,21,千克,0,—,11209
63049290,棉制非针织或钩编的未...,312,西班牙,15,千克,0,—,530
63049290,棉制非针织或钩编的未...,327,波兰,2,千克,0,—,308
63049390,合纤制非针织或钩编的...,137,土耳其,1192,千克,0,—,23255
63049390,合纤制非针织或钩编的...,138,阿联酋,1,千克,0,—,5
63049390,合纤制非针织或钩编的...,227,马达加斯加,1,千克,0,—,696
63049390,合纤制非针织或钩编的...,305,法国,2,千克,0,—,2427
63049390,合纤制非针织或钩编的...,307,意大利,57,千克,0,—,6744
63049390,合纤制非针织或钩编的...,312,西班牙,1,千克,0,—,44
63049390,合纤制非针织或钩编的...,315,奥地利,1092,千克,0,—,104066
63049390,合纤制非针织或钩编的...,327,波兰,1849,千克,0,—,7546
63049390,合纤制非针织或钩编的...,429,墨西哥,1,千克,0,—,868
63049910,丝及绢丝制非针织或钩...,305,法国,4,千克,0,—,5118
63049929,麻制非针织或钩编的其...,305,法国,46,千克,0,—,9660
63049929,麻制非针织或钩编的其...,336,立陶宛,0,千克,0,—,30
63049990,其他纺材制非针织或钩...,307,意大利,195,千克,0,—,266471
63049990,其他纺材制非针织或钩...,309,荷兰,2,千克,0,—,570
63049990,其他纺材制非针织或钩...,313,阿尔巴尼亚,2,千克,0,—,542
63049990,其他纺材制非针织或钩...,429,墨西哥,5,千克,0,—,342
63052000,棉制货物包装用袋,137,土耳其,7160,条,562,千克,15359
63052000,棉制货物包装用袋,305,法国,16635,条,907,千克,20704
63052000,棉制货物包装用袋,307,意大利,68443,条,3929,千克,80522
63053200,化学纤维材料制散装货...,137,土耳其,3260,条,14867,千克,151080
63053200,化学纤维材料制散装货...,305,法国,62,条,121,千克,378
63053200,化学纤维材料制散装货...,307,意大利,4219,条,22,千克,4073
63053300,其他聚乙烯、聚丙烯扁...,127,巴基斯坦,4000,条,105,千克,2762
63053300,其他聚乙烯、聚丙烯扁...,137,土耳其,317,条,584,千克,5563
63053300,其他聚乙烯、聚丙烯扁...,301,比利时,13000,条,592,千克,13044
63053300,其他聚乙烯、聚丙烯扁...,305,法国,100,条,138,千克,11665
63053300,其他聚乙烯、聚丙烯扁...,307,意大利,50,条,26,千克,347
63053900,其他化学纤维材料制货...,305,法国,10660,条,298,千克,222548
63053900,其他化学纤维材料制货...,307,意大利,32136,条,961,千克,132976
63053900,其他化学纤维材料制货...,309,荷兰,50,条,1,千克,45
63053900,其他化学纤维材料制货...,327,波兰,18,条,10,千克,386
63053900,其他化学纤维材料制货...,429,墨西哥,1,条,0,千克,585
63059000,其他纺织材料制货物包...,305,法国,2,条,20,千克,6702
63059000,其他纺织材料制货物包...,307,意大利,1287,条,91,千克,3098
63059000,其他纺织材料制货物包...,501,加拿大,72,条,35,千克,811
63061200,合成纤维制油苫布、天...,307,意大利,490,件,12956,千克,191325
63061200,合成纤维制油苫布、天...,318,芬兰,2,件,1465,千克,31449
63061990,未列名纺织材料制油苫...,301,比利时,24,件,949,千克,18863
63062200,合成纤维制帐蓬,244,南非,2,件,52,千克,845
63062200,合成纤维制帐蓬,307,意大利,2,件,7,千克,4486
63062200,合成纤维制帐蓬,309,荷兰,4,件,75,千克,208
63063010,合成纤维制风帆,129,菲律宾,50,件,105,千克,6136
63063010,合成纤维制风帆,305,法国,18,件,25,千克,10179
63063010,合成纤维制风帆,307,意大利,5,件,5,千克,1627
63071000,擦地布、擦碗布、抹布...,127,巴基斯坦,8190,千克,0,—,21050
63071000,擦地布、擦碗布、抹布...,129,菲律宾,22,千克,0,—,2636
63071000,擦地布、擦碗布、抹布...,137,土耳其,64,千克,0,—,4954
63071000,擦地布、擦碗布、抹布...,301,比利时,42,千克,0,—,730
63071000,擦地布、擦碗布、抹布...,305,法国,1836,千克,0,—,43294
63071000,擦地布、擦碗布、抹布...,307,意大利,2936,千克,0,—,20310
63071000,擦地布、擦碗布、抹布...,309,荷兰,5,千克,0,—,454
63071000,擦地布、擦碗布、抹布...,312,西班牙,15,千克,0,—,347
63071000,擦地布、擦碗布、抹布...,315,奥地利,107,千克,0,—,22684
63071000,擦地布、擦碗布、抹布...,327,波兰,38,千克,0,—,605
63071000,擦地布、擦碗布、抹布...,336,立陶宛,63,千克,0,—,4059
63071000,擦地布、擦碗布、抹布...,429,墨西哥,976,千克,0,—,14800
63071000,擦地布、擦碗布、抹布...,501,加拿大,2722,千克,0,—,17807
63072000,救生衣及安全带,129,菲律宾,377,千克,1170,件,20225
63072000,救生衣及安全带,138,阿联酋,940,千克,200,件,6159
63072000,救生衣及安全带,227,马达加斯加,219,千克,339,件,7013
63072000,救生衣及安全带,305,法国,72,千克,94,件,20396
63072000,救生衣及安全带,306,爱尔兰,2,千克,9,件,1182
63072000,救生衣及安全带,307,意大利,2184,千克,1125,件,110208
63072000,救生衣及安全带,309,荷兰,3,千克,1,件,290
63072000,救生衣及安全带,310,希腊,36,千克,35,件,54400
63072000,救生衣及安全带,312,西班牙,15,千克,25,件,980
63072000,救生衣及安全带,321,匈牙利,33,千克,32,件,1122
63072000,救生衣及安全带,326,挪威,300,千克,18,件,4800
63072000,救生衣及安全带,327,波兰,7,千克,1,件,1807
63072000,救生衣及安全带,501,加拿大,2,千克,1,件,118
63079000,6301至6307的...,127,巴基斯坦,622,千克,2868,件,21790
63079000,6301至6307的...,129,菲律宾,5106,千克,13250751,件,288926
63079000,6301至6307的...,137,土耳其,63,千克,10080,件,3314
63079000,6301至6307的...,138,阿联酋,26,千克,14,件,238
63079000,6301至6307的...,301,比利时,3016,千克,13645,件,44524
63079000,6301至6307的...,305,法国,451,千克,68855,件,289842
63079000,6301至6307的...,307,意大利,4454,千克,18956,件,730475
63079000,6301至6307的...,309,荷兰,243,千克,1480,件,23115
63079000,6301至6307的...,310,希腊,13,千克,27,件,869
63079000,6301至6307的...,312,西班牙,1362,千克,69747,件,471377
63079000,6301至6307的...,313,阿尔巴尼亚,6,千克,75,件,219
63079000,6301至6307的...,315,奥地利,36,千克,328,件,456
63079000,6301至6307的...,316,保加利亚,4,千克,2,件,128
63079000,6301至6307的...,318,芬兰,945,千克,54,件,3626
63079000,6301至6307的...,321,匈牙利,43,千克,3614,件,5896
63079000,6301至6307的...,326,挪威,83,千克,5,件,2464
63079000,6301至6307的...,327,波兰,8174,千克,3855,件,144147
63079000,6301至6307的...,336,立陶宛,22,千克,477,件,8996
63079000,6301至6307的...,350,斯洛文尼亚,1,千克,2,件,173
63079000,6301至6307的...,410,巴西,1,千克,40,件,23
63079000,6301至6307的...,429,墨西哥,1840,千克,93356,件,131503
63079000,6301至6307的...,501,加拿大,73,千克,562,件,8853
63080000,机织物及纱线构成制小...,301,比利时,0,千克,0,—,36
63080000,机织物及纱线构成制小...,305,法国,6,千克,0,—,336
64011010,橡胶制鞋面的装有金属...,305,法国,155,千克,60,双,3966
64011010,橡胶制鞋面的装有金属...,307,意大利,31,千克,8,双,1796
64011090,塑料制鞋面的装有金属...,307,意大利,9,千克,3,双,613
64019210,橡胶制鞋面的防水靴(...,305,法国,2,千克,1,双,52
64019210,橡胶制鞋面的防水靴(...,307,意大利,34,千克,19,双,5377
64019210,橡胶制鞋面的防水靴(...,429,墨西哥,57,千克,16,双,1671
64019290,塑料制鞋面的防水靴(...,305,法国,2,千克,1,双,129
64019290,塑料制鞋面的防水靴(...,307,意大利,6,千克,7,双,1260
64019290,塑料制鞋面的防水靴(...,309,荷兰,26,千克,10,双,1467
64019900,其他橡或塑外底及鞋面...,309,荷兰,6,千克,4,双,253
64019900,其他橡或塑外底及鞋面...,410,巴西,0,千克,1,双,28
64021200,滑雪靴、越野滑雪靴及...,305,法国,4,千克,1,双,215
64021200,滑雪靴、越野滑雪靴及...,307,意大利,9,千克,2,双,403
64021900,橡胶或塑料制外底及鞋...,129,菲律宾,1,千克,1,双,60
64021900,橡胶或塑料制外底及鞋...,305,法国,7,千克,6,双,1335
64021900,橡胶或塑料制外底及鞋...,307,意大利,838,千克,447,双,57417
64021900,橡胶或塑料制外底及鞋...,312,西班牙,1,千克,1,双,41
64021900,橡胶或塑料制外底及鞋...,315,奥地利,2,千克,4,双,197
64021900,橡胶或塑料制外底及鞋...,410,巴西,0,千克,1,双,36
64021900,橡胶或塑料制外底及鞋...,501,加拿大,7,千克,7,双,1373
64022000,用栓塞法装配橡胶或塑...,305,法国,7,千克,7,双,1035
64022000,用栓塞法装配橡胶或塑...,307,意大利,621,千克,822,双,114864
64022000,用栓塞法装配橡胶或塑...,310,希腊,1,千克,1,双,63
64022000,用栓塞法装配橡胶或塑...,312,西班牙,1,千克,2,双,87
64022000,用栓塞法装配橡胶或塑...,410,巴西,8192,千克,22171,双,143341
64029100,其他橡胶或塑料制外底...,137,土耳其,148,千克,120,双,3114
64029100,其他橡胶或塑料制外底...,254,津巴布韦,1,千克,1,双,14
64029100,其他橡胶或塑料制外底...,305,法国,69,千克,107,双,23864
64029100,其他橡胶或塑料制外底...,307,意大利,8628,千克,4776,双,1657199
64029100,其他橡胶或塑料制外底...,312,西班牙,44,千克,33,双,5702
64029100,其他橡胶或塑料制外底...,314,安道尔,1,千克,1,双,52
64029100,其他橡胶或塑料制外底...,410,巴西,2,千克,1,双,194
64029910,橡胶制鞋面的其他鞋靴,254,津巴布韦,1,千克,1,双,43
64029910,橡胶制鞋面的其他鞋靴,305,法国,3,千克,3,双,327
64029910,橡胶制鞋面的其他鞋靴,307,意大利,5001,千克,4304,双,752450
64029910,橡胶制鞋面的其他鞋靴,310,希腊,2,千克,1,双,196
64029910,橡胶制鞋面的其他鞋靴,312,西班牙,156,千克,228,双,15076
64029910,橡胶制鞋面的其他鞋靴,410,巴西,2872,千克,5579,双,56599
64029921,以机织物或其他纺织材...,137,土耳其,1261,千克,1068,双,13478
64029921,以机织物或其他纺织材...,307,意大利,488,千克,251,双,47956
64029921,以机织物或其他纺织材...,310,希腊,68,千克,34,双,6170
64029921,以机织物或其他纺织材...,312,西班牙,113,千克,57,双,13114
64029921,以机织物或其他纺织材...,316,保加利亚,2,千克,1,双,312
64029921,以机织物或其他纺织材...,321,匈牙利,1,千克,1,双,66
64029921,以机织物或其他纺织材...,410,巴西,16,千克,9,双,1125
64029921,以机织物或其他纺织材...,429,墨西哥,1,千克,1,双,63
64029921,以机织物或其他纺织材...,431,尼加拉瓜,4,千克,2,双,203
64029929,未列名塑料制鞋面的鞋...,129,菲律宾,5,千克,3,双,432
64029929,未列名塑料制鞋面的鞋...,137,土耳其,2555,千克,3745,双,61700
64029929,未列名塑料制鞋面的鞋...,138,阿联酋,26,千克,25,双,5927
64029929,未列名塑料制鞋面的鞋...,244,南非,349,千克,633,双,22218
64029929,未列名塑料制鞋面的鞋...,254,津巴布韦,5,千克,6,双,256
64029929,未列名塑料制鞋面的鞋...,305,法国,22,千克,26,双,3221
64029929,未列名塑料制鞋面的鞋...,307,意大利,23619,千克,19791,双,6502252
64029929,未列名塑料制鞋面的鞋...,310,希腊,2,千克,2,双,222
64029929,未列名塑料制鞋面的鞋...,312,西班牙,104,千克,185,双,12646
64029929,未列名塑料制鞋面的鞋...,321,匈牙利,3,千克,4,双,302
64029929,未列名塑料制鞋面的鞋...,410,巴西,4363,千克,10385,双,155742
64031200,橡、塑、革外底，皮革...,129,菲律宾,3,千克,6,双,351
64031200,橡、塑、革外底，皮革...,307,意大利,15,千克,11,双,1499
64031900,橡、塑或革外底，皮革...,127,巴基斯坦,8,千克,4,双,197
64031900,橡、塑或革外底，皮革...,129,菲律宾,2,千克,3,双,133
64031900,橡、塑或革外底，皮革...,305,法国,8,千克,6,双,1571
64031900,橡、塑或革外底，皮革...,307,意大利,1351,千克,956,双,172314
64031900,橡、塑或革外底，皮革...,310,希腊,2,千克,1,双,61
64031900,橡、塑或革外底，皮革...,312,西班牙,4,千克,5,双,876
64031900,橡、塑或革外底，皮革...,313,阿尔巴尼亚,6,千克,4,双,802
64031900,橡、塑或革外底，皮革...,321,匈牙利,5,千克,5,双,626
64031900,橡、塑或革外底，皮革...,350,斯洛文尼亚,14,千克,19,双,2052
64031900,橡、塑或革外底，皮革...,410,巴西,4,千克,5,双,353
64031900,橡、塑或革外底，皮革...,429,墨西哥,2,千克,2,双,114
64031900,橡、塑或革外底，皮革...,435,波多黎各,2,千克,1,双,271
64032000,皮革外底，脚背交叉绕...,137,土耳其,21,千克,21,双,4487
64032000,皮革外底，脚背交叉绕...,305,法国,3,千克,3,双,746
64032000,皮革外底，脚背交叉绕...,307,意大利,369,千克,430,双,133282
64032000,皮革外底，脚背交叉绕...,310,希腊,21,千克,22,双,2841
64032000,皮革外底，脚背交叉绕...,312,西班牙,300,千克,391,双,84056
64032000,皮革外底，脚背交叉绕...,316,保加利亚,23,千克,18,双,4512
64032000,皮革外底，脚背交叉绕...,321,匈牙利,1,千克,1,双,67
64032000,皮革外底，脚背交叉绕...,410,巴西,22,千克,42,双,4086
64032000,皮革外底，脚背交叉绕...,431,尼加拉瓜,10,千克,5,双,444
64034000,其他橡，塑，革外底的...,301,比利时,16,千克,12,双,644
64034000,其他橡，塑，革外底的...,307,意大利,8,千克,6,双,435
64034000,其他橡，塑，革外底的...,309,荷兰,69,千克,64,双,1101
64034000,其他橡，塑，革外底的...,312,西班牙,9,千克,6,双,802
64034000,其他橡，塑，革外底的...,313,阿尔巴尼亚,4,千克,2,双,210
64034000,其他橡，塑，革外底的...,315,奥地利,2,千克,1,双,139
64034000,其他橡，塑，革外底的...,410,巴西,5,千克,3,双,267
64035111,过踝但低于小腿的皮革...,305,法国,1,千克,1,双,79
64035111,过踝但低于小腿的皮革...,307,意大利,6803,千克,5350,双,2498796
64035111,过踝但低于小腿的皮革...,312,西班牙,2224,千克,1508,双,356090
64035111,过踝但低于小腿的皮革...,316,保加利亚,864,千克,638,双,127645
64035111,过踝但低于小腿的皮革...,410,巴西,9,千克,4,双,573
64035119,过踝但低于小腿的皮革...,129,菲律宾,71,千克,71,双,6641
64035119,过踝但低于小腿的皮革...,137,土耳其,6,千克,3,双,950
64035119,过踝但低于小腿的皮革...,305,法国,26,千克,23,双,4793
64035119,过踝但低于小腿的皮革...,307,意大利,2987,千克,2405,双,957714
64035119,过踝但低于小腿的皮革...,312,西班牙,527,千克,339,双,80463
64035119,过踝但低于小腿的皮革...,316,保加利亚,122,千克,109,双,24449
64035119,过踝但低于小腿的皮革...,327,波兰,2,千克,1,双,412
64035119,过踝但低于小腿的皮革...,410,巴西,1,千克,1,双,159
64035191,皮革制外底及鞋面的其...,305,法国,1,千克,1,双,507
64035191,皮革制外底及鞋面的其...,307,意大利,1758,千克,910,双,681556
64035191,皮革制外底及鞋面的其...,312,西班牙,5,千克,3,双,471
64035191,皮革制外底及鞋面的其...,316,保加利亚,32,千克,21,双,3943
64035191,皮革制外底及鞋面的其...,429,墨西哥,2,千克,2,双,266
64035199,其他皮革制外底及鞋面...,305,法国,12,千克,8,双,1485
64035199,其他皮革制外底及鞋面...,307,意大利,518,千克,349,双,146758
64035199,其他皮革制外底及鞋面...,312,西班牙,61,千克,37,双,22686
64035199,其他皮革制外底及鞋面...,316,保加利亚,18,千克,9,双,1690
64035199,其他皮革制外底及鞋面...,410,巴西,6,千克,7,双,1044
64035900,其他皮革制外底及鞋面...,137,土耳其,248,千克,213,双,21986
64035900,其他皮革制外底及鞋面...,138,阿联酋,2,千克,2,双,204
64035900,其他皮革制外底及鞋面...,305,法国,471,千克,514,双,96849
64035900,其他皮革制外底及鞋面...,307,意大利,65339,千克,67699,双,20505221
64035900,其他皮革制外底及鞋面...,309,荷兰,5,千克,4,双,763
64035900,其他皮革制外底及鞋面...,310,希腊,112,千克,93,双,13127
64035900,其他皮革制外底及鞋面...,312,西班牙,3929,千克,4002,双,665537
64035900,其他皮革制外底及鞋面...,313,阿尔巴尼亚,1,千克,1,双,46
64035900,其他皮革制外底及鞋面...,315,奥地利,3,千克,3,双,164
64035900,其他皮革制外底及鞋面...,316,保加利亚,105,千克,103,双,19690
64035900,其他皮革制外底及鞋面...,321,匈牙利,8,千克,7,双,1082
64035900,其他皮革制外底及鞋面...,410,巴西,588,千克,1057,双,75686
64035900,其他皮革制外底及鞋面...,429,墨西哥,3,千克,2,双,238
64039111,过脚踝但低于小腿的橡...,127,巴基斯坦,9,千克,6,双,672
64039111,过脚踝但低于小腿的橡...,305,法国,81,千克,53,双,14413
64039111,过脚踝但低于小腿的橡...,307,意大利,16064,千克,10846,双,4681755
64039111,过脚踝但低于小腿的橡...,312,西班牙,16076,千克,10523,双,2663327
64039111,过脚踝但低于小腿的橡...,313,阿尔巴尼亚,11,千克,9,双,734
64039111,过脚踝但低于小腿的橡...,316,保加利亚,9,千克,5,双,1049
64039111,过脚踝但低于小腿的橡...,321,匈牙利,6,千克,6,双,401
64039111,过脚踝但低于小腿的橡...,410,巴西,1,千克,1,双,93
64039111,过脚踝但低于小腿的橡...,429,墨西哥,4,千克,2,双,377
64039119,过脚踝但低于小腿的橡...,127,巴基斯坦,235,千克,169,双,15045
64039119,过脚踝但低于小腿的橡...,129,菲律宾,377,千克,519,双,15583
64039119,过脚踝但低于小腿的橡...,137,土耳其,99,千克,138,双,3397
64039119,过脚踝但低于小腿的橡...,305,法国,70,千克,71,双,9385
64039119,过脚踝但低于小腿的橡...,307,意大利,18404,千克,11819,双,4426145
64039119,过脚踝但低于小腿的橡...,309,荷兰,15,千克,16,双,1090
64039119,过脚踝但低于小腿的橡...,312,西班牙,3665,千克,2312,双,567495
64039119,过脚踝但低于小腿的橡...,313,阿尔巴尼亚,306,千克,204,双,29476
64039119,过脚踝但低于小腿的橡...,316,保加利亚,28,千克,28,双,3043
64039119,过脚踝但低于小腿的橡...,318,芬兰,20,千克,12,双,2444
64039119,过脚踝但低于小腿的橡...,321,匈牙利,48,千克,48,双,3042
64039119,过脚踝但低于小腿的橡...,327,波兰,193,千克,245,双,4878
64039119,过脚踝但低于小腿的橡...,359,黑山,4,千克,4,双,483
64039119,过脚踝但低于小腿的橡...,410,巴西,14,千克,8,双,1673
64039119,过脚踝但低于小腿的橡...,429,墨西哥,5,千克,3,双,445
64039119,过脚踝但低于小腿的橡...,501,加拿大,6,千克,3,双,749
64039191,橡胶、塑料或再生皮革...,307,意大利,2137,千克,1213,双,503466
64039191,橡胶、塑料或再生皮革...,312,西班牙,24538,千克,12102,双,3777506
64039191,橡胶、塑料或再生皮革...,321,匈牙利,1,千克,1,双,157
64039191,橡胶、塑料或再生皮革...,410,巴西,4,千克,2,双,252
64039199,橡胶、塑料或再生皮革...,124,蒙古,1883,千克,885,双,26550
64039199,橡胶、塑料或再生皮革...,305,法国,12,千克,12,双,2852
64039199,橡胶、塑料或再生皮革...,307,意大利,2298,千克,1109,双,361211
64039199,橡胶、塑料或再生皮革...,312,西班牙,4408,千克,2261,双,689748
64039199,橡胶、塑料或再生皮革...,321,匈牙利,2,千克,2,双,190
64039199,橡胶、塑料或再生皮革...,410,巴西,6,千克,4,双,525
64039199,橡胶、塑料或再生皮革...,427,牙买加,3,千克,1,双,405
64039199,橡胶、塑料或再生皮革...,429,墨西哥,4,千克,1,双,206
64039900,其他橡、塑或再生皮革...,127,巴基斯坦,14,千克,17,双,921
64039900,其他橡、塑或再生皮革...,129,菲律宾,132,千克,158,双,5657
64039900,其他橡、塑或再生皮革...,137,土耳其,2246,千克,2640,双,147000
64039900,其他橡、塑或再生皮革...,138,阿联酋,4,千克,2,双,551
64039900,其他橡、塑或再生皮革...,254,津巴布韦,5,千克,6,双,294
64039900,其他橡、塑或再生皮革...,301,比利时,9,千克,9,双,1409
64039900,其他橡、塑或再生皮革...,305,法国,1006,千克,965,双,163391
64039900,其他橡、塑或再生皮革...,306,爱尔兰,7,千克,7,双,700
64039900,其他橡、塑或再生皮革...,307,意大利,199910,千克,167432,双,51792574
64039900,其他橡、塑或再生皮革...,309,荷兰,9,千克,11,双,3980
64039900,其他橡、塑或再生皮革...,310,希腊,110,千克,88,双,12490
64039900,其他橡、塑或再生皮革...,312,西班牙,13849,千克,18025,双,1952280
64039900,其他橡、塑或再生皮革...,313,阿尔巴尼亚,1785,千克,1341,双,197842
64039900,其他橡、塑或再生皮革...,314,安道尔,3,千克,3,双,378
64039900,其他橡、塑或再生皮革...,315,奥地利,1,千克,1,双,84
64039900,其他橡、塑或再生皮革...,316,保加利亚,67,千克,48,双,11229
64039900,其他橡、塑或再生皮革...,321,匈牙利,591,千克,767,双,42189
64039900,其他橡、塑或再生皮革...,327,波兰,162,千克,253,双,10590
64039900,其他橡、塑或再生皮革...,350,斯洛文尼亚,1,千克,1,双,64
64039900,其他橡、塑或再生皮革...,410,巴西,8260,千克,13523,双,630141
64039900,其他橡、塑或再生皮革...,429,墨西哥,17,千克,11,双,981
64039900,其他橡、塑或再生皮革...,501,加拿大,6,千克,5,双,1280
64039900,其他橡、塑或再生皮革...,503,格陵兰,4,千克,5,双,293
64041100,橡或塑外底，纺织材料...,127,巴基斯坦,1,千克,2,双,42
64041100,橡或塑外底，纺织材料...,129,菲律宾,60,千克,67,双,3680
64041100,橡或塑外底，纺织材料...,137,土耳其,54,千克,18,双,2597
64041100,橡或塑外底，纺织材料...,305,法国,41,千克,73,双,11556
64041100,橡或塑外底，纺织材料...,307,意大利,1091,千克,886,双,299762
64041100,橡或塑外底，纺织材料...,312,西班牙,29,千克,23,双,5229
64041100,橡或塑外底，纺织材料...,313,阿尔巴尼亚,6,千克,2,双,459
64041100,橡或塑外底，纺织材料...,315,奥地利,3,千克,1,双,221
64041100,橡或塑外底，纺织材料...,321,匈牙利,3,千克,1,双,312
64041100,橡或塑外底，纺织材料...,327,波兰,6,千克,2,双,616
64041100,橡或塑外底，纺织材料...,410,巴西,72,千克,48,双,5329
64041100,橡或塑外底，纺织材料...,429,墨西哥,40,千克,77,双,1324
64041910,橡胶或塑料制外底，纺...,137,土耳其,100,千克,304,双,3621
64041910,橡胶或塑料制外底，纺...,305,法国,1,千克,2,双,826
64041910,橡胶或塑料制外底，纺...,307,意大利,2383,千克,2932,双,792712
64041910,橡胶或塑料制外底，纺...,310,希腊,0,千克,1,双,134
64041910,橡胶或塑料制外底，纺...,312,西班牙,20,千克,34,双,5151
64041910,橡胶或塑料制外底，纺...,315,奥地利,1,千克,1,双,61
64041910,橡胶或塑料制外底，纺...,410,巴西,517,千克,829,双,25553
64041990,橡胶或塑料制外底，纺...,129,菲律宾,2421,千克,3467,双,133098
64041990,橡胶或塑料制外底，纺...,137,土耳其,276,千克,486,双,7712
64041990,橡胶或塑料制外底，纺...,138,阿联酋,1,千克,1,双,62
64041990,橡胶或塑料制外底，纺...,244,南非,3,千克,5,双,265
64041990,橡胶或塑料制外底，纺...,254,津巴布韦,4,千克,5,双,217
64041990,橡胶或塑料制外底，纺...,301,比利时,1,千克,1,双,60
64041990,橡胶或塑料制外底，纺...,305,法国,603,千克,3708,双,76669
64041990,橡胶或塑料制外底，纺...,307,意大利,108113,千克,92620,双,33369781
64041990,橡胶或塑料制外底，纺...,309,荷兰,346,千克,209,双,8627
64041990,橡胶或塑料制外底，纺...,310,希腊,2,千克,3,双,316
64041990,橡胶或塑料制外底，纺...,312,西班牙,5815,千克,6797,双,1261508
64041990,橡胶或塑料制外底，纺...,313,阿尔巴尼亚,1761,千克,1367,双,188943
64041990,橡胶或塑料制外底，纺...,314,安道尔,3,千克,2,双,353
64041990,橡胶或塑料制外底，纺...,315,奥地利,8,千克,7,双,2166
64041990,橡胶或塑料制外底，纺...,316,保加利亚,1,千克,1,双,210
64041990,橡胶或塑料制外底，纺...,321,匈牙利,25,千克,25,双,2893
64041990,橡胶或塑料制外底，纺...,410,巴西,1548,千克,2209,双,116502
64041990,橡胶或塑料制外底，纺...,429,墨西哥,58,千克,110,双,5648
64041990,橡胶或塑料制外底，纺...,431,尼加拉瓜,1,千克,1,双,73
64041990,橡胶或塑料制外底，纺...,501,加拿大,5,千克,8,双,1677
64042010,皮革或再生皮革制外底...,307,意大利,1317,千克,2174,双,724947
64042010,皮革或再生皮革制外底...,310,希腊,75,千克,69,双,11522
64042010,皮革或再生皮革制外底...,312,西班牙,5,千克,5,双,994
64042010,皮革或再生皮革制外底...,336,立陶宛,12,千克,33,双,747
64042010,皮革或再生皮革制外底...,410,巴西,7,千克,11,双,1195
64042090,皮革或再生皮革制外底...,305,法国,4,千克,5,双,3581
64042090,皮革或再生皮革制外底...,307,意大利,14739,千克,16674,双,5698390
64042090,皮革或再生皮革制外底...,312,西班牙,410,千克,563,双,105438
64042090,皮革或再生皮革制外底...,316,保加利亚,8,千克,6,双,1555
64042090,皮革或再生皮革制外底...,350,斯洛文尼亚,6,千克,22,双,1435
64042090,皮革或再生皮革制外底...,410,巴西,11,千克,9,双,2185
64051010,橡胶、塑料等制外底，...,124,蒙古,184,千克,230,双,2760
64051010,橡胶、塑料等制外底，...,307,意大利,301,千克,418,双,126263
64051010,橡胶、塑料等制外底，...,310,希腊,39,千克,22,双,3825
64051010,橡胶、塑料等制外底，...,312,西班牙,37,千克,36,双,4714
64051010,橡胶、塑料等制外底，...,315,奥地利,4,千克,2,双,159
64051010,橡胶、塑料等制外底，...,316,保加利亚,1,千克,1,双,101
64051010,橡胶、塑料等制外底，...,321,匈牙利,1,千克,1,双,54
64051010,橡胶、塑料等制外底，...,327,波兰,587,千克,711,双,21609
64051010,橡胶、塑料等制外底，...,410,巴西,3,千克,4,双,417
64051090,其他材料制外底，其他...,129,菲律宾,3,千克,3,双,396
64051090,其他材料制外底，其他...,137,土耳其,5,千克,5,双,881
64051090,其他材料制外底，其他...,305,法国,6,千克,6,双,893
64051090,其他材料制外底，其他...,307,意大利,531,千克,455,双,103269
64051090,其他材料制外底，其他...,310,希腊,13,千克,12,双,1713
64051090,其他材料制外底，其他...,312,西班牙,55,千克,59,双,13097
64051090,其他材料制外底，其他...,316,保加利亚,11,千克,8,双,1873
64051090,其他材料制外底，其他...,321,匈牙利,3,千克,5,双,366
64051090,其他材料制外底，其他...,410,巴西,47,千克,35,双,7440
64051090,其他材料制外底，其他...,429,墨西哥,2,千克,6,双,288
64052000,其他纺织材料制鞋面的...,129,菲律宾,2,千克,2,双,95
64052000,其他纺织材料制鞋面的...,254,津巴布韦,1,千克,1,双,43
64052000,其他纺织材料制鞋面的...,305,法国,33,千克,151,双,13792
64052000,其他纺织材料制鞋面的...,307,意大利,439,千克,408,双,113566
64052000,其他纺织材料制鞋面的...,310,希腊,2,千克,1,双,163
64052000,其他纺织材料制鞋面的...,312,西班牙,61,千克,68,双,15369
64052000,其他纺织材料制鞋面的...,321,匈牙利,2,千克,2,双,194
64052000,其他纺织材料制鞋面的...,336,立陶宛,0,千克,2,双,34
64052000,其他纺织材料制鞋面的...,410,巴西,3,千克,4,双,191
64052000,其他纺织材料制鞋面的...,431,尼加拉瓜,1,千克,1,双,73
64059010,其他橡胶、塑料或再生...,129,菲律宾,1,千克,1,双,56
64059010,其他橡胶、塑料或再生...,138,阿联酋,3,千克,1,双,138
64059010,其他橡胶、塑料或再生...,305,法国,298,千克,83,双,23059
64059010,其他橡胶、塑料或再生...,307,意大利,6955,千克,8139,双,2298204
64059010,其他橡胶、塑料或再生...,310,希腊,2,千克,3,双,443
64059010,其他橡胶、塑料或再生...,312,西班牙,152,千克,169,双,29271
64059010,其他橡胶、塑料或再生...,321,匈牙利,1,千克,1,双,94
64059010,其他橡胶、塑料或再生...,410,巴西,12,千克,19,双,2177
64059010,其他橡胶、塑料或再生...,501,加拿大,1,千克,1,双,52
64059090,未列名鞋靴,307,意大利,29,千克,20,双,5085
64059090,未列名鞋靴,312,西班牙,3,千克,5,双,680
64059090,未列名鞋靴,321,匈牙利,1,千克,1,双,66
64059090,未列名鞋靴,410,巴西,5,千克,3,双,508
64061000,鞋面及其零件，但硬衬...,307,意大利,1285,千克,36803,个,22944
64061000,鞋面及其零件，但硬衬...,318,芬兰,540,千克,300000,个,300
64062010,橡胶制的鞋外底及鞋跟,305,法国,1596,千克,65784,个,39371
64062010,橡胶制的鞋外底及鞋跟,307,意大利,13260,千克,46370,个,186370
64062010,橡胶制的鞋外底及鞋跟,312,西班牙,0,千克,2,个,65
64062010,橡胶制的鞋外底及鞋跟,501,加拿大,662,千克,4940,个,18791
64062020,塑料制的鞋外底及鞋跟,307,意大利,6933,千克,45279,个,102050
64069091,其他材料制活动式鞋内...,307,意大利,121,千克,1056,个,1079
64069091,其他材料制活动式鞋内...,312,西班牙,334,千克,17172,个,20724
64069091,其他材料制活动式鞋内...,327,波兰,7,千克,122,个,665
64069091,其他材料制活动式鞋内...,429,墨西哥,1,千克,16,个,80
64069092,其他材料制护腿、裹腿...,129,菲律宾,124,千克,946,个,8840
64069092,其他材料制护腿、裹腿...,307,意大利,84,千克,490,个,18289
64069092,其他材料制护腿、裹腿...,309,荷兰,1,千克,12,个,338
64069092,其他材料制护腿、裹腿...,410,巴西,15916,千克,160000,个,65600
64069099,其他材料制未列名鞋靴...,137,土耳其,5,千克,164,个,1082
64069099,其他材料制未列名鞋靴...,244,南非,0,千克,2,个,16
64069099,其他材料制未列名鞋靴...,307,意大利,848,千克,115070,个,8602
64069099,其他材料制未列名鞋靴...,312,西班牙,4,千克,100,个,462
64069099,其他材料制未列名鞋靴...,321,匈牙利,75,千克,2712,个,2633
64069099,其他材料制未列名鞋靴...,429,墨西哥,62,千克,238,个,1386
64069099,其他材料制未列名鞋靴...,501,加拿大,89,千克,1102,个,1203
65020000,编结的帽坯或用任何材...,129,菲律宾,3010,千克,0,—,22862
65040000,编结帽或用任何材料的...,129,菲律宾,607,个,70,千克,1970
65040000,编结帽或用任何材料的...,307,意大利,827,个,174,千克,180106
65040000,编结帽或用任何材料的...,312,西班牙,16,个,4,千克,1635
65040000,编结帽或用任何材料的...,429,墨西哥,999,个,219,千克,5093
65050020,钩编的帽类,129,菲律宾,2,个,0,千克,178
65050020,钩编的帽类,137,土耳其,1,个,0,千克,24
65050020,钩编的帽类,227,马达加斯加,2,个,0,千克,96
65050020,钩编的帽类,305,法国,3,个,1,千克,598
65050020,钩编的帽类,307,意大利,34,个,17,千克,4045
65050020,钩编的帽类,309,荷兰,6,个,1,千克,24
65050020,钩编的帽类,312,西班牙,1,个,0,千克,27
65050020,钩编的帽类,316,保加利亚,2,个,2,千克,160
65050020,钩编的帽类,321,匈牙利,1,个,1,千克,156
65050020,钩编的帽类,327,波兰,5,个,1,千克,214
65050020,钩编的帽类,336,立陶宛,2,个,2,千克,308
65050020,钩编的帽类,429,墨西哥,1,个,1,千克,132
65050020,钩编的帽类,501,加拿大,1,个,0,千克,27
65050091,用品目65.01的帽...,227,马达加斯加,2,个,2,千克,39
65050091,用品目65.01的帽...,301,比利时,1,个,0,千克,57
65050091,用品目65.01的帽...,305,法国,13,个,2,千克,3669
65050091,用品目65.01的帽...,307,意大利,132,个,34,千克,33508
65050091,用品目65.01的帽...,312,西班牙,117,个,33,千克,28060
65050091,用品目65.01的帽...,321,匈牙利,1,个,1,千克,53
65050099,针织的帽类及用成匹的...,109,朝鲜,1,个,0,千克,73
65050099,针织的帽类及用成匹的...,124,蒙古,182,个,71,千克,1713
65050099,针织的帽类及用成匹的...,127,巴基斯坦,4,个,1,千克,114
65050099,针织的帽类及用成匹的...,129,菲律宾,84313,个,6581,千克,421009
65050099,针织的帽类及用成匹的...,137,土耳其,6585,个,744,千克,45945
65050099,针织的帽类及用成匹的...,224,肯尼亚,1,个,0,千克,272
65050099,针织的帽类及用成匹的...,254,津巴布韦,1,个,0,千克,425
65050099,针织的帽类及用成匹的...,301,比利时,4,个,1,千克,150
65050099,针织的帽类及用成匹的...,305,法国,5107,个,628,千克,744580
65050099,针织的帽类及用成匹的...,306,爱尔兰,8,个,2,千克,97
65050099,针织的帽类及用成匹的...,307,意大利,27044,个,5008,千克,4817051
65050099,针织的帽类及用成匹的...,309,荷兰,14,个,1,千克,221
65050099,针织的帽类及用成匹的...,310,希腊,2,个,0,千克,224
65050099,针织的帽类及用成匹的...,312,西班牙,370,个,73,千克,41041
65050099,针织的帽类及用成匹的...,315,奥地利,21,个,2,千克,209
65050099,针织的帽类及用成匹的...,316,保加利亚,886,个,141,千克,63714
65050099,针织的帽类及用成匹的...,321,匈牙利,32,个,8,千克,2206
65050099,针织的帽类及用成匹的...,327,波兰,105,个,19,千克,1788
65050099,针织的帽类及用成匹的...,336,立陶宛,27,个,3,千克,1404
65050099,针织的帽类及用成匹的...,429,墨西哥,533,个,127,千克,2505
65050099,针织的帽类及用成匹的...,431,尼加拉瓜,110,个,5,千克,2089
65050099,针织的帽类及用成匹的...,501,加拿大,223,个,24,千克,3889
65061000,安全帽,127,巴基斯坦,1,个,0,千克,70
65061000,安全帽,244,南非,15,个,75,千克,57445
65061000,安全帽,301,比利时,5,个,2,千克,51
65061000,安全帽,305,法国,3550,个,4624,千克,399246
65061000,安全帽,307,意大利,3115,个,5029,千克,888340
65061000,安全帽,309,荷兰,10,个,7,千克,73
65061000,安全帽,312,西班牙,556,个,722,千克,50350
65061000,安全帽,315,奥地利,33,个,97,千克,8079
65061000,安全帽,327,波兰,71,个,60,千克,2540
65061000,安全帽,410,巴西,120,个,17,千克,1135
65061000,安全帽,429,墨西哥,1,个,0,千克,44
65061000,安全帽,501,加拿大,2,个,1,千克,10
65069100,橡胶或塑料制帽类,305,法国,5415,个,3449,千克,211457
65069100,橡胶或塑料制帽类,307,意大利,1552,个,595,千克,336398
65069100,橡胶或塑料制帽类,312,西班牙,1,个,0,千克,7
65069100,橡胶或塑料制帽类,327,波兰,2,个,2,千克,16
65069100,橡胶或塑料制帽类,429,墨西哥,60,个,68,千克,2964
65069910,皮革制帽类,305,法国,87,个,19,千克,17934
65069910,皮革制帽类,307,意大利,136,个,26,千克,37763
65069910,皮革制帽类,429,墨西哥,5,个,3,千克,37
65069920,毛皮制帽类,305,法国,44,个,12,千克,3187
65069920,毛皮制帽类,307,意大利,63,个,12,千克,20304
65069990,未列名材料制帽类,129,菲律宾,1,个,0,千克,17
65069990,未列名材料制帽类,301,比利时,1,个,0,千克,138
65069990,未列名材料制帽类,305,法国,14,个,19,千克,1613
65069990,未列名材料制帽类,307,意大利,272,个,105,千克,55402
65069990,未列名材料制帽类,312,西班牙,43,个,8,千克,1018
65069990,未列名材料制帽类,321,匈牙利,41,个,7,千克,1225
65069990,未列名材料制帽类,327,波兰,1,个,2,千克,116
65069990,未列名材料制帽类,501,加拿大,6,个,1,千克,292
65070000,帽圈、帽衬、帽套、帽...,127,巴基斯坦,4,千克,0,—,42
65070000,帽圈、帽衬、帽套、帽...,305,法国,1,千克,0,—,115
65070000,帽圈、帽衬、帽套、帽...,307,意大利,592,千克,0,—,19527
65070000,帽圈、帽衬、帽套、帽...,312,西班牙,12,千克,0,—,624
65070000,帽圈、帽衬、帽套、帽...,501,加拿大,79,千克,0,—,26080
66011000,庭园用伞及类似伞,307,意大利,27,千克,4,把,77
66019100,折叠伞,227,马达加斯加,0,千克,1,把,45
66019100,折叠伞,307,意大利,81,千克,160,把,13305
66019100,折叠伞,315,奥地利,2375,千克,7616,把,75865
66019900,其他雨伞及阳伞,305,法国,560,千克,2410,把,14732
66019900,其他雨伞及阳伞,307,意大利,357,千克,555,把,38508
66019900,其他雨伞及阳伞,327,波兰,42,千克,2,把,503
66020000,手杖、带座手杖、鞭子...,305,法国,0,千克,8,把,1627
66020000,手杖、带座手杖、鞭子...,307,意大利,32,千克,45,把,3855
66039000,伞、手杖、鞭子及类似...,301,比利时,340,千克,0,—,7444
66039000,伞、手杖、鞭子及类似...,307,意大利,1074,千克,0,—,50498
66039000,伞、手杖、鞭子及类似...,336,立陶宛,1935,千克,0,—,6823
67010000,带羽毛或羽绒的鸟皮等...,244,南非,930,千克,0,—,46500
67010000,带羽毛或羽绒的鸟皮等...,307,意大利,138,千克,0,—,22449
67010000,带羽毛或羽绒的鸟皮等...,321,匈牙利,300,千克,0,—,101010
67021000,塑料制人造花、叶、果...,312,西班牙,15,千克,0,—,849
67021000,塑料制人造花、叶、果...,327,波兰,0,千克,0,—,17
67021000,塑料制人造花、叶、果...,336,立陶宛,6,千克,0,—,2438
67029020,丝及绢丝制人造花、叶...,305,法国,1,千克,0,—,15461
67029020,丝及绢丝制人造花、叶...,307,意大利,0,千克,0,—,417
67029030,化纤制人造花、叶、果...,305,法国,67,千克,0,—,11413
67029090,未列名材料制人造花、...,305,法国,0,千克,0,—,8530
67030000,经加工的人发；作假发...,129,菲律宾,34,千克,0,—,646
67030000,经加工的人发；作假发...,138,阿联酋,7,千克,0,—,595
67030000,经加工的人发；作假发...,307,意大利,5824,千克,0,—,553166
67030000,经加工的人发；作假发...,309,荷兰,1,千克,0,—,40
67030000,经加工的人发；作假发...,327,波兰,4,千克,0,—,2280
67030000,经加工的人发；作假发...,340,白俄罗斯,0,千克,0,—,500
67030000,经加工的人发；作假发...,410,巴西,3,千克,0,—,180
67030000,经加工的人发；作假发...,501,加拿大,1,千克,0,—,70
67041100,合成纺织材料制整头假...,305,法国,0,千克,0,—,256
67042000,人发制假发，胡须，眉...,129,菲律宾,9,千克,0,—,171
67042000,人发制假发，胡须，眉...,301,比利时,0,千克,0,—,30
67042000,人发制假发，胡须，眉...,305,法国,0,千克,0,—,171
67042000,人发制假发，胡须，眉...,307,意大利,4,千克,0,—,559
67042000,人发制假发，胡须，眉...,309,荷兰,0,千克,0,—,129
67042000,人发制假发，胡须，眉...,410,巴西,5,千克,0,—,989
68022110,大理石碑石或建筑用石...,137,土耳其,243390,千克,0,—,36501
68022110,大理石碑石或建筑用石...,307,意大利,101140,千克,0,—,185148
68022110,大理石碑石或建筑用石...,309,荷兰,1762,千克,0,—,8897
68022110,大理石碑石或建筑用石...,310,希腊,180090,千克,0,—,73764
68022110,大理石碑石或建筑用石...,312,西班牙,23500,千克,0,—,20758
68022120,石灰华碑石或建筑用石...,307,意大利,1688,千克,0,—,8829
68022300,花岗岩碑石或建筑用石...,429,墨西哥,1,千克,0,—,117
68029110,大理石、石灰华及蜡石...,301,比利时,364,千克,0,—,1280
68029110,大理石、石灰华及蜡石...,307,意大利,242,千克,0,—,7049
68029190,未列名已加工大理石、...,118,科威特,3,千克,0,—,65
68029190,未列名已加工大理石、...,127,巴基斯坦,1390,千克,0,—,780
68029190,未列名已加工大理石、...,129,菲律宾,2,千克,0,—,329
68029190,未列名已加工大理石、...,137,土耳其,10,千克,0,—,667
68029190,未列名已加工大理石、...,138,阿联酋,10,千克,0,—,436
68029190,未列名已加工大理石、...,305,法国,83,千克,0,—,39108
68029190,未列名已加工大理石、...,307,意大利,235891,千克,0,—,987222
68029190,未列名已加工大理石、...,309,荷兰,10,千克,0,—,12188
68029190,未列名已加工大理石、...,310,希腊,196515,千克,0,—,141093
68029190,未列名已加工大理石、...,312,西班牙,21751,千克,0,—,33135
68029190,未列名已加工大理石、...,327,波兰,5,千克,0,—,43
68029290,未列名已加工石灰石制...,137,土耳其,85,千克,0,—,1980
68029290,未列名已加工石灰石制...,307,意大利,3,千克,0,—,555
68029290,未列名已加工石灰石制...,312,西班牙,1312,千克,0,—,5003
68029390,未列名已加工花岗岩制...,233,莫桑比克,163550,千克,0,—,29527
68029390,未列名已加工花岗岩制...,326,挪威,169,千克,0,—,1189
68029390,未列名已加工花岗岩制...,501,加拿大,95,千克,0,—,2699
68029990,未列名已加工石制品,301,比利时,334,千克,0,—,840
68029990,未列名已加工石制品,307,意大利,421,千克,0,—,3907
68029990,未列名已加工石制品,312,西班牙,58,千克,0,—,622
68029990,未列名已加工石制品,429,墨西哥,0,千克,0,—,39
68030010,已加工的板岩及其制品,307,意大利,112,千克,0,—,1055
68041000,碾磨或磨浆用石磨、石...,312,西班牙,940,千克,0,—,6290
68042110,粘聚合成或天然金刚石...,137,土耳其,0,千克,0,—,10
68042110,粘聚合成或天然金刚石...,301,比利时,174,千克,0,—,44471
68042110,粘聚合成或天然金刚石...,305,法国,141,千克,0,—,52090
68042110,粘聚合成或天然金刚石...,307,意大利,8299,千克,0,—,203920
68042110,粘聚合成或天然金刚石...,312,西班牙,501,千克,0,—,24467
68042110,粘聚合成或天然金刚石...,315,奥地利,1343,千克,0,—,164099
68042110,粘聚合成或天然金刚石...,318,芬兰,4,千克,0,—,219
68042110,粘聚合成或天然金刚石...,321,匈牙利,8,千克,0,—,2075
68042110,粘聚合成或天然金刚石...,327,波兰,200,千克,0,—,9967
68042110,粘聚合成或天然金刚石...,429,墨西哥,4,千克,0,—,313
68042190,粘聚合成或天然金刚石...,305,法国,19,千克,0,—,20204
68042190,粘聚合成或天然金刚石...,307,意大利,8719,千克,0,—,146548
68042190,粘聚合成或天然金刚石...,309,荷兰,2,千克,0,—,490
68042190,粘聚合成或天然金刚石...,410,巴西,14685,千克,0,—,113290
68042210,其他粘聚磨料或陶瓷制...,244,南非,7,千克,0,—,349
68042210,其他粘聚磨料或陶瓷制...,305,法国,701,千克,0,—,45248
68042210,其他粘聚磨料或陶瓷制...,307,意大利,17789,千克,0,—,136393
68042210,其他粘聚磨料或陶瓷制...,309,荷兰,8434,千克,0,—,47892
68042210,其他粘聚磨料或陶瓷制...,312,西班牙,3116,千克,0,—,31059
68042210,其他粘聚磨料或陶瓷制...,315,奥地利,164297,千克,0,—,2675193
68042210,其他粘聚磨料或陶瓷制...,316,保加利亚,475,千克,0,—,15466
68042210,其他粘聚磨料或陶瓷制...,327,波兰,1860,千克,0,—,38928
68042210,其他粘聚磨料或陶瓷制...,350,斯洛文尼亚,10606,千克,0,—,144298
68042210,其他粘聚磨料或陶瓷制...,410,巴西,1542,千克,0,—,59031
68042210,其他粘聚磨料或陶瓷制...,429,墨西哥,2991,千克,0,—,92646
68042210,其他粘聚磨料或陶瓷制...,501,加拿大,7,千克,0,—,429
68042290,其他粘聚磨料或陶瓷制...,305,法国,9241,千克,0,—,146832
68042290,其他粘聚磨料或陶瓷制...,306,爱尔兰,10,千克,0,—,3132
68042290,其他粘聚磨料或陶瓷制...,307,意大利,127,千克,0,—,15367
68042290,其他粘聚磨料或陶瓷制...,309,荷兰,5,千克,0,—,2181
68042290,其他粘聚磨料或陶瓷制...,312,西班牙,0,千克,0,—,142
68042290,其他粘聚磨料或陶瓷制...,315,奥地利,1504,千克,0,—,149807
68042290,其他粘聚磨料或陶瓷制...,321,匈牙利,0,千克,0,—,1024
68042290,其他粘聚磨料或陶瓷制...,327,波兰,5,千克,0,—,21
68042310,天然石料制砂轮及其零...,309,荷兰,0,千克,0,—,115
68042310,天然石料制砂轮及其零...,315,奥地利,1494,千克,0,—,85285
68042390,天然石料制石磨、石碾...,309,荷兰,0,千克,0,—,49
68043010,手用琢磨油石,307,意大利,220,千克,0,—,6271
68043010,手用琢磨油石,315,奥地利,68,千克,0,—,857
68043010,手用琢磨油石,429,墨西哥,75,千克,0,—,1792
68043090,其他手用磨石及抛光石,305,法国,31,千克,0,—,1159
68043090,其他手用磨石及抛光石,307,意大利,1436,千克,0,—,4976
68043090,其他手用磨石及抛光石,309,荷兰,10,千克,0,—,10541
68043090,其他手用磨石及抛光石,315,奥地利,40,千克,0,—,569
68043090,其他手用磨石及抛光石,318,芬兰,47,千克,0,—,1992
68043090,其他手用磨石及抛光石,429,墨西哥,10003,千克,0,—,10042
68051000,砂布,137,土耳其,65046,千克,0,—,366044
68051000,砂布,305,法国,797,千克,0,—,36304
68051000,砂布,306,爱尔兰,1,千克,0,—,5
68051000,砂布,307,意大利,18298,千克,0,—,150838
68051000,砂布,309,荷兰,96,千克,0,—,5353
68051000,砂布,312,西班牙,112,千克,0,—,5135
68051000,砂布,315,奥地利,22174,千克,0,—,182991
68051000,砂布,318,芬兰,823,千克,0,—,9051
68051000,砂布,327,波兰,0,千克,0,—,27
68051000,砂布,410,巴西,0,千克,0,—,3
68051000,砂布,429,墨西哥,990,千克,0,—,9368
68051000,砂布,501,加拿大,0,千克,0,—,109
68052000,砂纸,129,菲律宾,23,千克,0,—,6316
68052000,砂纸,305,法国,274,千克,0,—,23424
68052000,砂纸,306,爱尔兰,9,千克,0,—,1085
68052000,砂纸,307,意大利,1522,千克,0,—,41218
68052000,砂纸,309,荷兰,6,千克,0,—,496
68052000,砂纸,312,西班牙,11,千克,0,—,390
68052000,砂纸,315,奥地利,10147,千克,0,—,99013
68052000,砂纸,318,芬兰,16956,千克,0,—,151723
68052000,砂纸,327,波兰,17617,千克,0,—,77895
68052000,砂纸,410,巴西,2,千克,0,—,395
68052000,砂纸,429,墨西哥,10,千克,0,—,61
68052000,砂纸,501,加拿大,10171,千克,0,—,102488
68053000,以其他材料为底的天然...,129,菲律宾,21,千克,0,—,6349
68053000,以其他材料为底的天然...,301,比利时,13,千克,0,—,3661
68053000,以其他材料为底的天然...,305,法国,15,千克,0,—,330
68053000,以其他材料为底的天然...,307,意大利,46216,千克,0,—,174647
68053000,以其他材料为底的天然...,309,荷兰,0,千克,0,—,12
68053000,以其他材料为底的天然...,312,西班牙,102,千克,0,—,6459
68053000,以其他材料为底的天然...,315,奥地利,1371,千克,0,—,53032
68053000,以其他材料为底的天然...,318,芬兰,7802,千克,0,—,189806
68053000,以其他材料为底的天然...,321,匈牙利,380,千克,0,—,51295
68053000,以其他材料为底的天然...,327,波兰,2,千克,0,—,25
68053000,以其他材料为底的天然...,429,墨西哥,269,千克,0,—,7705
68061010,硅酸铝纤维及其制品，...,305,法国,1298,千克,0,—,19684
68061010,硅酸铝纤维及其制品，...,309,荷兰,19350,千克,0,—,160509
68061010,硅酸铝纤维及其制品，...,318,芬兰,1335,千克,0,—,8044
68061010,硅酸铝纤维及其制品，...,429,墨西哥,157,千克,0,—,2869
68061090,其他矿渣棉、岩石棉及...,305,法国,33831,千克,0,—,215420
68061090,其他矿渣棉、岩石棉及...,307,意大利,313,千克,0,—,11947
68061090,其他矿渣棉、岩石棉及...,309,荷兰,356950,千克,0,—,765923
68061090,其他矿渣棉、岩石棉及...,326,挪威,304,千克,0,—,18724
68061090,其他矿渣棉、岩石棉及...,327,波兰,46580,千克,0,—,90717
68061090,其他矿渣棉、岩石棉及...,350,斯洛文尼亚,3175,千克,0,—,15871
68061090,其他矿渣棉、岩石棉及...,429,墨西哥,13070,千克,0,—,9825
68062000,膨胀矿物材料（包括其...,301,比利时,388,千克,0,—,1016
68062000,膨胀矿物材料（包括其...,307,意大利,626,千克,0,—,586
68062000,膨胀矿物材料（包括其...,309,荷兰,12000,千克,0,—,23838
68062000,膨胀矿物材料（包括其...,312,西班牙,10580,千克,0,—,12827
68062000,膨胀矿物材料（包括其...,315,奥地利,311,千克,0,—,2302
68069000,其他隔热、隔、吸音矿...,138,阿联酋,2205,千克,0,—,123378
68069000,其他隔热、隔、吸音矿...,301,比利时,4297,千克,0,—,58749
68069000,其他隔热、隔、吸音矿...,305,法国,1278,千克,0,—,4713
68069000,其他隔热、隔、吸音矿...,307,意大利,13540,千克,0,—,76413
68069000,其他隔热、隔、吸音矿...,309,荷兰,4,千克,0,—,967
68069000,其他隔热、隔、吸音矿...,312,西班牙,291,千克,0,—,5236
68069000,其他隔热、隔、吸音矿...,315,奥地利,76403,千克,0,—,272546
68069000,其他隔热、隔、吸音矿...,321,匈牙利,691,千克,0,—,6158
68069000,其他隔热、隔、吸音矿...,429,墨西哥,3312,千克,0,—,15517
68079000,其他沥青或类似原料的...,137,土耳其,163420,千克,0,—,141576
68079000,其他沥青或类似原料的...,305,法国,510,千克,0,—,4469
68080000,镶板、瓦、砖等，用水...,301,比利时,15000,千克,0,—,22036
68080000,镶板、瓦、砖等，用水...,309,荷兰,1280,千克,0,—,4606
68091900,其他未装饰的石膏及以...,312,西班牙,665,千克,0,—,5233
68091900,其他未装饰的石膏及以...,501,加拿大,41484,千克,0,—,41052
68099000,其他石膏制品及以石膏...,305,法国,3733,千克,0,—,122361
68099000,其他石膏制品及以石膏...,307,意大利,8,千克,0,—,986
68099000,其他石膏制品及以石膏...,309,荷兰,39,千克,0,—,886
68101100,水泥、混凝土或人造石...,129,菲律宾,1508,千克,0,—,141
68101910,人造石制瓦、扁平石及...,305,法国,3612,千克,0,—,27101
68101910,人造石制瓦、扁平石及...,307,意大利,1626195,千克,0,—,1200351
68101910,人造石制瓦、扁平石及...,309,荷兰,23143,千克,0,—,57715
68101910,人造石制瓦、扁平石及...,312,西班牙,529627,千克,0,—,702613
68109910,铁道用水泥枕,321,匈牙利,2893,千克,0,—,1938
68109990,未列名水泥、混凝土或...,129,菲律宾,120,千克,0,—,14
68109990,未列名水泥、混凝土或...,301,比利时,94,千克,0,—,481
68109990,未列名水泥、混凝土或...,305,法国,6278,千克,0,—,66915
68109990,未列名水泥、混凝土或...,307,意大利,964989,千克,0,—,1081172
68109990,未列名水泥、混凝土或...,309,荷兰,140,千克,0,—,1053
68109990,未列名水泥、混凝土或...,310,希腊,146230,千克,0,—,109799
68109990,未列名水泥、混凝土或...,312,西班牙,256,千克,0,—,3472
68109990,未列名水泥、混凝土或...,318,芬兰,30,千克,0,—,1
68109990,未列名水泥、混凝土或...,327,波兰,36696,千克,0,—,389208
68109990,未列名水泥、混凝土或...,429,墨西哥,3938,千克,0,—,27129
68118200,纤维素水泥或类似材料...,318,芬兰,102,千克,0,—,6640
68118200,纤维素水泥或类似材料...,350,斯洛文尼亚,0,千克,0,—,38
68118990,纤维素水泥或类似材料...,305,法国,0,千克,0,—,463
68118990,纤维素水泥或类似材料...,312,西班牙,1,千克,0,—,42
68129300,成片或成卷的压缩石棉...,305,法国,0,千克,0,—,22
68129900,其他石棉纤维、混合物...,137,土耳其,1,千克,0,—,1
68129900,其他石棉纤维、混合物...,305,法国,599,千克,0,—,21232
68129900,其他石棉纤维、混合物...,307,意大利,2,千克,0,—,78
68129900,其他石棉纤维、混合物...,312,西班牙,5,千克,0,—,141
68129900,其他石棉纤维、混合物...,315,奥地利,4,千克,0,—,721
68129900,其他石棉纤维、混合物...,327,波兰,0,千克,0,—,37
68129900,其他石棉纤维、混合物...,429,墨西哥,1,千克,0,—,134
68132010,以石棉为基本成分的闸...,307,意大利,2,千克,0,—,578
68132010,以石棉为基本成分的闸...,315,奥地利,0,千克,0,—,12
68132010,以石棉为基本成分的闸...,327,波兰,1,千克,0,—,129
68132010,以石棉为基本成分的闸...,501,加拿大,0,千克,0,—,215
68132090,以石棉为基本成分其他...,305,法国,0,千克,0,—,1085
68132090,以石棉为基本成分其他...,307,意大利,27,千克,0,—,4383
68132090,以石棉为基本成分其他...,315,奥地利,45,千克,0,—,3447
68132090,以石棉为基本成分其他...,318,芬兰,1,千克,0,—,346
68138100,以其他矿物质或纤维素...,307,意大利,2982,千克,0,—,25025
68138100,以其他矿物质或纤维素...,312,西班牙,3,千克,0,—,1907
68138100,以其他矿物质或纤维素...,321,匈牙利,1,千克,0,—,187
68138100,以其他矿物质或纤维素...,327,波兰,106,千克,0,—,4128
68138100,以其他矿物质或纤维素...,410,巴西,26094,千克,0,—,334831
68138100,以其他矿物质或纤维素...,501,加拿大,6,千克,0,—,915
68138900,其他矿物质或纤维素为...,129,菲律宾,258,千克,0,—,4339
68138900,其他矿物质或纤维素为...,305,法国,11,千克,0,—,3874
68138900,其他矿物质或纤维素为...,307,意大利,39522,千克,0,—,176825
68138900,其他矿物质或纤维素为...,309,荷兰,4,千克,0,—,1342
68138900,其他矿物质或纤维素为...,312,西班牙,28,千克,0,—,2399
68138900,其他矿物质或纤维素为...,318,芬兰,3,千克,0,—,443
68138900,其他矿物质或纤维素为...,327,波兰,53,千克,0,—,2448
68138900,其他矿物质或纤维素为...,410,巴西,8,千克,0,—,621
68141000,粘聚或复制云母制板、...,301,比利时,2809,千克,0,—,73280
68141000,粘聚或复制云母制板、...,305,法国,1,千克,0,—,453
68141000,粘聚或复制云母制板、...,307,意大利,1,千克,0,—,361
68141000,粘聚或复制云母制板、...,312,西班牙,0,千克,0,—,10
68141000,粘聚或复制云母制板、...,315,奥地利,2616,千克,0,—,56523
68141000,粘聚或复制云母制板、...,410,巴西,3707,千克,0,—,109962
68149000,其他已加工的云母及其...,309,荷兰,0,千克,0,—,731
68149000,其他已加工的云母及其...,315,奥地利,3621,千克,0,—,67684
68149000,其他已加工的云母及其...,429,墨西哥,0,千克,0,—,160
68151000,非电气用石墨或其他碳...,129,菲律宾,14,千克,0,—,2514
68151000,非电气用石墨或其他碳...,137,土耳其,51,千克,0,—,25533
68151000,非电气用石墨或其他碳...,244,南非,0,千克,0,—,296
68151000,非电气用石墨或其他碳...,301,比利时,143,千克,0,—,31527
68151000,非电气用石墨或其他碳...,305,法国,188,千克,0,—,215885
68151000,非电气用石墨或其他碳...,306,爱尔兰,6,千克,0,—,3713
68151000,非电气用石墨或其他碳...,307,意大利,3382,千克,0,—,377308
68151000,非电气用石墨或其他碳...,309,荷兰,2621,千克,0,—,2053028
68151000,非电气用石墨或其他碳...,312,西班牙,20,千克,0,—,8812
68151000,非电气用石墨或其他碳...,315,奥地利,128,千克,0,—,43506
68151000,非电气用石墨或其他碳...,318,芬兰,20,千克,0,—,5824
68151000,非电气用石墨或其他碳...,321,匈牙利,13,千克,0,—,24332
68151000,非电气用石墨或其他碳...,326,挪威,1,千克,0,—,1281
68151000,非电气用石墨或其他碳...,327,波兰,218,千克,0,—,37755
68151000,非电气用石墨或其他碳...,350,斯洛文尼亚,0,千克,0,—,95
68151000,非电气用石墨或其他碳...,410,巴西,47,千克,0,—,15984
68151000,非电气用石墨或其他碳...,429,墨西哥,223,千克,0,—,33075
68151000,非电气用石墨或其他碳...,501,加拿大,316,千克,0,—,31573
68152000,泥煤制品,326,挪威,9230,千克,0,—,51623
68152000,泥煤制品,501,加拿大,93,千克,0,—,339
68159920,碳纤维,137,土耳其,120,千克,0,—,4390
68159920,碳纤维,305,法国,2642,千克,0,—,72014
68159920,碳纤维,307,意大利,20,千克,0,—,504
68159920,碳纤维,312,西班牙,10972,千克,0,—,328423
68159920,碳纤维,318,芬兰,281,千克,0,—,62653
68159920,碳纤维,429,墨西哥,55000,千克,0,—,785402
68159931,碳布,305,法国,13556,千克,0,—,715596
68159931,碳布,307,意大利,13119,千克,0,—,625951
68159931,碳布,318,芬兰,94490,千克,0,—,2295279
68159931,碳布,321,匈牙利,251558,千克,0,—,6580355
68159931,碳布,429,墨西哥,4,千克,0,—,200
68159932,碳纤维预浸料,305,法国,404,千克,0,—,150562
68159932,碳纤维预浸料,307,意大利,17685,千克,0,—,765750
68159939,其他碳纤维制品,305,法国,118,千克,0,—,19759
68159939,其他碳纤维制品,307,意大利,519,千克,0,—,110967
68159939,其他碳纤维制品,312,西班牙,0,千克,0,—,157
68159939,其他碳纤维制品,315,奥地利,334,千克,0,—,172941
68159939,其他碳纤维制品,318,芬兰,270,千克,0,—,43750
68159939,其他碳纤维制品,321,匈牙利,18116,千克,0,—,253632
68159939,其他碳纤维制品,336,立陶宛,69,千克,0,—,24311
68159939,其他碳纤维制品,340,白俄罗斯,4576,千克,0,—,372488
68159939,其他碳纤维制品,350,斯洛文尼亚,40,千克,0,—,9609
68159939,其他碳纤维制品,429,墨西哥,109586,千克,0,—,1670701
68159939,其他碳纤维制品,501,加拿大,71,千克,0,—,10870
68159940,玄武岩纤维及其制品,307,意大利,130,千克,0,—,4968
68159990,未列名石制品及其他矿...,127,巴基斯坦,365280,千克,0,—,81404
68159990,未列名石制品及其他矿...,129,菲律宾,144,千克,0,—,3468
68159990,未列名石制品及其他矿...,138,阿联酋,1,千克,0,—,120
68159990,未列名石制品及其他矿...,244,南非,0,千克,0,—,25
68159990,未列名石制品及其他矿...,305,法国,97079,千克,0,—,168980
68159990,未列名石制品及其他矿...,307,意大利,1073,千克,0,—,30271
68159990,未列名石制品及其他矿...,309,荷兰,69,千克,0,—,77504
68159990,未列名石制品及其他矿...,312,西班牙,24,千克,0,—,4899
68159990,未列名石制品及其他矿...,315,奥地利,1105,千克,0,—,44608
68159990,未列名石制品及其他矿...,318,芬兰,40,千克,0,—,6001
68159990,未列名石制品及其他矿...,321,匈牙利,50,千克,0,—,425
68159990,未列名石制品及其他矿...,327,波兰,1951,千克,0,—,14921
68159990,未列名石制品及其他矿...,410,巴西,19372,千克,0,—,168538
68159990,未列名石制品及其他矿...,501,加拿大,1,千克,0,—,543
69010000,硅质化石粉等硅土砖、...,301,比利时,310,千克,0,—,1413
69021000,镁、钙或铬单项或合计...,315,奥地利,23846,千克,0,—,192231
69022000,氧化铝或氧化硅等＞5...,301,比利时,563,千克,0,—,5129
69022000,氧化铝或氧化硅等＞5...,305,法国,358181,千克,0,—,1524448
69022000,氧化铝或氧化硅等＞5...,307,意大利,131015,千克,0,—,250953
69022000,氧化铝或氧化硅等＞5...,309,荷兰,104092,千克,0,—,147556
69022000,氧化铝或氧化硅等＞5...,312,西班牙,4582,千克,0,—,11764
69022000,氧化铝或氧化硅等＞5...,315,奥地利,5040,千克,0,—,26975
69022000,氧化铝或氧化硅等＞5...,321,匈牙利,1015,千克,0,—,26364
69029000,其他耐火砖、块、瓦及...,309,荷兰,17429,千克,0,—,63377
69029000,其他耐火砖、块、瓦及...,327,波兰,975686,千克,0,—,5164746
69031000,石墨等形式碳或其混合...,307,意大利,3,千克,0,—,615
69031000,石墨等形式碳或其混合...,309,荷兰,145,千克,0,—,252386
69031000,石墨等形式碳或其混合...,340,白俄罗斯,1164,千克,0,—,73332
69032000,氧化铝或与氧化硅混，...,301,比利时,1159,千克,0,—,9729
69032000,氧化铝或与氧化硅混，...,305,法国,3106,千克,0,—,234714
69032000,氧化铝或与氧化硅混，...,307,意大利,386,千克,0,—,49780
69032000,氧化铝或与氧化硅混，...,315,奥地利,1063,千克,0,—,13542
69032000,氧化铝或与氧化硅混，...,318,芬兰,70,千克,0,—,6289
69032000,氧化铝或与氧化硅混，...,321,匈牙利,17532,千克,0,—,947689
69032000,氧化铝或与氧化硅混，...,327,波兰,1687,千克,0,—,13385
69039000,其他耐火陶瓷制品,129,菲律宾,26,千克,0,—,717
69039000,其他耐火陶瓷制品,305,法国,6313,千克,0,—,126106
69039000,其他耐火陶瓷制品,306,爱尔兰,0,千克,0,—,173
69039000,其他耐火陶瓷制品,307,意大利,4576,千克,0,—,102584
69039000,其他耐火陶瓷制品,315,奥地利,0,千克,0,—,207
69039000,其他耐火陶瓷制品,318,芬兰,0,千克,0,—,4761
69039000,其他耐火陶瓷制品,429,墨西哥,312,千克,0,—,10092
69041000,陶瓷建筑用砖,307,意大利,115,千克,0,千块,989
69049000,陶瓷制铺地砖、支撑或...,305,法国,100,千克,0,—,10268
69049000,陶瓷制铺地砖、支撑或...,307,意大利,20359,千克,0,—,69931
69049000,陶瓷制铺地砖、支撑或...,312,西班牙,32,千克,0,—,1292
69051000,陶瓷制屋顶瓦,305,法国,100,千克,0,—,845
69060000,陶瓷套管、导管、槽管...,137,土耳其,56,千克,0,—,1096
69060000,陶瓷套管、导管、槽管...,307,意大利,55,千克,0,—,2649
69060000,陶瓷套管、导管、槽管...,309,荷兰,0,千克,0,—,243
69060000,陶瓷套管、导管、槽管...,326,挪威,0,千克,0,—,1809
69060000,陶瓷套管、导管、槽管...,501,加拿大,0,千克,0,—,2330
69072190,其他贴面砖、铺面砖，...,305,法国,160,千克,9,平方米,1316
69072190,其他贴面砖、铺面砖，...,307,意大利,5262760,千克,1402235,平方米,9486318
69072190,其他贴面砖、铺面砖，...,309,荷兰,21688,千克,630,平方米,54191
69072190,其他贴面砖、铺面砖，...,312,西班牙,1507950,千克,72757,平方米,1972720
69072210,贴面砖、铺面砖，包括...,307,意大利,1,千克,0,平方米,71
69072290,其他贴面砖、铺面砖，...,137,土耳其,36,千克,4,平方米,70
69072290,其他贴面砖、铺面砖，...,244,南非,64,千克,2,平方米,293
69072290,其他贴面砖、铺面砖，...,307,意大利,43628,千克,2541,平方米,126510
69072290,其他贴面砖、铺面砖，...,312,西班牙,155309,千克,7774,平方米,124096
69072310,贴面砖、铺面砖，包括...,307,意大利,12719,千克,681,平方米,9198
69072390,其他贴面砖、铺面砖，...,307,意大利,108662,千克,5942,平方米,231602
69072390,其他贴面砖、铺面砖，...,309,荷兰,148,千克,16,平方米,1601
69072390,其他贴面砖、铺面砖，...,312,西班牙,91836,千克,6423,平方米,117724
69073010,镶嵌砖（马赛克）及其...,307,意大利,2639,千克,201,平方米,35282
69073090,其他镶嵌砖（马赛克）...,307,意大利,1394,千克,95,平方米,10485
69074090,其他饰面陶瓷,307,意大利,25489,千克,1116,平方米,23000
69074090,其他饰面陶瓷,312,西班牙,69733,千克,3282,平方米,116920
69091100,实验室、化学或其他技...,129,菲律宾,0,千克,0,—,545
69091100,实验室、化学或其他技...,301,比利时,109,千克,0,—,218707
69091100,实验室、化学或其他技...,305,法国,10005,千克,0,—,228421
69091100,实验室、化学或其他技...,307,意大利,90,千克,0,—,2102
69091100,实验室、化学或其他技...,309,荷兰,51,千克,0,—,74813
69091100,实验室、化学或其他技...,315,奥地利,5963,千克,0,—,70297
69091200,莫氏硬度≥9的实验室...,129,菲律宾,0,千克,0,—,209
69091200,莫氏硬度≥9的实验室...,307,意大利,34,千克,0,—,8786
69091200,莫氏硬度≥9的实验室...,309,荷兰,4,千克,0,—,50938
69091200,莫氏硬度≥9的实验室...,315,奥地利,563,千克,0,—,82090
69091200,莫氏硬度≥9的实验室...,318,芬兰,70,千克,0,—,9588
69091200,莫氏硬度≥9的实验室...,321,匈牙利,98088,千克,0,—,3390997
69091200,莫氏硬度≥9的实验室...,327,波兰,600,千克,0,—,73500
69091200,莫氏硬度≥9的实验室...,410,巴西,8907,千克,0,—,54656
69091900,其他实验室、化学或其...,244,南非,50131,千克,0,—,1230907
69091900,其他实验室、化学或其...,301,比利时,2492,千克,0,—,331890
69091900,其他实验室、化学或其...,305,法国,1986,千克,0,—,356834
69091900,其他实验室、化学或其...,307,意大利,2670,千克,0,—,27971
69091900,其他实验室、化学或其...,327,波兰,127902,千克,0,—,3439935
69091900,其他实验室、化学或其...,501,加拿大,1,千克,0,—,27000
69101000,瓷制固定卫生设备,137,土耳其,42870,千克,2520,件,152800
69101000,瓷制固定卫生设备,305,法国,6253,千克,264,件,75833
69101000,瓷制固定卫生设备,307,意大利,24316,千克,1266,件,248535
69101000,瓷制固定卫生设备,309,荷兰,8,千克,2,件,1567
69101000,瓷制固定卫生设备,312,西班牙,2533,千克,168,件,40025
69101000,瓷制固定卫生设备,315,奥地利,4297,千克,378,件,61087
69101000,瓷制固定卫生设备,316,保加利亚,1144,千克,96,件,3068
69101000,瓷制固定卫生设备,318,芬兰,28,千克,4,件,1842
69101000,瓷制固定卫生设备,321,匈牙利,7085,千克,284,件,41219
69101000,瓷制固定卫生设备,326,挪威,587,千克,26,件,58014
69101000,瓷制固定卫生设备,327,波兰,4629,千克,249,件,12609
69101000,瓷制固定卫生设备,410,巴西,32532,千克,1240,件,65018
69101000,瓷制固定卫生设备,429,墨西哥,142,千克,19,件,382
69109000,陶制固定卫生设备,137,土耳其,58980,千克,3179,件,137142
69109000,陶制固定卫生设备,307,意大利,542,千克,23,件,10866
69111011,骨瓷餐具,137,土耳其,1,千克,0,—,20
69111011,骨瓷餐具,307,意大利,3,千克,0,—,48
69111011,骨瓷餐具,314,安道尔,2,千克,0,—,121
69111019,其他瓷制餐具,137,土耳其,8225,千克,0,—,49924
69111019,其他瓷制餐具,138,阿联酋,12526,千克,0,—,49302
69111019,其他瓷制餐具,301,比利时,32,千克,0,—,266
69111019,其他瓷制餐具,305,法国,11125,千克,0,—,1267580
69111019,其他瓷制餐具,307,意大利,3164,千克,0,—,156063
69111019,其他瓷制餐具,309,荷兰,8,千克,0,—,707
69111019,其他瓷制餐具,312,西班牙,305,千克,0,—,9741
69111019,其他瓷制餐具,315,奥地利,0,千克,0,—,8
69111019,其他瓷制餐具,318,芬兰,9,千克,0,—,516
69111019,其他瓷制餐具,321,匈牙利,162,千克,0,—,6706
69111019,其他瓷制餐具,327,波兰,170,千克,0,—,6359
69111021,瓷制厨房刀具,305,法国,2,千克,0,—,408
69111029,瓷制其他厨房器具,138,阿联酋,426,千克,0,—,1848
69111029,瓷制其他厨房器具,305,法国,126,千克,0,—,15594
69111029,瓷制其他厨房器具,306,爱尔兰,2,千克,0,—,21
69111029,瓷制其他厨房器具,307,意大利,141,千克,0,—,2907
69111029,瓷制其他厨房器具,312,西班牙,1,千克,0,—,23
69111029,瓷制其他厨房器具,318,芬兰,110,千克,0,—,1343
69111029,瓷制其他厨房器具,321,匈牙利,5,千克,0,—,573
69111029,瓷制其他厨房器具,327,波兰,2,千克,0,—,129
69119000,其他家用或盥洗用瓷器,137,土耳其,55,千克,0,—,41
69119000,其他家用或盥洗用瓷器,138,阿联酋,22,千克,0,—,406
69119000,其他家用或盥洗用瓷器,305,法国,150,千克,0,—,64607
69119000,其他家用或盥洗用瓷器,307,意大利,176,千克,0,—,22228
69119000,其他家用或盥洗用瓷器,309,荷兰,1322,千克,0,—,30057
69119000,其他家用或盥洗用瓷器,315,奥地利,14,千克,0,—,389
69119000,其他家用或盥洗用瓷器,318,芬兰,17,千克,0,—,1899
69120010,陶餐具,137,土耳其,4490,千克,0,—,34328
69120010,陶餐具,305,法国,5668,千克,0,—,103416
69120010,陶餐具,307,意大利,153,千克,0,—,8743
69120010,陶餐具,309,荷兰,6,千克,0,—,114
69120010,陶餐具,312,西班牙,1118,千克,0,—,1915
69120010,陶餐具,315,奥地利,78,千克,0,—,789
69120010,陶餐具,318,芬兰,14,千克,0,—,203
69120010,陶餐具,327,波兰,3,千克,0,—,191
69120010,陶餐具,410,巴西,3,千克,0,—,27
69120090,陶制厨房器具及其他家...,137,土耳其,9,千克,0,—,77
69120090,陶制厨房器具及其他家...,305,法国,3410,千克,0,—,58102
69120090,陶制厨房器具及其他家...,307,意大利,284,千克,0,—,5548
69120090,陶制厨房器具及其他家...,312,西班牙,1131,千克,0,—,2273
69120090,陶制厨房器具及其他家...,318,芬兰,2,千克,0,—,37
69120090,陶制厨房器具及其他家...,321,匈牙利,0,千克,0,—,199
69120090,陶制厨房器具及其他家...,327,波兰,6,千克,0,—,447
69120090,陶制厨房器具及其他家...,410,巴西,1,千克,0,—,89
69131000,瓷制塑像及其他装饰品,137,土耳其,1461,千克,0,—,11140
69131000,瓷制塑像及其他装饰品,301,比利时,942,千克,0,—,8709
69131000,瓷制塑像及其他装饰品,305,法国,1266,千克,0,—,138077
69131000,瓷制塑像及其他装饰品,307,意大利,1368,千克,0,—,61004
69131000,瓷制塑像及其他装饰品,309,荷兰,194,千克,0,—,2827
69131000,瓷制塑像及其他装饰品,312,西班牙,486,千克,0,—,108143
69131000,瓷制塑像及其他装饰品,315,奥地利,7,千克,0,—,268
69131000,瓷制塑像及其他装饰品,318,芬兰,54,千克,0,—,5493
69131000,瓷制塑像及其他装饰品,429,墨西哥,12,千克,0,—,1395
69131000,瓷制塑像及其他装饰品,501,加拿大,1,千克,0,—,955
69139000,陶制塑像及其他装饰品,301,比利时,64,千克,0,—,2550
69139000,陶制塑像及其他装饰品,305,法国,100,千克,0,—,9846
69139000,陶制塑像及其他装饰品,307,意大利,763,千克,0,—,51404
69139000,陶制塑像及其他装饰品,309,荷兰,11,千克,0,—,262
69139000,陶制塑像及其他装饰品,312,西班牙,72,千克,0,—,4817
69139000,陶制塑像及其他装饰品,327,波兰,1439,千克,0,—,19997
69139000,陶制塑像及其他装饰品,336,立陶宛,6,千克,0,—,877
69139000,陶制塑像及其他装饰品,410,巴西,48,千克,0,—,2733
69141000,未列名瓷制品,301,比利时,173,千克,0,—,866
69141000,未列名瓷制品,305,法国,40,千克,0,—,44815
69141000,未列名瓷制品,307,意大利,444,千克,0,—,8382
69141000,未列名瓷制品,309,荷兰,2,千克,0,—,2528
69141000,未列名瓷制品,312,西班牙,4,千克,0,—,732
69141000,未列名瓷制品,315,奥地利,12,千克,0,—,994
69141000,未列名瓷制品,410,巴西,0,千克,0,—,96
69141000,未列名瓷制品,429,墨西哥,11,千克,0,—,10655
69149000,未列名陶制品,129,菲律宾,49,千克,0,—,116
69149000,未列名陶制品,305,法国,4293,千克,0,—,660833
69149000,未列名陶制品,307,意大利,81,千克,0,—,3710
69149000,未列名陶制品,309,荷兰,19,千克,0,—,6750
69149000,未列名陶制品,312,西班牙,247361,千克,0,—,918655
69149000,未列名陶制品,326,挪威,840,千克,0,—,33048
69149000,未列名陶制品,327,波兰,414,千克,0,—,5353
69149000,未列名陶制品,410,巴西,80,千克,0,—,8088
69149000,未列名陶制品,429,墨西哥,11,千克,0,—,1971
69149000,未列名陶制品,501,加拿大,46,千克,0,—,23603
70010090,碎玻璃及废玻璃;其他...,307,意大利,7,千克,0,—,64
70023110,熔融石英等熔融硅石制...,309,荷兰,33,千克,0,—,1491
70023190,熔融石英等熔融硅石制...,309,荷兰,6995,千克,0,—,57785
70023190,熔融石英等熔融硅石制...,315,奥地利,0,千克,0,—,479
70023190,熔融石英等熔融硅石制...,336,立陶宛,2,千克,0,—,1077
70023190,熔融石英等熔融硅石制...,501,加拿大,0,千克,0,—,443
70023200,其他未加工的耐热玻璃...,307,意大利,276249,千克,0,—,629250
70023900,未列名未加工的玻璃管,307,意大利,140320,千克,0,—,293015
70031200,铸或轧制整块着色等加...,305,法国,469162,千克,48146,平方米,1512600
70031200,铸或轧制整块着色等加...,307,意大利,55230,千克,5523,平方米,33757
70031900,其他铸制或轧制的非夹...,305,法国,108682,千克,7905,平方米,422796
70031900,其他铸制或轧制的非夹...,307,意大利,49,千克,0,平方米,2538
70031900,其他铸制或轧制的非夹...,318,芬兰,11,千克,2,平方米,9870
70049000,其他拉制或吹制的玻璃...,307,意大利,11,千克,2,平方米,560
70049000,其他拉制或吹制的玻璃...,350,斯洛文尼亚,165,千克,16,平方米,4573
70051000,具有吸收或反射层的非...,312,西班牙,43297,千克,3303,平方米,153841
70052100,整块着色、不透明、镶...,305,法国,19360,千克,2004,平方米,25154
70052900,其他非夹丝浮法玻璃板...,138,阿联酋,563085,千克,79816,平方米,136882
70052900,其他非夹丝浮法玻璃板...,301,比利时,252877,千克,49610,平方米,1568686
70052900,其他非夹丝浮法玻璃板...,305,法国,482569,千克,76948,平方米,1348387
70052900,其他非夹丝浮法玻璃板...,307,意大利,2497,千克,291,平方米,712
70052900,其他非夹丝浮法玻璃板...,309,荷兰,10,千克,4,平方米,1103
70052900,其他非夹丝浮法玻璃板...,312,西班牙,218501,千克,11132,平方米,206969
70052900,其他非夹丝浮法玻璃板...,321,匈牙利,7190,千克,308,平方米,21292
70060000,经弯曲、磨边、镂刻等...,137,土耳其,8,千克,0,—,1459
70060000,经弯曲、磨边、镂刻等...,301,比利时,8,千克,0,—,202
70060000,经弯曲、磨边、镂刻等...,307,意大利,604,千克,0,—,22122
70071110,航空器、航天器及船舶...,305,法国,2,千克,0,—,2358
70071110,航空器、航天器及船舶...,307,意大利,118,千克,0,—,59604
70071110,航空器、航天器及船舶...,318,芬兰,40,千克,0,—,1218
70071190,车辆用钢化安全玻璃,137,土耳其,209,千克,0,—,1090
70071190,车辆用钢化安全玻璃,301,比利时,261,千克,0,—,10262
70071190,车辆用钢化安全玻璃,305,法国,179,千克,0,—,2997
70071190,车辆用钢化安全玻璃,306,爱尔兰,6,千克,0,—,128
70071190,车辆用钢化安全玻璃,307,意大利,1064,千克,0,—,32227
70071190,车辆用钢化安全玻璃,309,荷兰,33,千克,0,—,1595
70071190,车辆用钢化安全玻璃,312,西班牙,15230,千克,0,—,135423
70071190,车辆用钢化安全玻璃,316,保加利亚,185,千克,0,—,4674
70071190,车辆用钢化安全玻璃,318,芬兰,1251,千克,0,—,6283
70071190,车辆用钢化安全玻璃,321,匈牙利,1151,千克,0,—,35776
70071190,车辆用钢化安全玻璃,327,波兰,3209,千克,0,—,84156
70071190,车辆用钢化安全玻璃,350,斯洛文尼亚,769,千克,0,—,2029
70071190,车辆用钢化安全玻璃,410,巴西,2,千克,0,—,34
70071190,车辆用钢化安全玻璃,429,墨西哥,1059,千克,0,—,35597
70071900,其他钢化安全玻璃,137,土耳其,14,千克,1,平方米,200
70071900,其他钢化安全玻璃,301,比利时,13,千克,1,平方米,139
70071900,其他钢化安全玻璃,305,法国,3017,千克,289,平方米,60607
70071900,其他钢化安全玻璃,307,意大利,315933,千克,23173,平方米,396857
70071900,其他钢化安全玻璃,315,奥地利,90,千克,3,平方米,1309
70071900,其他钢化安全玻璃,318,芬兰,100,千克,5,平方米,2588
70071900,其他钢化安全玻璃,327,波兰,2277,千克,3,平方米,20731
70071900,其他钢化安全玻璃,429,墨西哥,21,千克,0,平方米,1636
70072110,航空器、航天器及船舶...,305,法国,709,千克,0,—,121373
70072110,航空器、航天器及船舶...,307,意大利,474,千克,0,—,152552
70072110,航空器、航天器及船舶...,309,荷兰,0,千克,0,—,38
70072110,航空器、航天器及船舶...,501,加拿大,119,千克,0,—,194108
70072190,车辆用层压安全玻璃,137,土耳其,476,千克,0,—,494
70072190,车辆用层压安全玻璃,244,南非,54,千克,0,—,3570
70072190,车辆用层压安全玻璃,301,比利时,1112,千克,0,—,17977
70072190,车辆用层压安全玻璃,305,法国,2124,千克,0,—,42077
70072190,车辆用层压安全玻璃,307,意大利,4684,千克,0,—,102416
70072190,车辆用层压安全玻璃,309,荷兰,332,千克,0,—,6982
70072190,车辆用层压安全玻璃,312,西班牙,452,千克,0,—,8443
70072190,车辆用层压安全玻璃,316,保加利亚,64,千克,0,—,981
70072190,车辆用层压安全玻璃,321,匈牙利,4,千克,0,—,684
70072190,车辆用层压安全玻璃,327,波兰,74963,千克,0,—,1415543
70072190,车辆用层压安全玻璃,410,巴西,64,千克,0,—,2683
70072190,车辆用层压安全玻璃,429,墨西哥,7692,千克,0,—,113215
70072190,车辆用层压安全玻璃,501,加拿大,703,千克,0,—,14551
70072900,其他层压安全玻璃,137,土耳其,268,千克,4,平方米,11372
70072900,其他层压安全玻璃,307,意大利,350,千克,9,平方米,11588
70072900,其他层压安全玻璃,312,西班牙,1674,千克,32,平方米,12700
70072900,其他层压安全玻璃,318,芬兰,143,千克,4,平方米,1408
70072900,其他层压安全玻璃,429,墨西哥,60,千克,5,平方米,500
70080010,中空或真空隔温、隔音...,118,科威特,10,千克,0,—,1524
70080010,中空或真空隔温、隔音...,138,阿联酋,188,千克,0,—,1055
70080010,中空或真空隔温、隔音...,312,西班牙,33440,千克,0,—,366489
70091000,车辆后视镜,137,土耳其,7,千克,0,—,50
70091000,车辆后视镜,305,法国,11149,千克,0,—,75755
70091000,车辆后视镜,307,意大利,633,千克,0,—,16908
70091000,车辆后视镜,312,西班牙,12341,千克,0,—,446895
70091000,车辆后视镜,315,奥地利,1,千克,0,—,42
70091000,车辆后视镜,316,保加利亚,11,千克,0,—,624
70091000,车辆后视镜,321,匈牙利,50808,千克,0,—,4616523
70091000,车辆后视镜,429,墨西哥,445,千克,0,—,23630
70099100,未镶框玻璃镜,301,比利时,0,千克,0,—,23
70099100,未镶框玻璃镜,305,法国,8,千克,0,—,600
70099100,未镶框玻璃镜,307,意大利,642,千克,0,—,22744
70099100,未镶框玻璃镜,312,西班牙,20,千克,0,—,3413
70099100,未镶框玻璃镜,315,奥地利,135,千克,0,—,6702
70099100,未镶框玻璃镜,321,匈牙利,12,千克,0,—,5954
70099100,未镶框玻璃镜,327,波兰,345,千克,0,—,4470
70099100,未镶框玻璃镜,429,墨西哥,7,千克,0,—,1633
70099200,已镶框玻璃镜,129,菲律宾,1,千克,0,—,16
70099200,已镶框玻璃镜,137,土耳其,1648,千克,0,—,10023
70099200,已镶框玻璃镜,301,比利时,46,千克,0,—,7653
70099200,已镶框玻璃镜,305,法国,1362,千克,0,—,46427
70099200,已镶框玻璃镜,307,意大利,10583,千克,0,—,463109
70099200,已镶框玻璃镜,309,荷兰,91,千克,0,—,1806
70099200,已镶框玻璃镜,312,西班牙,1,千克,0,—,40
70099200,已镶框玻璃镜,321,匈牙利,2,千克,0,—,496
70099200,已镶框玻璃镜,327,波兰,18265,千克,0,—,1405303
70101000,玻璃制安瓿,305,法国,6162,千克,0,—,6992
70101000,玻璃制安瓿,429,墨西哥,8,千克,0,—,472
70101000,玻璃制安瓿,501,加拿大,0,千克,0,—,350
70102000,玻璃塞、盖及类似的封...,301,比利时,2,千克,0,—,123
70102000,玻璃塞、盖及类似的封...,305,法国,36,千克,0,—,21123
70109010,玻璃制坛、瓶、缸、罐...,305,法国,4310,千克,0,—,9770
70109010,玻璃制坛、瓶、缸、罐...,307,意大利,1174,千克,0,—,6084
70109010,玻璃制坛、瓶、缸、罐...,312,西班牙,122,千克,0,—,50
70109010,玻璃制坛、瓶、缸、罐...,327,波兰,150,千克,0,—,2955
70109020,玻璃制坛、瓶、缸等容...,305,法国,33336,千克,0,—,63293
70109020,玻璃制坛、瓶、缸等容...,307,意大利,72,千克,0,—,287
70109020,玻璃制坛、瓶、缸等容...,318,芬兰,1,千克,0,—,34
70109020,玻璃制坛、瓶、缸等容...,321,匈牙利,7,千克,0,—,1068
70109020,玻璃制坛、瓶、缸等容...,327,波兰,28,千克,0,—,806
70109030,玻璃制坛、瓶、缸等容...,305,法国,24407,千克,0,—,35318
70109030,玻璃制坛、瓶、缸等容...,307,意大利,27967,千克,0,—,36380
70109030,玻璃制坛、瓶、缸等容...,312,西班牙,2,千克,0,—,88
70109030,玻璃制坛、瓶、缸等容...,410,巴西,5535,千克,0,—,25293
70109030,玻璃制坛、瓶、缸等容...,501,加拿大,2,千克,0,—,59
70109090,玻璃制坛、瓶、缸等容...,127,巴基斯坦,370,千克,0,—,1591
70109090,玻璃制坛、瓶、缸等容...,137,土耳其,4,千克,0,—,162
70109090,玻璃制坛、瓶、缸等容...,305,法国,18664,千克,0,—,329377
70109090,玻璃制坛、瓶、缸等容...,307,意大利,223345,千克,0,—,1452805
70109090,玻璃制坛、瓶、缸等容...,312,西班牙,3342,千克,0,—,57817
70109090,玻璃制坛、瓶、缸等容...,315,奥地利,6503,千克,0,—,16254
70109090,玻璃制坛、瓶、缸等容...,321,匈牙利,52630,千克,0,—,836420
70109090,玻璃制坛、瓶、缸等容...,327,波兰,1823,千克,0,—,5710
70109090,玻璃制坛、瓶、缸等容...,429,墨西哥,555,千克,0,—,7233
70109090,玻璃制坛、瓶、缸等容...,501,加拿大,5,千克,0,—,342
70111000,制电灯泡用未封口玻璃...,309,荷兰,5563,千克,0,—,227889
70111000,制电灯泡用未封口玻璃...,501,加拿大,12,千克,0,—,91
70119090,未列名未封口玻璃外壳...,501,加拿大,2,千克,0,—,209
70131000,玻璃陶瓷器皿,301,比利时,153,千克,0,—,2697
70131000,玻璃陶瓷器皿,305,法国,140,千克,0,—,34650
70131000,玻璃陶瓷器皿,307,意大利,368,千克,0,—,65449
70131000,玻璃陶瓷器皿,312,西班牙,6,千克,0,—,216
70131000,玻璃陶瓷器皿,316,保加利亚,446,千克,0,—,932
70131000,玻璃陶瓷器皿,327,波兰,20,千克,0,—,770
70131000,玻璃陶瓷器皿,501,加拿大,3,千克,0,—,549
70132200,铅晶质玻璃高脚杯,137,土耳其,4,千克,0,—,837
70132200,铅晶质玻璃高脚杯,301,比利时,12,千克,0,—,2303
70132200,铅晶质玻璃高脚杯,305,法国,823,千克,0,—,104235
70132200,铅晶质玻璃高脚杯,307,意大利,8,千克,0,—,1183
70132200,铅晶质玻璃高脚杯,309,荷兰,312,千克,0,—,2
70132200,铅晶质玻璃高脚杯,312,西班牙,20,千克,0,—,175
70132200,铅晶质玻璃高脚杯,315,奥地利,2,千克,0,—,1210
70132200,铅晶质玻璃高脚杯,321,匈牙利,1,千克,0,—,88
70132200,铅晶质玻璃高脚杯,350,斯洛文尼亚,43,千克,0,—,859
70132800,其他玻璃高脚杯,137,土耳其,7293,千克,0,—,19209
70132800,其他玻璃高脚杯,301,比利时,3154,千克,0,—,10594
70132800,其他玻璃高脚杯,305,法国,75092,千克,0,—,432471
70132800,其他玻璃高脚杯,307,意大利,44485,千克,0,—,266405
70132800,其他玻璃高脚杯,309,荷兰,298,千克,0,—,5649
70132800,其他玻璃高脚杯,315,奥地利,557,千克,0,—,112941
70132800,其他玻璃高脚杯,316,保加利亚,6976,千克,0,—,27731
70132800,其他玻璃高脚杯,318,芬兰,40,千克,0,—,537
70132800,其他玻璃高脚杯,321,匈牙利,106,千克,0,—,14708
70132800,其他玻璃高脚杯,327,波兰,9110,千克,0,—,112444
70132800,其他玻璃高脚杯,350,斯洛文尼亚,287,千克,0,—,18412
70132800,其他玻璃高脚杯,429,墨西哥,3,千克,0,—,160
70133300,其他铅晶质玻璃杯,137,土耳其,455,千克,0,—,3913
70133300,其他铅晶质玻璃杯,305,法国,2124,千克,0,—,160910
70133300,其他铅晶质玻璃杯,306,爱尔兰,147,千克,0,—,7163
70133300,其他铅晶质玻璃杯,307,意大利,0,千克,0,—,64
70133300,其他铅晶质玻璃杯,312,西班牙,235,千克,0,—,833
70133300,其他铅晶质玻璃杯,316,保加利亚,1,千克,0,—,20
70133300,其他铅晶质玻璃杯,321,匈牙利,2,千克,0,—,720
70133300,其他铅晶质玻璃杯,327,波兰,6,千克,0,—,297
70133300,其他铅晶质玻璃杯,350,斯洛文尼亚,48,千克,0,—,1227
70133700,其他玻璃杯,137,土耳其,77675,千克,0,—,95486
70133700,其他玻璃杯,301,比利时,781,千克,0,—,428
70133700,其他玻璃杯,305,法国,63212,千克,0,—,248980
70133700,其他玻璃杯,307,意大利,63712,千克,0,—,184832
70133700,其他玻璃杯,309,荷兰,0,千克,0,—,7
70133700,其他玻璃杯,312,西班牙,3512,千克,0,—,20045
70133700,其他玻璃杯,315,奥地利,138,千克,0,—,23008
70133700,其他玻璃杯,316,保加利亚,114926,千克,0,—,119405
70133700,其他玻璃杯,318,芬兰,2789,千克,0,—,52346
70133700,其他玻璃杯,321,匈牙利,156,千克,0,—,4095
70133700,其他玻璃杯,327,波兰,11369,千克,0,—,173700
70133700,其他玻璃杯,336,立陶宛,123,千克,0,—,327
70133700,其他玻璃杯,350,斯洛文尼亚,1856,千克,0,—,53959
70133700,其他玻璃杯,410,巴西,20,千克,0,—,820
70133700,其他玻璃杯,429,墨西哥,11,千克,0,—,291
70134100,铅晶质玻璃制餐桌或厨...,137,土耳其,62,千克,0,—,1791
70134100,铅晶质玻璃制餐桌或厨...,305,法国,483,千克,0,—,96216
70134100,铅晶质玻璃制餐桌或厨...,306,爱尔兰,4,千克,0,—,659
70134100,铅晶质玻璃制餐桌或厨...,307,意大利,1,千克,0,—,280
70134100,铅晶质玻璃制餐桌或厨...,340,白俄罗斯,978,千克,0,—,9399
70134100,铅晶质玻璃制餐桌或厨...,350,斯洛文尼亚,86,千克,0,—,1844
70134200,其他餐桌或厨房用耐热...,137,土耳其,2,千克,0,—,68
70134200,其他餐桌或厨房用耐热...,305,法国,872,千克,0,—,8598
70134200,其他餐桌或厨房用耐热...,307,意大利,364,千克,0,—,12939
70134200,其他餐桌或厨房用耐热...,312,西班牙,25,千克,0,—,3213
70134200,其他餐桌或厨房用耐热...,318,芬兰,516,千克,0,—,2962
70134200,其他餐桌或厨房用耐热...,321,匈牙利,240,千克,0,—,6686
70134200,其他餐桌或厨房用耐热...,410,巴西,37,千克,0,—,1379
70134900,其他餐桌或厨房用玻璃...,137,土耳其,12662,千克,0,—,36413
70134900,其他餐桌或厨房用玻璃...,301,比利时,0,千克,0,—,18
70134900,其他餐桌或厨房用玻璃...,305,法国,60651,千克,0,—,113647
70134900,其他餐桌或厨房用玻璃...,307,意大利,11870,千克,0,—,61540
70134900,其他餐桌或厨房用玻璃...,309,荷兰,1,千克,0,—,8
70134900,其他餐桌或厨房用玻璃...,312,西班牙,430,千克,0,—,3302
70134900,其他餐桌或厨房用玻璃...,315,奥地利,280,千克,0,—,43684
70134900,其他餐桌或厨房用玻璃...,316,保加利亚,270,千克,0,—,838
70134900,其他餐桌或厨房用玻璃...,318,芬兰,3520,千克,0,—,52237
70134900,其他餐桌或厨房用玻璃...,321,匈牙利,4,千克,0,—,93
70134900,其他餐桌或厨房用玻璃...,327,波兰,6290,千克,0,—,77394
70134900,其他餐桌或厨房用玻璃...,350,斯洛文尼亚,402,千克,0,—,17187
70134900,其他餐桌或厨房用玻璃...,429,墨西哥,35123,千克,0,—,119396
70139100,铅晶质玻璃盥洗室、办...,137,土耳其,318,千克,0,—,3419
70139100,铅晶质玻璃盥洗室、办...,305,法国,1450,千克,0,—,196899
70139100,铅晶质玻璃盥洗室、办...,306,爱尔兰,7,千克,0,—,326
70139100,铅晶质玻璃盥洗室、办...,307,意大利,1542,千克,0,—,86057
70139100,铅晶质玻璃盥洗室、办...,315,奥地利,207,千克,0,—,59280
70139100,铅晶质玻璃盥洗室、办...,327,波兰,48,千克,0,—,752
70139100,铅晶质玻璃盥洗室、办...,340,白俄罗斯,7364,千克,0,—,69518
70139100,铅晶质玻璃盥洗室、办...,350,斯洛文尼亚,57,千克,0,—,3161
70139900,其他玻璃盥洗室、办公...,137,土耳其,1538,千克,0,—,13955
70139900,其他玻璃盥洗室、办公...,301,比利时,900,千克,0,—,3074
70139900,其他玻璃盥洗室、办公...,305,法国,3576,千克,0,—,74863
70139900,其他玻璃盥洗室、办公...,307,意大利,5522,千克,0,—,115982
70139900,其他玻璃盥洗室、办公...,309,荷兰,1022,千克,0,—,28787
70139900,其他玻璃盥洗室、办公...,312,西班牙,89,千克,0,—,1231
70139900,其他玻璃盥洗室、办公...,315,奥地利,1,千克,0,—,217
70139900,其他玻璃盥洗室、办公...,316,保加利亚,954,千克,0,—,2944
70139900,其他玻璃盥洗室、办公...,318,芬兰,359,千克,0,—,18637
70139900,其他玻璃盥洗室、办公...,327,波兰,16427,千克,0,—,136748
70139900,其他玻璃盥洗室、办公...,350,斯洛文尼亚,576,千克,0,—,23601
70139900,其他玻璃盥洗室、办公...,410,巴西,2,千克,0,—,151
70139900,其他玻璃盥洗室、办公...,501,加拿大,7,千克,0,—,386
70140010,光学仪器用未经光学加...,129,菲律宾,24,千克,0,—,813
70140010,光学仪器用未经光学加...,305,法国,200,千克,0,—,997
70140090,未经光学加工的信号玻...,305,法国,115261,千克,0,—,204174
70140090,未经光学加工的信号玻...,312,西班牙,0,千克,0,—,12
70151010,视力矫正眼镜用变色镜...,321,匈牙利,32,千克,0,—,8381
70159010,钟表玻璃,129,菲律宾,1309,千克,0,—,183527
70159090,未列名未经光学加工呈...,305,法国,1515,千克,0,—,28248
70161000,供镶嵌装饰等用的玻璃...,307,意大利,1490,千克,0,—,22780
70161000,供镶嵌装饰等用的玻璃...,312,西班牙,1554,千克,0,—,5894
70169010,花饰铅条窗玻璃及类似...,307,意大利,1,千克,0,—,8
70169090,未列名建筑铺面用及多...,301,比利时,28,千克,0,—,504
70171000,熔融石英等熔融硅石制...,305,法国,15,千克,0,—,2535
70171000,熔融石英等熔融硅石制...,307,意大利,0,千克,0,—,635
70171000,熔融石英等熔融硅石制...,309,荷兰,32,千克,0,—,11133
70172000,其他实验室、卫生及配...,137,土耳其,20,千克,0,—,992
70172000,其他实验室、卫生及配...,307,意大利,164,千克,0,—,2732
70172000,其他实验室、卫生及配...,309,荷兰,1,千克,0,—,2751
70172000,其他实验室、卫生及配...,318,芬兰,0,千克,0,—,728
70172000,其他实验室、卫生及配...,321,匈牙利,4,千克,0,—,171
70172000,其他实验室、卫生及配...,327,波兰,6,千克,0,—,1545
70172000,其他实验室、卫生及配...,429,墨西哥,1403,千克,0,—,24541
70179000,其他实验室、卫生及配...,129,菲律宾,126,千克,0,—,11228
70179000,其他实验室、卫生及配...,137,土耳其,4,千克,0,—,252
70179000,其他实验室、卫生及配...,301,比利时,1,千克,0,—,656
70179000,其他实验室、卫生及配...,305,法国,8,千克,0,—,3811
70179000,其他实验室、卫生及配...,306,爱尔兰,3,千克,0,—,1265
70179000,其他实验室、卫生及配...,309,荷兰,392,千克,0,—,84435
70179000,其他实验室、卫生及配...,312,西班牙,80,千克,0,—,20682
70179000,其他实验室、卫生及配...,318,芬兰,0,千克,0,—,35
70179000,其他实验室、卫生及配...,321,匈牙利,4,千克,0,—,1492
70179000,其他实验室、卫生及配...,327,波兰,11,千克,0,—,233
70179000,其他实验室、卫生及配...,415,哥斯达黎加,7,千克,0,—,969
70179000,其他实验室、卫生及配...,429,墨西哥,168,千克,0,—,19438
70179000,其他实验室、卫生及配...,501,加拿大,203,千克,0,—,13860
70179000,其他实验室、卫生及配...,699,大洋洲其他国家(地区),0,千克,0,—,86
70181000,玻璃珠、仿珍珠、仿宝...,138,阿联酋,43,千克,0,—,903
70181000,玻璃珠、仿珍珠、仿宝...,305,法国,12,千克,0,—,13895
70181000,玻璃珠、仿珍珠、仿宝...,307,意大利,14,千克,0,—,38657
70181000,玻璃珠、仿珍珠、仿宝...,315,奥地利,5384,千克,0,—,2821309
70182000,直径≤1mm的玻璃珠,301,比利时,89000,千克,0,—,91249
70182000,直径≤1mm的玻璃珠,305,法国,53750,千克,0,—,108278
70182000,直径≤1mm的玻璃珠,312,西班牙,236000,千克,0,—,222418
70182000,直径≤1mm的玻璃珠,315,奥地利,20305,千克,0,—,107138
70189000,玻璃眼；灯工方法制作...,305,法国,5,千克,0,—,1711
70189000,玻璃眼；灯工方法制作...,307,意大利,571,千克,0,—,52476
70189000,玻璃眼；灯工方法制作...,315,奥地利,4,千克,0,—,2383
70189000,玻璃眼；灯工方法制作...,318,芬兰,5,千克,0,—,221
70189000,玻璃眼；灯工方法制作...,350,斯洛文尼亚,0,千克,0,—,7879
70191100,长度≤50mm的短切...,301,比利时,337200,千克,0,—,542407
70191100,长度≤50mm的短切...,305,法国,0,千克,0,—,912
70191100,长度≤50mm的短切...,307,意大利,300,千克,0,—,2139
70191100,长度≤50mm的短切...,309,荷兰,7375,千克,0,—,14367
70191100,长度≤50mm的短切...,340,白俄罗斯,500,千克,0,—,9343
70191200,玻璃纤维粗纱,307,意大利,2399,千克,0,—,17152
70191200,玻璃纤维粗纱,327,波兰,3963,千克,0,—,22121
70191900,其他玻璃纤维,305,法国,4983,千克,0,—,66608
70191900,其他玻璃纤维,315,奥地利,136,千克,0,—,1586
70191900,其他玻璃纤维,340,白俄罗斯,8727,千克,0,—,63948
70191900,其他玻璃纤维,501,加拿大,4675,千克,0,—,58195
70193100,玻璃纤维制席,307,意大利,118,千克,0,—,3394
70193200,玻璃纤维制薄片（巴厘...,307,意大利,57543,千克,0,—,281153
70193200,玻璃纤维制薄片（巴厘...,315,奥地利,3111,千克,0,—,50760
70193200,玻璃纤维制薄片（巴厘...,318,芬兰,199,千克,0,—,6926
70193910,玻璃纤维制纤维垫,137,土耳其,42,千克,0,—,1698
70193910,玻璃纤维制纤维垫,301,比利时,3,千克,0,—,168
70193910,玻璃纤维制纤维垫,305,法国,172,千克,0,—,7499
70193910,玻璃纤维制纤维垫,309,荷兰,15336,千克,0,—,42165
70193910,玻璃纤维制纤维垫,312,西班牙,27,千克,0,—,2544
70193910,玻璃纤维制纤维垫,318,芬兰,3,千克,0,—,435
70193910,玻璃纤维制纤维垫,410,巴西,90,千克,0,—,996
70193910,玻璃纤维制纤维垫,429,墨西哥,725,千克,0,—,40990
70193990,未列名玻璃纤维制纤维...,137,土耳其,125069,千克,0,—,125069
70193990,未列名玻璃纤维制纤维...,301,比利时,19326,千克,0,—,46235
70193990,未列名玻璃纤维制纤维...,305,法国,20590,千克,0,—,871021
70193990,未列名玻璃纤维制纤维...,306,爱尔兰,7,千克,0,—,2644
70193990,未列名玻璃纤维制纤维...,307,意大利,5857,千克,0,—,107286
70193990,未列名玻璃纤维制纤维...,309,荷兰,12808,千克,0,—,72765
70193990,未列名玻璃纤维制纤维...,312,西班牙,2620,千克,0,—,47306
70193990,未列名玻璃纤维制纤维...,318,芬兰,24357,千克,0,—,204248
70193990,未列名玻璃纤维制纤维...,321,匈牙利,3744,千克,0,—,29036
70193990,未列名玻璃纤维制纤维...,327,波兰,3312,千克,0,—,20595
70193990,未列名玻璃纤维制纤维...,501,加拿大,75,千克,0,—,549
70194000,玻璃纤维粗纱机织物,301,比利时,12,千克,0,—,2022
70194000,玻璃纤维粗纱机织物,305,法国,6336,千克,0,—,100159
70194000,玻璃纤维粗纱机织物,306,爱尔兰,262,千克,0,—,15828
70194000,玻璃纤维粗纱机织物,309,荷兰,1883,千克,0,—,29106
70194000,玻璃纤维粗纱机织物,312,西班牙,368,千克,0,—,5726
70194000,玻璃纤维粗纱机织物,318,芬兰,287,千克,0,—,18333
70194000,玻璃纤维粗纱机织物,429,墨西哥,100,千克,0,—,2888
70195100,宽度≤30cm的玻璃...,301,比利时,16,千克,0,—,5898
70195100,宽度≤30cm的玻璃...,305,法国,320,千克,0,—,10769
70195100,宽度≤30cm的玻璃...,306,爱尔兰,203,千克,0,—,41278
70195100,宽度≤30cm的玻璃...,307,意大利,52,千克,0,—,5842
70195100,宽度≤30cm的玻璃...,315,奥地利,8474,千克,0,—,214632
70195100,宽度≤30cm的玻璃...,429,墨西哥,22,千克,0,—,7690
70195200,＞30cm玻纤长丝平...,315,奥地利,625,千克,0,—,39299
70195900,其他玻璃纤维制机织物,305,法国,287,千克,0,—,34196
70195900,其他玻璃纤维制机织物,307,意大利,118,千克,0,—,6820
70195900,其他玻璃纤维制机织物,309,荷兰,53,千克,0,—,4515
70195900,其他玻璃纤维制机织物,312,西班牙,288,千克,0,—,4532
70195900,其他玻璃纤维制机织物,315,奥地利,134,千克,0,—,61458
70195900,其他玻璃纤维制机织物,318,芬兰,11,千克,0,—,1711
70195900,其他玻璃纤维制机织物,429,墨西哥,0,千克,0,—,2887
70195900,其他玻璃纤维制机织物,501,加拿大,929,千克,0,—,13613
70199010,玻璃棉及其制品,118,科威特,15206,千克,0,—,12468
70199010,玻璃棉及其制品,301,比利时,0,千克,0,—,1078
70199010,玻璃棉及其制品,305,法国,23,千克,0,—,67755
70199010,玻璃棉及其制品,307,意大利,60,千克,0,—,5354
70199010,玻璃棉及其制品,309,荷兰,216,千克,0,—,2792
70199010,玻璃棉及其制品,315,奥地利,1,千克,0,—,79
70199010,玻璃棉及其制品,429,墨西哥,1606,千克,0,—,2910
70199010,玻璃棉及其制品,501,加拿大,0,千克,0,—,355
70199021,玻璃纤维布浸胶制品，...,306,爱尔兰,118,千克,0,—,5381
70199021,玻璃纤维布浸胶制品，...,307,意大利,721,千克,0,—,40533
70199029,玻璃纤维布浸胶制品，...,305,法国,126,千克,0,—,6549
70199029,玻璃纤维布浸胶制品，...,306,爱尔兰,0,千克,0,—,167
70199029,玻璃纤维布浸胶制品，...,307,意大利,60,千克,0,—,2748
70199029,玻璃纤维布浸胶制品，...,327,波兰,3,千克,0,—,765
70199029,玻璃纤维布浸胶制品，...,501,加拿大,4608,千克,0,—,310104
70199090,未列名玻璃纤维制品,137,土耳其,1267,千克,0,—,53951
70199090,未列名玻璃纤维制品,301,比利时,623,千克,0,—,7606
70199090,未列名玻璃纤维制品,305,法国,808,千克,0,—,101019
70199090,未列名玻璃纤维制品,307,意大利,3003,千克,0,—,81786
70199090,未列名玻璃纤维制品,309,荷兰,471,千克,0,—,12564
70199090,未列名玻璃纤维制品,312,西班牙,328,千克,0,—,14490
70199090,未列名玻璃纤维制品,315,奥地利,497,千克,0,—,51292
70199090,未列名玻璃纤维制品,318,芬兰,552,千克,0,—,37489
70199090,未列名玻璃纤维制品,321,匈牙利,2587,千克,0,—,40098
70199090,未列名玻璃纤维制品,326,挪威,82,千克,0,—,4439
70199090,未列名玻璃纤维制品,327,波兰,48,千克,0,—,582
70199090,未列名玻璃纤维制品,410,巴西,70,千克,0,—,245
70199090,未列名玻璃纤维制品,429,墨西哥,10797,千克,0,—,117097
70199090,未列名玻璃纤维制品,501,加拿大,24,千克,0,—,922
70200011,工业用导电玻璃,315,奥地利,4,千克,0,—,1406
70200013,工业用熔融石英或其他...,305,法国,2,千克,0,—,6947
70200013,工业用熔融石英或其他...,307,意大利,305,千克,0,—,6556
70200013,工业用熔融石英或其他...,309,荷兰,100,千克,0,—,82203
70200013,工业用熔融石英或其他...,315,奥地利,0,千克,0,—,4752
70200013,工业用熔融石英或其他...,321,匈牙利,0,千克,0,—,452
70200019,其他工业用玻璃制品,301,比利时,841,千克,0,—,26285
70200019,其他工业用玻璃制品,305,法国,31,千克,0,—,4725
70200019,其他工业用玻璃制品,306,爱尔兰,41,千克,0,—,5251
70200019,其他工业用玻璃制品,307,意大利,395817,千克,0,—,477744
70200019,其他工业用玻璃制品,309,荷兰,96,千克,0,—,44788
70200019,其他工业用玻璃制品,312,西班牙,19,千克,0,—,1252
70200019,其他工业用玻璃制品,315,奥地利,36,千克,0,—,5202
70200019,其他工业用玻璃制品,316,保加利亚,1,千克,0,—,274
70200019,其他工业用玻璃制品,318,芬兰,29,千克,0,—,7113
70200019,其他工业用玻璃制品,321,匈牙利,2590,千克,0,—,502149
70200019,其他工业用玻璃制品,327,波兰,35,千克,0,—,3181
70200019,其他工业用玻璃制品,336,立陶宛,45,千克,0,—,24341
70200019,其他工业用玻璃制品,350,斯洛文尼亚,2,千克,0,—,73
70200019,其他工业用玻璃制品,429,墨西哥,1477,千克,0,—,167569
70200019,其他工业用玻璃制品,501,加拿大,8,千克,0,—,2031
70200099,其他非工业用玻璃制品,127,巴基斯坦,11,千克,0,—,90
70200099,其他非工业用玻璃制品,137,土耳其,15,千克,0,—,58
70200099,其他非工业用玻璃制品,138,阿联酋,1,千克,0,—,218
70200099,其他非工业用玻璃制品,301,比利时,11,千克,0,—,1910
70200099,其他非工业用玻璃制品,305,法国,926,千克,0,—,84375
70200099,其他非工业用玻璃制品,307,意大利,13323,千克,0,—,278923
70200099,其他非工业用玻璃制品,309,荷兰,3,千克,0,—,5562
70200099,其他非工业用玻璃制品,312,西班牙,20,千克,0,—,538
70200099,其他非工业用玻璃制品,315,奥地利,3283,千克,0,—,31034
70200099,其他非工业用玻璃制品,318,芬兰,1,千克,0,—,1676
70200099,其他非工业用玻璃制品,327,波兰,75,千克,0,—,1496
70200099,其他非工业用玻璃制品,350,斯洛文尼亚,84,千克,0,—,3635
70200099,其他非工业用玻璃制品,429,墨西哥,3,千克,0,—,86
70200099,其他非工业用玻璃制品,501,加拿大,80,千克,0,—,30746
71012210,未分级已加工养殖珍珠,244,南非,2,千克,0,—,10244
71012210,未分级已加工养殖珍珠,305,法国,1864,千克,0,—,2588669
71012290,其他已加工养殖珍珠,244,南非,0,千克,0,—,7452
71021000,未分级钻石,410,巴西,446,克拉,0,—,82000
71022100,未加工或经简单锯开、...,244,南非,80401,克拉,0,—,512906
71022100,未加工或经简单锯开、...,501,加拿大,10716,克拉,0,—,460822
71022900,其他工业用钻石,244,南非,14,克拉,0,—,1732
71022900,其他工业用钻石,301,比利时,147,克拉,0,—,45333
71022900,其他工业用钻石,306,爱尔兰,15500,克拉,0,—,24100
71023100,未加工或简单锯开、劈...,244,南非,61613,克拉,0,—,22302053
71023100,未加工或简单锯开、劈...,301,比利时,10923,克拉,0,—,2261195
71023100,未加工或简单锯开、劈...,501,加拿大,2146,克拉,0,—,752173
71023900,其他非工业用钻石,244,南非,458238,克拉,0,—,360419039
71023900,其他非工业用钻石,301,比利时,214792,克拉,0,—,153266069
71023900,其他非工业用钻石,305,法国,620,克拉,0,—,334483
71023900,其他非工业用钻石,501,加拿大,46,克拉,0,—,223192
71031000,未加工或仅简单锯开或...,124,蒙古,20000,千克,0,—,157030
71031000,未加工或仅简单锯开或...,127,巴基斯坦,633760,千克,0,—,266844
71031000,未加工或仅简单锯开或...,137,土耳其,20000,千克,0,—,14000
71031000,未加工或仅简单锯开或...,227,马达加斯加,1496440,千克,0,—,766184
71031000,未加工或仅简单锯开或...,233,莫桑比克,279911,千克,0,—,116131
71031000,未加工或仅简单锯开或...,244,南非,1887053,千克,0,—,843048
71031000,未加工或仅简单锯开或...,252,刚果民主共和国,600,千克,0,—,10342
71031000,未加工或仅简单锯开或...,254,津巴布韦,30488,千克,0,—,117874
71031000,未加工或仅简单锯开或...,307,意大利,30220,千克,0,—,37703
71031000,未加工或仅简单锯开或...,312,西班牙,0,千克,0,—,4538
71031000,未加工或仅简单锯开或...,326,挪威,3523,千克,0,—,2379
71031000,未加工或仅简单锯开或...,410,巴西,1851406,千克,0,—,1194889
71031000,未加工或仅简单锯开或...,429,墨西哥,386433,千克,0,—,127217
71031000,未加工或仅简单锯开或...,444,乌拉圭,919063,千克,0,—,384235
71031000,未加工或仅简单锯开或...,501,加拿大,102,千克,0,—,2104
71039100,经其他加工的红宝石、...,129,菲律宾,631,克拉,0,—,334190
71039100,经其他加工的红宝石、...,227,马达加斯加,642,克拉,0,—,122195
71039100,经其他加工的红宝石、...,233,莫桑比克,2365,克拉,0,—,451248
71039100,经其他加工的红宝石、...,244,南非,21091,克拉,0,—,376515
71039100,经其他加工的红宝石、...,301,比利时,253,克拉,0,—,4043
71039100,经其他加工的红宝石、...,305,法国,7,克拉,0,—,4833
71039100,经其他加工的红宝石、...,315,奥地利,153,克拉,0,—,2442
71039100,经其他加工的红宝石、...,410,巴西,40172,克拉,0,—,752380
71039100,经其他加工的红宝石、...,501,加拿大,22,克拉,0,—,23
71039910,经其他加工的翡翠,244,南非,3104,克拉,0,—,40117
71039920,经其他加工的水晶,129,菲律宾,293,克拉,0,—,1466
71039920,经其他加工的水晶,227,马达加斯加,47700000,克拉,0,—,5237
71039920,经其他加工的水晶,244,南非,11015,克拉,0,—,67234
71039920,经其他加工的水晶,305,法国,38,克拉,0,—,33
71039920,经其他加工的水晶,410,巴西,15208583,克拉,0,—,16719
71039920,经其他加工的水晶,444,乌拉圭,48360000,克拉,0,—,10155
71039930,经其他加工的碧玺,129,菲律宾,25,克拉,0,—,5024
71039930,经其他加工的碧玺,244,南非,785,克拉,0,—,20886
71039930,经其他加工的碧玺,410,巴西,1349,克拉,0,—,181936
71039930,经其他加工的碧玺,501,加拿大,25,克拉,0,—,797
71039940,经其他加工的软玉,244,南非,64,克拉,0,—,508
71039940,经其他加工的软玉,501,加拿大,220,克拉,0,—,220
71039990,经其他加工的未列名宝...,129,菲律宾,2856,克拉,0,—,371340
71039990,经其他加工的未列名宝...,211,乍得,95,克拉,0,—,23
71039990,经其他加工的未列名宝...,224,肯尼亚,135,克拉,0,—,3125
71039990,经其他加工的未列名宝...,227,马达加斯加,271750375,克拉,0,—,53047
71039990,经其他加工的未列名宝...,233,莫桑比克,128,克拉,0,—,5555
71039990,经其他加工的未列名宝...,244,南非,205169,克拉,0,—,2161898
71039990,经其他加工的未列名宝...,301,比利时,4,克拉,0,—,13
71039990,经其他加工的未列名宝...,305,法国,129,克拉,0,—,1520
71039990,经其他加工的未列名宝...,315,奥地利,264,克拉,0,—,1577
71039990,经其他加工的未列名宝...,410,巴西,4842652,克拉,0,—,152414
71039990,经其他加工的未列名宝...,429,墨西哥,37509,克拉,0,—,85864
71039990,经其他加工的未列名宝...,444,乌拉圭,1,克拉,0,—,1
71039990,经其他加工的未列名宝...,501,加拿大,208004,克拉,0,—,104058
71041000,压电石英,129,菲律宾,54545,克,0,—,198357
71041000,压电石英,307,意大利,3500,克,0,—,12122
71042010,合成或再造钻石，未加...,301,比利时,41,克,0,—,1644
71042090,其他合成再造宝石半宝...,301,比利时,6458,克,0,—,1291
71042090,其他合成再造宝石半宝...,315,奥地利,50140,克,0,—,973
71049011,经其他加工的工业用合...,305,法国,16400,克,0,—,82005
71049011,经其他加工的工业用合...,306,爱尔兰,26154,克,0,—,246983
71049019,经其他加工工业用合成...,315,奥地利,300,克,0,—,154
71049091,经其他加工的非工业用...,138,阿联酋,380,克,0,—,37978
71049091,经其他加工的非工业用...,244,南非,514,克,0,—,464016
71049091,经其他加工的非工业用...,301,比利时,658,克,0,—,179516
71049091,经其他加工的非工业用...,315,奥地利,9879,克,0,—,178475
71049099,经其他加工非工业用合...,244,南非,1677,克,0,—,2034
71049099,经其他加工非工业用合...,307,意大利,105,克,0,—,30
71049099,经其他加工非工业用合...,315,奥地利,131846,克,0,—,365609
71049099,经其他加工非工业用合...,410,巴西,19146,克,0,—,33736
71051020,人工合成的钻石粉末,244,南非,4250,克拉,0,—,1127
71051020,人工合成的钻石粉末,306,爱尔兰,9621110,克拉,0,—,1182351
71051020,人工合成的钻石粉末,307,意大利,28887,克拉,0,—,852
71061011,平均粒径＜3微米的非...,435,波多黎各,150000,克,0,—,157247
71061011,平均粒径＜3微米的非...,501,加拿大,77760,克,0,—,72289
71061019,其他非片状银粉,305,法国,110000,克,0,—,23415
71061021,平均粒径＜10微米的...,301,比利时,15,克,0,—,20
71069110,纯度≥99.99%未...,244,南非,6000,克,0,—,5200
71069110,纯度≥99.99%未...,501,加拿大,4000,克,0,—,6198
71069190,其他未锻造银,137,土耳其,120000,克,0,—,89786
71069190,其他未锻造银,244,南非,238711,克,0,—,178428
71069190,其他未锻造银,307,意大利,1367261,克,0,—,467848
71069190,其他未锻造银,410,巴西,2000,克,0,—,2000
71069190,其他未锻造银,501,加拿大,10000,克,0,—,5000
71069210,纯度≥99.99%半...,501,加拿大,11,克,0,—,369
71069290,其他半制成的银,244,南非,2236,克,0,—,1408
71069290,其他半制成的银,305,法国,587148,克,0,—,334744
71069290,其他半制成的银,307,意大利,241864,克,0,—,137269
71069290,其他半制成的银,309,荷兰,116900,克,0,—,503475
71069290,其他半制成的银,312,西班牙,281000,克,0,—,251195
71069290,其他半制成的银,321,匈牙利,640000,克,0,—,38670
71069290,其他半制成的银,429,墨西哥,32130,克,0,—,35947
71069290,其他半制成的银,501,加拿大,1,克,0,—,57
71081200,其他未锻造金，非货币...,138,阿联酋,88000,克,0,—,5123000
71081200,其他未锻造金，非货币...,147,塔吉克斯坦,180299,克,0,—,11007587
71081200,其他未锻造金，非货币...,244,南非,5391999,克,0,—,312257126
71081200,其他未锻造金，非货币...,307,意大利,70748,克,0,—,4255924
71081200,其他未锻造金，非货币...,501,加拿大,4610684,克,0,—,269103778
71081300,其他半制的金，非货币...,138,阿联酋,200000,克,0,—,12560000
71081300,其他半制的金，非货币...,244,南非,601797,克,0,—,31128878
71081300,其他半制的金，非货币...,305,法国,8025,克,0,—,300248
71081300,其他半制的金，非货币...,307,意大利,1000,克,0,—,55000
71090000,以贱金属或银为底的包...,307,意大利,30521,克,0,—,30590
71101100,未锻造铂，铂粉,244,南非,8377562,克,0,—,327881300
71101100,未锻造铂，铂粉,301,比利时,7383,克,0,—,220712
71101100,未锻造铂，铂粉,307,意大利,1630,克,0,—,60664
71101910,铂板、片,244,南非,1610838,克,0,—,61418323
71101910,铂板、片,301,比利时,1,克,0,—,483
71101990,其他半制的铂,244,南非,509,克,0,—,20379
71101990,其他半制的铂,315,奥地利,3,克,0,—,1731
71102100,未锻造钯，钯粉,244,南非,614741,克,0,—,48505346
71102100,未锻造钯，钯粉,301,比利时,108785,克,0,—,8845178
71102100,未锻造钯，钯粉,307,意大利,5987,克,0,—,518434
71102910,钯板、片,244,南非,402,克,0,—,20496
71102910,钯板、片,307,意大利,162,克,0,—,3161
71102990,其他半制的钯,307,意大利,2000,克,0,—,20632
71103100,未锻造铑，铑粉,244,南非,251669,克,0,—,197940468
71103100,未锻造铑，铑粉,301,比利时,1859,克,0,—,983562
71103100,未锻造铑，铑粉,307,意大利,14471,克,0,—,11041424
71104100,未锻造的铱、锇及钌，...,244,南非,847450,克,0,—,31094107
71104100,未锻造的铱、锇及钌，...,306,爱尔兰,109,克,0,—,29022
71131110,镶嵌钻石的银首饰及其...,307,意大利,3444,克,0,—,48736
71131110,镶嵌钻石的银首饰及其...,312,西班牙,2,克,0,—,122
71131190,其他银首饰及其零件,129,菲律宾,12000,克,0,—,6155
71131190,其他银首饰及其零件,137,土耳其,55064,克,0,—,34835
71131190,其他银首饰及其零件,235,尼日尔,150,克,0,—,5279
71131190,其他银首饰及其零件,244,南非,52311,克,0,—,33106
71131190,其他银首饰及其零件,301,比利时,183,克,0,—,1395
71131190,其他银首饰及其零件,305,法国,127717,克,0,—,567639
71131190,其他银首饰及其零件,307,意大利,1261265,克,0,—,9508523
71131190,其他银首饰及其零件,309,荷兰,34,克,0,—,174
71131190,其他银首饰及其零件,310,希腊,6759,克,0,—,21710
71131190,其他银首饰及其零件,312,西班牙,8777,克,0,—,51376
71131190,其他银首饰及其零件,315,奥地利,588607,克,0,—,320362
71131190,其他银首饰及其零件,326,挪威,0,克,0,—,400
71131190,其他银首饰及其零件,327,波兰,16741,克,0,—,35260
71131190,其他银首饰及其零件,336,立陶宛,1550,克,0,—,5720
71131190,其他银首饰及其零件,501,加拿大,3838,克,0,—,13981
71131911,镶嵌钻石的黄金制首饰...,137,土耳其,1180,克,0,—,204237
71131911,镶嵌钻石的黄金制首饰...,301,比利时,232,克,0,—,60797
71131911,镶嵌钻石的黄金制首饰...,305,法国,64303,克,0,—,24600868
71131911,镶嵌钻石的黄金制首饰...,307,意大利,256275,克,0,—,61865625
71131911,镶嵌钻石的黄金制首饰...,310,希腊,65,克,0,—,3553
71131911,镶嵌钻石的黄金制首饰...,312,西班牙,6294,克,0,—,2015886
71131911,镶嵌钻石的黄金制首饰...,315,奥地利,123,克,0,—,121
71131911,镶嵌钻石的黄金制首饰...,415,哥斯达黎加,3,克,0,—,375
71131919,其他黄金制首饰及其零...,137,土耳其,0,克,0,—,222
71131919,其他黄金制首饰及其零...,138,阿联酋,86624,克,0,—,5036938
71131919,其他黄金制首饰及其零...,224,肯尼亚,0,克,0,—,27
71131919,其他黄金制首饰及其零...,244,南非,68705,克,0,—,2080697
71131919,其他黄金制首饰及其零...,301,比利时,52,克,0,—,15541
71131919,其他黄金制首饰及其零...,305,法国,81967,克,0,—,14918011
71131919,其他黄金制首饰及其零...,307,意大利,268675,克,0,—,30648577
71131919,其他黄金制首饰及其零...,310,希腊,151,克,0,—,223
71131919,其他黄金制首饰及其零...,312,西班牙,3017,克,0,—,328159
71131919,其他黄金制首饰及其零...,410,巴西,0,克,0,—,84
71131919,其他黄金制首饰及其零...,415,哥斯达黎加,27,克,0,—,325
71131919,其他黄金制首饰及其零...,501,加拿大,447,克,0,—,15440
71131921,镶嵌钻石的铂制首饰及...,244,南非,9,克,0,—,162000
71131921,镶嵌钻石的铂制首饰及...,301,比利时,2,克,0,—,689
71131921,镶嵌钻石的铂制首饰及...,305,法国,29133,克,0,—,32988956
71131921,镶嵌钻石的铂制首饰及...,307,意大利,24841,克,0,—,13525305
71131921,镶嵌钻石的铂制首饰及...,312,西班牙,1323,克,0,—,530854
71131929,其他铂制首饰及其零件,244,南非,5537,克,0,—,215454
71131929,其他铂制首饰及其零件,301,比利时,4,克,0,—,4491
71131929,其他铂制首饰及其零件,305,法国,22765,克,0,—,3572261
71131929,其他铂制首饰及其零件,307,意大利,5834,克,0,—,625184
71131929,其他铂制首饰及其零件,312,西班牙,267,克,0,—,37318
71131991,镶嵌钻石的其他贵金属...,301,比利时,10,克,0,—,5102
71131991,镶嵌钻石的其他贵金属...,305,法国,5353,克,0,—,3230254
71131991,镶嵌钻石的其他贵金属...,307,意大利,14995,克,0,—,4084202
71131991,镶嵌钻石的其他贵金属...,312,西班牙,104,克,0,—,30214
71131991,镶嵌钻石的其他贵金属...,415,哥斯达黎加,4,克,0,—,375
71131999,其他贵金属制首饰及其...,129,菲律宾,1,克,0,—,101
71131999,其他贵金属制首饰及其...,137,土耳其,0,克,0,—,144
71131999,其他贵金属制首饰及其...,224,肯尼亚,0,克,0,—,70
71131999,其他贵金属制首饰及其...,305,法国,298,克,0,—,46657
71131999,其他贵金属制首饰及其...,307,意大利,18538,克,0,—,124761
71131999,其他贵金属制首饰及其...,312,西班牙,5102,克,0,—,7199
71131999,其他贵金属制首饰及其...,315,奥地利,5300,克,0,—,997
71132010,镶嵌钻石以贱金属为底...,307,意大利,300,克,0,—,16315
71132090,其他以贱金属为底的包...,129,菲律宾,3933,克,0,—,14372
71132090,其他以贱金属为底的包...,244,南非,113247,克,0,—,163951
71132090,其他以贱金属为底的包...,305,法国,96773,克,0,—,72156
71132090,其他以贱金属为底的包...,307,意大利,19362,克,0,—,12529
71132090,其他以贱金属为底的包...,312,西班牙,210,克,0,—,1102
71132090,其他以贱金属为底的包...,315,奥地利,8073,克,0,—,3173
71132090,其他以贱金属为底的包...,501,加拿大,1,克,0,—,159
71141100,银制器皿及其零件,305,法国,10870,克,0,—,8852
71141100,银制器皿及其零件,307,意大利,16451,克,0,—,17994
71141100,银制器皿及其零件,410,巴西,1530,克,0,—,604
71159010,其他贵金属或包贵金属...,305,法国,1265027,克,0,—,931883
71159010,其他贵金属或包贵金属...,307,意大利,29945,克,0,—,9812
71159010,其他贵金属或包贵金属...,309,荷兰,175101,克,0,—,72609
71159010,其他贵金属或包贵金属...,321,匈牙利,100000,克,0,—,7293
71159010,其他贵金属或包贵金属...,327,波兰,0,克,0,—,685
71159010,其他贵金属或包贵金属...,501,加拿大,1342,克,0,—,16017
71159090,其他贵金属或包贵金属...,307,意大利,9,克,0,—,861
71161000,天然或养殖珍珠制品,305,法国,3,千克,0,—,25752
71161000,天然或养殖珍珠制品,307,意大利,6,千克,0,—,32843
71161000,天然或养殖珍珠制品,310,希腊,2,千克,0,—,4299
71161000,天然或养殖珍珠制品,312,西班牙,0,千克,0,—,184
71161000,天然或养殖珍珠制品,327,波兰,4,千克,0,—,6163
71161000,天然或养殖珍珠制品,501,加拿大,0,千克,0,—,1938
71162000,宝石或半宝石（天然、...,129,菲律宾,10,千克,0,—,1019
71162000,宝石或半宝石（天然、...,227,马达加斯加,7170,千克,0,—,14691
71162000,宝石或半宝石（天然、...,244,南非,340,千克,0,—,568
71162000,宝石或半宝石（天然、...,305,法国,0,千克,0,—,23229
71162000,宝石或半宝石（天然、...,307,意大利,130,千克,0,—,663310
71162000,宝石或半宝石（天然、...,312,西班牙,1,千克,0,—,373
71162000,宝石或半宝石（天然、...,315,奥地利,159,千克,0,—,19933
71162000,宝石或半宝石（天然、...,327,波兰,3,千克,0,—,3727
71162000,宝石或半宝石（天然、...,336,立陶宛,0,千克,0,—,10024
71162000,宝石或半宝石（天然、...,410,巴西,150616,千克,0,—,290539
71162000,宝石或半宝石（天然、...,444,乌拉圭,28459,千克,0,—,33206
71162000,宝石或半宝石（天然、...,501,加拿大,2,千克,0,—,61715
71171100,贱金属制袖扣、饰扣,127,巴基斯坦,1,千克,0,—,42
71171100,贱金属制袖扣、饰扣,305,法国,156,千克,0,—,192648
71171100,贱金属制袖扣、饰扣,307,意大利,159,千克,0,—,210110
71171100,贱金属制袖扣、饰扣,309,荷兰,0,千克,0,—,52
71171900,贱金属制其他仿首饰,127,巴基斯坦,15,千克,0,—,950
71171900,贱金属制其他仿首饰,129,菲律宾,14,千克,0,—,43162
71171900,贱金属制其他仿首饰,137,土耳其,9,千克,0,—,1498
71171900,贱金属制其他仿首饰,138,阿联酋,1,千克,0,—,130
71171900,贱金属制其他仿首饰,224,肯尼亚,3,千克,0,—,588
71171900,贱金属制其他仿首饰,301,比利时,0,千克,0,—,1531
71171900,贱金属制其他仿首饰,305,法国,1710,千克,0,—,7088472
71171900,贱金属制其他仿首饰,306,爱尔兰,0,千克,0,—,32
71171900,贱金属制其他仿首饰,307,意大利,1768,千克,0,—,6433784
71171900,贱金属制其他仿首饰,309,荷兰,4,千克,0,—,4414
71171900,贱金属制其他仿首饰,310,希腊,1,千克,0,—,1521
71171900,贱金属制其他仿首饰,312,西班牙,66,千克,0,—,84265
71171900,贱金属制其他仿首饰,314,安道尔,0,千克,0,—,91
71171900,贱金属制其他仿首饰,315,奥地利,524,千克,0,—,1203649
71171900,贱金属制其他仿首饰,316,保加利亚,0,千克,0,—,108
71171900,贱金属制其他仿首饰,321,匈牙利,1,千克,0,—,530
71171900,贱金属制其他仿首饰,326,挪威,1,千克,0,—,434
71171900,贱金属制其他仿首饰,327,波兰,4,千克,0,—,4169
71171900,贱金属制其他仿首饰,410,巴西,4,千克,0,—,486
71171900,贱金属制其他仿首饰,415,哥斯达黎加,8,千克,0,—,15302
71171900,贱金属制其他仿首饰,429,墨西哥,0,千克,0,—,75
71171900,贱金属制其他仿首饰,501,加拿大,3,千克,0,—,1374
71179000,未列名仿首饰,129,菲律宾,3,千克,0,—,1404
71179000,未列名仿首饰,137,土耳其,1,千克,0,—,278
71179000,未列名仿首饰,138,阿联酋,105,千克,0,—,3264
71179000,未列名仿首饰,224,肯尼亚,0,千克,0,—,60
71179000,未列名仿首饰,227,马达加斯加,0,千克,0,—,123
71179000,未列名仿首饰,301,比利时,3,千克,0,—,969
71179000,未列名仿首饰,305,法国,849,千克,0,—,1827379
71179000,未列名仿首饰,307,意大利,542,千克,0,—,829623
71179000,未列名仿首饰,309,荷兰,4,千克,0,—,6284
71179000,未列名仿首饰,312,西班牙,33,千克,0,—,28398
71179000,未列名仿首饰,315,奥地利,1620,千克,0,—,1476782
71179000,未列名仿首饰,321,匈牙利,1,千克,0,—,2806
71179000,未列名仿首饰,327,波兰,7,千克,0,—,1027
71179000,未列名仿首饰,336,立陶宛,2,千克,0,—,1474
71181000,非法定货币的硬币（金...,305,法国,1,千克,0,—,935
71181000,非法定货币的硬币（金...,307,意大利,1,千克,0,—,56
71181000,非法定货币的硬币（金...,310,希腊,0,千克,0,—,7648
71181000,非法定货币的硬币（金...,315,奥地利,0,千克,0,—,702
71181000,非法定货币的硬币（金...,327,波兰,0,千克,0,—,1203
71181000,非法定货币的硬币（金...,501,加拿大,0,千克,0,—,250
71181000,非法定货币的硬币（金...,699,大洋洲其他国家(地区),0,千克,0,—,219
71189000,其他硬币（不统计）,318,芬兰,92,千克,0,—,1127
71189000,其他硬币（不统计）,327,波兰,499,千克,0,—,2757
72011000,初级形状非合金生铁，...,124,蒙古,259100,千克,0,—,103640
72022100,硅铁，按重量计含硅量...,244,南非,80000,千克,0,—,161856
72022100,硅铁，按重量计含硅量...,326,挪威,605760,千克,0,—,1672964
72022900,硅铁，按重量计含硅量...,326,挪威,120960,千克,0,—,183251
72024100,铬铁，按重量计含碳量...,137,土耳其,3319493,千克,0,—,4727337
72024100,铬铁，按重量计含碳量...,138,阿联酋,1050000,千克,0,—,1257900
72024100,铬铁，按重量计含碳量...,244,南非,36057162,千克,0,—,37829526
72024100,铬铁，按重量计含碳量...,254,津巴布韦,19604603,千克,0,—,24602213
72024100,铬铁，按重量计含碳量...,313,阿尔巴尼亚,1989520,千克,0,—,3246037
72026000,镍铁,410,巴西,3285847,千克,0,—,13677549
72027000,钼铁,315,奥地利,8000,千克,0,—,185860
72029210,钒铁，按重量计含钒量...,315,奥地利,20000,千克,0,—,487940
72029300,铌铁,410,巴西,3714922,千克,0,—,79141433
72029300,铌铁,501,加拿大,60000,千克,0,—,1527092
72029999,未列名铁合金,252,刚果民主共和国,1072452,千克,0,—,6444977
72029999,未列名铁合金,305,法国,9232,千克,0,—,41576
72029999,未列名铁合金,307,意大利,3000,千克,0,—,72708
72029999,未列名铁合金,410,巴西,870000,千克,0,—,7984804
72031000,直接从铁矿还原的块、...,138,阿联酋,40398360,千克,0,—,17868194
72042900,其他合金钢废料及碎料,129,菲律宾,22426,千克,0,—,92222
72042900,其他合金钢废料及碎料,137,土耳其,127750,千克,0,—,93537
72042900,其他合金钢废料及碎料,307,意大利,331635,千克,0,—,265141
72042900,其他合金钢废料及碎料,429,墨西哥,19330,千克,0,—,17203
72044900,未列名钢铁废料及碎料,429,墨西哥,113262,千克,0,—,65321
72044900,未列名钢铁废料及碎料,501,加拿大,160430,千克,0,—,74167
72052100,合金钢粉末,301,比利时,41650,千克,0,—,417726
72052100,合金钢粉末,307,意大利,7800,千克,0,—,58541
72052100,合金钢粉末,501,加拿大,380000,千克,0,—,479814
72052910,铁粉，平均粒径小于1...,501,加拿大,546000,千克,0,—,756290
72052990,未列名生铁、镜铁及钢...,301,比利时,12000,千克,0,—,168000
72052990,未列名生铁、镜铁及钢...,307,意大利,8500,千克,0,—,13522
72052990,未列名生铁、镜铁及钢...,327,波兰,400,千克,0,—,691
72052990,未列名生铁、镜铁及钢...,501,加拿大,290000,千克,0,—,257045
72071100,矩形截面半制普通钢铁...,138,阿联酋,44999341,千克,0,—,30610736
72071100,矩形截面半制普通钢铁...,410,巴西,2490832,千克,0,—,1121119
72071200,其他矩形截面的半制普...,410,巴西,5249922,千克,0,—,2625536
72072000,普通钢铁的半制成品，...,118,科威特,59497460,千克,0,—,38758219
72072000,普通钢铁的半制成品，...,312,西班牙,25566,千克,0,—,31972
72072000,普通钢铁的半制成品，...,410,巴西,2589988,千克,0,—,1184231
72082610,屈度＞355牛顿/m...,301,比利时,69240,千克,0,—,68102
72082610,屈度＞355牛顿/m...,309,荷兰,681761,千克,0,—,650777
72082710,其他热轧、酸洗普通钢...,312,西班牙,10160,千克,0,—,9999
72082790,其他热轧、酸洗钢铁卷...,301,比利时,19870,千克,0,—,19737
72082790,其他热轧、酸洗钢铁卷...,305,法国,40480,千克,0,—,44256
72082790,其他热轧、酸洗钢铁卷...,309,荷兰,484402,千克,0,—,452763
72082790,其他热轧、酸洗钢铁卷...,315,奥地利,33190,千克,0,—,35831
72082790,其他热轧、酸洗钢铁卷...,501,加拿大,1339,千克,0,—,7083
72083600,其他仅热轧普通钢铁卷...,410,巴西,829130,千克,0,—,445841
72083700,其他仅热轧普通钢铁卷...,410,巴西,1785408,千克,0,—,914328
72083890,其他热轧普通钢铁卷材...,410,巴西,1225512,千克,0,—,641753
72083990,其他热轧铁或非合金钢...,410,巴西,753950,千克,0,—,389457
72085110,其他热轧铁或非合金钢...,410,巴西,178034,千克,0,—,88146
72085120,其他热轧铁或非合金钢...,315,奥地利,8640,千克,0,—,10756
72085120,其他热轧铁或非合金钢...,410,巴西,377599,千克,0,—,186952
72085190,其他热轧铁或非合金钢...,301,比利时,2275,千克,0,—,7598
72085190,其他热轧铁或非合金钢...,305,法国,5904,千克,0,—,11988
72085190,其他热轧铁或非合金钢...,315,奥地利,4320,千克,0,—,5439
72085190,其他热轧铁或非合金钢...,410,巴西,411462,千克,0,—,203718
72085200,仅热轧普通钢铁非卷材...,307,意大利,2304,千克,0,—,3837
72085200,仅热轧普通钢铁非卷材...,315,奥地利,2880,千克,0,—,3326
72085200,仅热轧普通钢铁非卷材...,318,芬兰,46693,千克,0,—,70552
72085200,仅热轧普通钢铁非卷材...,410,巴西,125985,千克,0,—,62376
72085390,其他热轧普通钢铁非卷...,309,荷兰,12096,千克,0,—,18290
72091610,屈度＞275牛顿/m...,315,奥地利,25892,千克,0,—,90047
72091610,屈度＞275牛顿/m...,410,巴西,2969,千克,0,—,9450
72091690,其他冷轧铁或非合金钢...,410,巴西,10021,千克,0,—,20558
72091710,屈度＞275牛顿/m...,410,巴西,3055,千克,0,—,16183
72092600,仅冷轧其他普通钢铁非...,410,巴西,24325,千克,0,—,134266
72092600,仅冷轧其他普通钢铁非...,501,加拿大,10534,千克,0,—,26062
72092700,仅冷轧，0.5mm≤...,312,西班牙,3750,千克,0,—,4113
72092700,仅冷轧，0.5mm≤...,410,巴西,15456,千克,0,—,69990
72092700,仅冷轧，0.5mm≤...,501,加拿大,105,千克,0,—,220
72099000,冷轧但未包镀涂，进一...,301,比利时,18392,千克,0,—,40793
72099000,冷轧但未包镀涂，进一...,309,荷兰,17208,千克,0,—,37258
72101200,镀或涂锡的，厚＜0....,309,荷兰,323760,千克,0,—,218890
72103000,电镀锌的铁或非合金钢...,410,巴西,8510,千克,0,—,42666
72103000,电镀锌的铁或非合金钢...,501,加拿大,19175,千克,0,—,24354
72104900,其他镀或涂锌普通钢铁...,305,法国,256310,千克,0,—,282501
72104900,其他镀或涂锌普通钢铁...,309,荷兰,2754,千克,0,—,3180
72104900,其他镀或涂锌普通钢铁...,312,西班牙,2830,千克,0,—,3136
72104900,其他镀或涂锌普通钢铁...,315,奥地利,319630,千克,0,—,368129
72104900,其他镀或涂锌普通钢铁...,410,巴西,3828,千克,0,—,32879
72104900,其他镀或涂锌普通钢铁...,429,墨西哥,2925,千克,0,—,12512
72104900,其他镀或涂锌普通钢铁...,501,加拿大,8931,千克,0,—,30628
72105000,镀或涂氧化铬或铬及氧...,309,荷兰,22972,千克,0,—,12696
72106900,其他镀或涂铝的铁或非...,307,意大利,3870,千克,0,—,8545
72107010,厚度小于1.5毫米的...,301,比利时,450,千克,0,—,3603
72107010,厚度小于1.5毫米的...,307,意大利,308,千克,0,—,972
72107010,厚度小于1.5毫米的...,316,保加利亚,616,千克,0,—,1634
72107010,厚度小于1.5毫米的...,336,立陶宛,28,千克,0,—,698
72107010,厚度小于1.5毫米的...,429,墨西哥,275,千克,0,—,300
72109000,未列名宽≥600mm...,301,比利时,122309,千克,0,—,442559
72111400,仅热轧，厚≥4.75...,137,土耳其,425,千克,0,—,573
72111400,仅热轧，厚≥4.75...,244,南非,235,千克,0,—,413
72111900,仅热轧，未包镀涂层，...,244,南非,121,千克,0,—,180
72111900,仅热轧，未包镀涂层，...,301,比利时,67207,千克,0,—,76963
72111900,仅热轧，未包镀涂层，...,305,法国,9327,千克,0,—,8129
72111900,仅热轧，未包镀涂层，...,312,西班牙,660,千克,0,—,801
72111900,仅热轧，未包镀涂层，...,315,奥地利,214280,千克,0,—,208931
72111900,仅热轧，未包镀涂层，...,429,墨西哥,811,千克,0,—,1071
72111900,仅热轧，未包镀涂层，...,501,加拿大,7061,千克,0,—,20645
72112300,仅冷轧宽＜600mm...,301,比利时,813,千克,0,—,2376
72112300,仅冷轧宽＜600mm...,305,法国,2292,千克,0,—,1789
72112300,仅冷轧宽＜600mm...,307,意大利,16208,千克,0,—,41424
72112300,仅冷轧宽＜600mm...,312,西班牙,11371,千克,0,—,12707
72112300,仅冷轧宽＜600mm...,315,奥地利,920,千克,0,—,4167
72112300,仅冷轧宽＜600mm...,410,巴西,12940,千克,0,—,17099
72112300,仅冷轧宽＜600mm...,501,加拿大,2391,千克,0,—,5977
72112900,仅冷轧宽＜600mm...,305,法国,22188,千克,0,—,118277
72112900,仅冷轧宽＜600mm...,307,意大利,39931,千克,0,—,84031
72112900,仅冷轧宽＜600mm...,315,奥地利,4608,千克,0,—,15049
72112900,仅冷轧宽＜600mm...,410,巴西,760,千克,0,—,6580
72112900,仅冷轧宽＜600mm...,501,加拿大,4055,千克,0,—,6082
72119000,仅冷轧，未包镀涂层，...,309,荷兰,2520,千克,0,—,7888
72119000,仅冷轧，未包镀涂层，...,501,加拿大,9333,千克,0,—,26719
72122000,电镀锌的宽＜600m...,305,法国,4772,千克,0,—,18089
72122000,电镀锌的宽＜600m...,309,荷兰,53,千克,0,—,319
72122000,电镀锌的宽＜600m...,429,墨西哥,2621,千克,0,—,3437
72122000,电镀锌的宽＜600m...,501,加拿大,2510,千克,0,—,15748
72123000,其他镀或涂锌的宽＜6...,301,比利时,132865,千克,0,—,174672
72123000,其他镀或涂锌的宽＜6...,305,法国,363,千克,0,—,2199
72123000,其他镀或涂锌的宽＜6...,309,荷兰,5207,千克,0,—,6408
72123000,其他镀或涂锌的宽＜6...,312,西班牙,2575,千克,0,—,2873
72123000,其他镀或涂锌的宽＜6...,501,加拿大,2507,千克,0,—,21325
72124000,涂漆或涂塑的宽＜60...,305,法国,70407,千克,0,—,520058
72124000,涂漆或涂塑的宽＜60...,316,保加利亚,117,千克,0,—,310
72124000,涂漆或涂塑的宽＜60...,429,墨西哥,380,千克,0,—,14383
72125000,其他镀或涂层的宽＜6...,301,比利时,48365,千克,0,—,102100
72126000,经包覆的宽＜600m...,307,意大利,21412,千克,0,—,131108
72126000,经包覆的宽＜600m...,315,奥地利,55256,千克,0,—,394101
72126000,经包覆的宽＜600m...,327,波兰,1949,千克,0,—,8873
72126000,经包覆的宽＜600m...,410,巴西,9862,千克,0,—,56777
72132000,不规则盘卷的易切削钢...,309,荷兰,19556,千克,0,—,17209
72132000,不规则盘卷的易切削钢...,312,西班牙,23623,千克,0,—,16638
72139100,直径＜14mm圆截面...,410,巴西,309873,千克,0,—,144122
72139900,其他不规则盘卷的普通...,410,巴西,13794,千克,0,—,6415
72141000,普通钢铁的锻造条、杆,244,南非,518,千克,0,—,772
72141000,普通钢铁的锻造条、杆,309,荷兰,3205,千克,0,—,31180
72142000,轧制凸凹变形及扭曲的...,129,菲律宾,24,千克,0,—,21
72142000,轧制凸凹变形及扭曲的...,137,土耳其,227633,千克,0,—,150865
72149100,矩形截面普通钢铁热轧...,137,土耳其,95,千克,0,—,112
72149100,矩形截面普通钢铁热轧...,307,意大利,12,千克,0,—,19
72149100,矩形截面普通钢铁热轧...,327,波兰,92029,千克,0,—,165770
72149900,其他普通钢铁热轧、热...,137,土耳其,1073,千克,0,—,1120
72149900,其他普通钢铁热轧、热...,244,南非,2714,千克,0,—,7393
72151000,易切削钢冷成形或冷加...,305,法国,20321,千克,0,—,28478
72151000,易切削钢冷成形或冷加...,307,意大利,176850,千克,0,—,244487
72155000,其他铁及非合金钢的冷...,244,南非,360,千克,0,—,728
72155000,其他铁及非合金钢的冷...,305,法国,128,千克,0,—,382
72155000,其他铁及非合金钢的冷...,307,意大利,10032,千克,0,—,22003
72155000,其他铁及非合金钢的冷...,315,奥地利,5706,千克,0,—,20742
72159000,未列名的铁及非合金钢...,307,意大利,95887,千克,0,—,241627
72161090,热轧、拉或挤压普通槽...,137,土耳其,10360,千克,0,—,7720
72161090,热轧、拉或挤压普通槽...,244,南非,200,千克,0,—,111
72161090,热轧、拉或挤压普通槽...,309,荷兰,19260,千克,0,—,27181
72162100,热轧、拉拔或挤压普通...,137,土耳其,10678,千克,0,—,11325
72162100,热轧、拉拔或挤压普通...,244,南非,5041,千克,0,—,5917
72162100,热轧、拉拔或挤压普通...,307,意大利,380,千克,0,—,606
72162100,热轧、拉拔或挤压普通...,309,荷兰,197,千克,0,—,230
72162200,热轧、拉或挤压普通钢...,309,荷兰,111,千克,0,—,1023
72163100,热轧、拉或挤压普通钢...,137,土耳其,491645,千克,0,—,426715
72163100,热轧、拉或挤压普通钢...,244,南非,10971,千克,0,—,16940
72163100,热轧、拉或挤压普通钢...,312,西班牙,40601,千克,0,—,36601
72163100,热轧、拉或挤压普通钢...,327,波兰,6021,千克,0,—,9340
72163210,热轧、拉或挤压普通钢...,138,阿联酋,18904,千克,0,—,20366
72163210,热轧、拉或挤压普通钢...,312,西班牙,52396,千克,0,—,43040
72163290,热轧拉挤普通钢工字钢...,138,阿联酋,11574,千克,0,—,5964
72163290,热轧拉挤普通钢工字钢...,244,南非,2168,千克,0,—,1380
72163290,热轧拉挤普通钢工字钢...,312,西班牙,11568,千克,0,—,9687
72163290,热轧拉挤普通钢工字钢...,327,波兰,2521,千克,0,—,6148
72163311,热轧、拉或挤压普通钢...,138,阿联酋,205728,千克,0,—,205739
72163319,热轧拉挤普通钢H型钢...,138,阿联酋,8022,千克,0,—,8422
72163390,热轧、拉挤普通钢H型...,244,南非,712,千克,0,—,1020
72164010,热轧、拉或挤压普通钢...,137,土耳其,36703,千克,0,—,34943
72164010,热轧、拉或挤压普通钢...,244,南非,43851,千克,0,—,64414
72164010,热轧、拉或挤压普通钢...,301,比利时,165,千克,0,—,106
72165090,未列名热轧拉或挤压普...,307,意大利,26418,千克,0,—,103504
72166900,其他冷成形或冷加工普...,137,土耳其,1750,千克,0,—,1126
72166900,其他冷成形或冷加工普...,307,意大利,339,千克,0,—,1032
72169900,其他普通钢铁角材、型...,307,意大利,27894,千克,0,—,89505
72169900,其他普通钢铁角材、型...,312,西班牙,38,千克,0,—,67
72171000,未镀或涂层的普通钢铁...,301,比利时,24764,千克,0,—,102183
72171000,未镀或涂层的普通钢铁...,305,法国,90298,千克,0,—,136707
72171000,未镀或涂层的普通钢铁...,307,意大利,6,千克,0,—,1474
72171000,未镀或涂层的普通钢铁...,327,波兰,72000,千克,0,—,35914
72172000,镀或涂锌的普通钢铁丝,137,土耳其,637,千克,0,—,2926
72172000,镀或涂锌的普通钢铁丝,301,比利时,2729,千克,0,—,15670
72172000,镀或涂锌的普通钢铁丝,307,意大利,2040,千克,0,—,1041
72172000,镀或涂锌的普通钢铁丝,309,荷兰,1,千克,0,—,24
72173010,镀或涂铜的铁丝或非合...,137,土耳其,85,千克,0,—,751
72173010,镀或涂铜的铁丝或非合...,305,法国,7056,千克,0,—,23052
72173010,镀或涂铜的铁丝或非合...,307,意大利,29225,千克,0,—,57118
72173010,镀或涂铜的铁丝或非合...,315,奥地利,9887,千克,0,—,72528
72179000,其他铁丝或非合金钢丝,307,意大利,3071,千克,0,—,5042
72179000,其他铁丝或非合金钢丝,315,奥地利,7012,千克,0,—,12585
72189100,矩形截面的（正方形除...,501,加拿大,21849,千克,0,—,116358
72189900,其他不锈钢半制成品,305,法国,485,千克,0,—,29583
72191210,热轧不锈钢卷材，60...,301,比利时,238900,千克,0,—,772481
72191210,热轧不锈钢卷材，60...,318,芬兰,504780,千克,0,—,1504241
72192100,热轧不锈钢非卷材，厚...,244,南非,69997,千克,0,—,240938
72192100,热轧不锈钢非卷材，厚...,305,法国,23824,千克,0,—,273526
72192100,热轧不锈钢非卷材，厚...,307,意大利,3048,千克,0,—,18795
72192100,热轧不锈钢非卷材，厚...,315,奥地利,18954,千克,0,—,255626
72192200,热轧不锈钢非卷材，4...,138,阿联酋,1,千克,0,—,125
72192200,热轧不锈钢非卷材，4...,305,法国,668,千克,0,—,14247
72192200,热轧不锈钢非卷材，4...,315,奥地利,6627,千克,0,—,99048
72192200,热轧不锈钢非卷材，4...,318,芬兰,16052,千克,0,—,62520
72192300,热轧不锈钢非卷材，3...,315,奥地利,818,千克,0,—,10281
72192410,热轧不锈钢非卷材，1...,305,法国,750,千克,0,—,8010
72193100,冷轧不锈钢板材，厚≥...,305,法国,1380,千克,0,—,6353
72193100,冷轧不锈钢板材，厚≥...,318,芬兰,146076,千克,0,—,466841
72193210,冷轧不锈钢板材，60...,305,法国,304,千克,0,—,20166
72193210,冷轧不锈钢板材，60...,318,芬兰,537835,千克,0,—,2059514
72193290,冷轧不锈钢板材，宽度...,301,比利时,183042,千克,0,—,646709
72193290,冷轧不锈钢板材，宽度...,312,西班牙,52,千克,0,—,216
72193390,其他冷轧不锈钢板材，...,244,南非,21770,千克,0,—,34352
72193390,其他冷轧不锈钢板材，...,305,法国,4,千克,0,—,365
72193390,其他冷轧不锈钢板材，...,312,西班牙,71,千克,0,—,146
72193390,其他冷轧不锈钢板材，...,318,芬兰,340296,千克,0,—,1235983
72193390,其他冷轧不锈钢板材，...,321,匈牙利,1192,千克,0,—,18693
72193400,冷轧不锈钢板材，0....,309,荷兰,17605,千克,0,—,85884
72193400,冷轧不锈钢板材，0....,312,西班牙,15250,千克,0,—,20773
72193400,冷轧不锈钢板材，0....,318,芬兰,59196,千克,0,—,255671
72193500,冷轧不锈钢板材，厚＜...,307,意大利,4738,千克,0,—,59479
72193500,冷轧不锈钢板材，厚＜...,312,西班牙,15000,千克,0,—,21815
72202020,冷轧不锈钢平板轧材，...,301,比利时,211,千克,0,—,8294
72202020,冷轧不锈钢平板轧材，...,305,法国,1313,千克,0,—,10739
72202020,冷轧不锈钢平板轧材，...,307,意大利,3754,千克,0,—,32927
72202020,冷轧不锈钢平板轧材，...,309,荷兰,95,千克,0,—,556
72202030,冷轧不锈钢平板轧材，...,137,土耳其,92853,千克,0,—,95468
72202030,冷轧不锈钢平板轧材，...,305,法国,31420,千克,0,—,914641
72202030,冷轧不锈钢平板轧材，...,307,意大利,352,千克,0,—,6377
72202030,冷轧不锈钢平板轧材，...,309,荷兰,518,千克,0,—,15935
72202030,冷轧不锈钢平板轧材，...,312,西班牙,75347,千克,0,—,50864
72202030,冷轧不锈钢平板轧材，...,318,芬兰,43336,千克,0,—,93398
72202030,冷轧不锈钢平板轧材，...,429,墨西哥,1901,千克,0,—,2593
72202040,冷轧不锈钢平板轧材，...,244,南非,113,千克,0,—,822
72202040,冷轧不锈钢平板轧材，...,305,法国,60125,千克,0,—,186346
72202040,冷轧不锈钢平板轧材，...,312,西班牙,1930,千克,0,—,1122
72202040,冷轧不锈钢平板轧材，...,315,奥地利,93,千克,0,—,5721
72209000,其他不锈钢板材，宽＜...,138,阿联酋,0,千克,0,—,31
72209000,其他不锈钢板材，宽＜...,305,法国,850,千克,0,—,36372
72209000,其他不锈钢板材，宽＜...,307,意大利,494,千克,0,—,4230
72209000,其他不锈钢板材，宽＜...,315,奥地利,4946,千克,0,—,54421
72210000,不规则盘卷的不锈钢热...,305,法国,45727,千克,0,—,105603
72210000,不规则盘卷的不锈钢热...,307,意大利,907575,千克,0,—,3169442
72221100,圆形截面的热轧、拉拔...,305,法国,42002,千克,0,—,155442
72221100,圆形截面的热轧、拉拔...,307,意大利,273243,千克,0,—,1119285
72221100,圆形截面的热轧、拉拔...,312,西班牙,27,千克,0,—,303
72221100,圆形截面的热轧、拉拔...,315,奥地利,11534,千克,0,—,108396
72221100,圆形截面的热轧、拉拔...,350,斯洛文尼亚,5,千克,0,—,46
72221100,圆形截面的热轧、拉拔...,410,巴西,2906,千克,0,—,18976
72221900,其他热轧、拉拔或挤压...,307,意大利,55591,千克,0,—,260038
72221900,其他热轧、拉拔或挤压...,327,波兰,3878,千克,0,—,21788
72222000,不锈钢冷成形或冷加工...,305,法国,110620,千克,0,—,521269
72222000,不锈钢冷成形或冷加工...,307,意大利,322101,千克,0,—,1570233
72222000,不锈钢冷成形或冷加工...,312,西班牙,11583,千克,0,—,52108
72222000,不锈钢冷成形或冷加工...,315,奥地利,145066,千克,0,—,1049044
72223000,其他不锈钢条、杆,305,法国,70695,千克,0,—,257821
72223000,其他不锈钢条、杆,307,意大利,120782,千克,0,—,574776
72223000,其他不锈钢条、杆,309,荷兰,5010,千克,0,—,100850
72223000,其他不锈钢条、杆,315,奥地利,20,千克,0,—,562
72223000,其他不锈钢条、杆,429,墨西哥,173,千克,0,—,2547
72224000,不锈钢角材、型材及异...,305,法国,123,千克,0,—,2699
72224000,不锈钢角材、型材及异...,307,意大利,10294,千克,0,—,114291
72224000,不锈钢角材、型材及异...,309,荷兰,143,千克,0,—,448
72224000,不锈钢角材、型材及异...,315,奥地利,5,千克,0,—,285
72230000,不锈钢丝,129,菲律宾,91,千克,0,—,36156
72230000,不锈钢丝,301,比利时,20550,千克,0,—,1194231
72230000,不锈钢丝,305,法国,90513,千克,0,—,395291
72230000,不锈钢丝,306,爱尔兰,815,千克,0,—,219553
72230000,不锈钢丝,307,意大利,53803,千克,0,—,198806
72230000,不锈钢丝,309,荷兰,1437,千克,0,—,308149
72230000,不锈钢丝,318,芬兰,220,千克,0,—,190
72230000,不锈钢丝,327,波兰,62,千克,0,—,10284
72230000,不锈钢丝,415,哥斯达黎加,5,千克,0,—,12086
72230000,不锈钢丝,501,加拿大,0,千克,0,—,190
72241000,其他合金钢锭及初级形...,307,意大利,155160,千克,0,—,392149
72249010,单件重量≥10吨的粗...,307,意大利,335725,千克,0,—,1148333
72249010,单件重量≥10吨的粗...,410,巴西,2386714,千克,0,—,1182236
72249010,单件重量≥10吨的粗...,501,加拿大,144266,千克,0,—,407815
72249090,其他合金钢半制成品,305,法国,46598,千克,0,—,132190
72249090,其他合金钢半制成品,307,意大利,104460,千克,0,—,377230
72249090,其他合金钢半制成品,312,西班牙,150,千克,0,—,563
72249090,其他合金钢半制成品,315,奥地利,38430,千克,0,—,296083
72249090,其他合金钢半制成品,410,巴西,310394,千克,0,—,222178
72249090,其他合金钢半制成品,501,加拿大,20502,千克,0,—,99979
72251100,取向性硅电钢平板轧材...,410,巴西,224051,千克,0,—,290595
72251900,其他硅电钢平板轧材，...,305,法国,1009030,千克,0,—,1416648
72253000,其他合金钢热轧卷材，...,301,比利时,8900,千克,0,—,9371
72253000,其他合金钢热轧卷材，...,410,巴西,601380,千克,0,—,307972
72254010,未经进一步加工的热轧...,301,比利时,22090,千克,0,—,32873
72254010,未经进一步加工的热轧...,315,奥地利,58976,千克,0,—,326751
72254091,未经进一步加工的热轧...,305,法国,42352,千克,0,—,101301
72254099,未经进一步加工的其他...,301,比利时,156864,千克,0,—,411540
72254099,未经进一步加工的其他...,305,法国,2346,千克,0,—,28647
72254099,未经进一步加工的其他...,307,意大利,25728,千克,0,—,66964
72254099,未经进一步加工的其他...,312,西班牙,2020,千克,0,—,20543
72254099,未经进一步加工的其他...,318,芬兰,253623,千克,0,—,458866
72254099,未经进一步加工的其他...,410,巴西,300788,千克,0,—,148921
72255000,其他合金钢冷轧板材，...,301,比利时,21190,千克,0,—,26025
72255000,其他合金钢冷轧板材，...,410,巴西,10531,千克,0,—,34426
72255000,其他合金钢冷轧板材，...,429,墨西哥,792,千克,0,—,1085
72259100,电镀或涂锌的其他合金...,301,比利时,83500,千克,0,—,118856
72259100,电镀或涂锌的其他合金...,305,法国,8060,千克,0,—,11778
72259100,电镀或涂锌的其他合金...,315,奥地利,9160,千克,0,—,15507
72259100,电镀或涂锌的其他合金...,410,巴西,560,千克,0,—,3104
72259200,其他方法镀或涂锌的合...,301,比利时,525104,千克,0,—,695348
72259200,其他方法镀或涂锌的合...,305,法国,1884499,千克,0,—,2160926
72259200,其他方法镀或涂锌的合...,309,荷兰,17120,千克,0,—,24761
72259200,其他方法镀或涂锌的合...,312,西班牙,3020,千克,0,—,3345
72259200,其他方法镀或涂锌的合...,315,奥地利,6189099,千克,0,—,8094723
72259200,其他方法镀或涂锌的合...,318,芬兰,472990,千克,0,—,530761
72259200,其他方法镀或涂锌的合...,327,波兰,2794,千克,0,—,4630
72259200,其他方法镀或涂锌的合...,501,加拿大,2802,千克,0,—,5413
72259910,高速钢板材，宽≥60...,305,法国,1039,千克,0,—,23021
72259990,未列名合金钢板材，宽...,244,南非,324,千克,0,—,264
72259990,未列名合金钢板材，宽...,301,比利时,78600,千克,0,—,99961
72259990,未列名合金钢板材，宽...,305,法国,1392154,千克,0,—,1835332
72261100,取向性硅电钢平板轧材...,129,菲律宾,103491,千克,0,—,110735
72261100,取向性硅电钢平板轧材...,410,巴西,23132,千克,0,—,31390
72261100,取向性硅电钢平板轧材...,429,墨西哥,23150,千克,0,—,20256
72261900,其他硅电钢平板轧材，...,305,法国,99997,千克,0,—,122793
72261900,其他硅电钢平板轧材，...,307,意大利,306970,千克,0,—,221681
72262000,高速钢板材，宽＜60...,305,法国,359,千克,0,—,12277
72262000,高速钢板材，宽＜60...,315,奥地利,5586,千克,0,—,87889
72262000,高速钢板材，宽＜60...,410,巴西,3894,千克,0,—,35697
72269110,未经进一步加工的热轧...,309,荷兰,938,千克,0,—,52200
72269110,未经进一步加工的热轧...,315,奥地利,891,千克,0,—,39764
72269110,未经进一步加工的热轧...,410,巴西,13961,千克,0,—,42377
72269199,未经进一步加工的其他...,501,加拿大,14580,千克,0,—,19918
72269200,其他未进一步加工合金...,301,比利时,2,千克,0,—,33
72269200,其他未进一步加工合金...,305,法国,264332,千克,0,—,3310637
72269200,其他未进一步加工合金...,315,奥地利,93067,千克,0,—,349873
72269200,其他未进一步加工合金...,340,白俄罗斯,24945,千克,0,—,148273
72269200,其他未进一步加工合金...,410,巴西,19266,千克,0,—,42271
72269910,电镀或涂锌的其他合金...,244,南非,52,千克,0,—,100
72269910,电镀或涂锌的其他合金...,301,比利时,992,千克,0,—,1874
72269920,其他法镀或涂锌的合金...,301,比利时,40576,千克,0,—,60255
72269920,其他法镀或涂锌的合金...,315,奥地利,419959,千克,0,—,612916
72269920,其他法镀或涂锌的合金...,410,巴西,5065,千克,0,—,24871
72269920,其他法镀或涂锌的合金...,501,加拿大,3919,千克,0,—,17351
72269990,未列名合金钢板材，宽...,244,南非,127,千克,0,—,234
72269990,未列名合金钢板材，宽...,301,比利时,50,千克,0,—,585
72269990,未列名合金钢板材，宽...,305,法国,1692,千克,0,—,61084
72269990,未列名合金钢板材，宽...,307,意大利,2600,千克,0,—,6368
72269990,未列名合金钢板材，宽...,315,奥地利,848,千克,0,—,3797
72269990,未列名合金钢板材，宽...,429,墨西哥,817,千克,0,—,34067
72271000,不规则盘卷的高速钢热...,315,奥地利,7397,千克,0,—,104016
72272000,不规则盘卷的硅锰钢热...,410,巴西,78988,千克,0,—,36737
72279010,不规则盘卷的含硼合金...,312,西班牙,98661,千克,0,—,86704
72279010,不规则盘卷的含硼合金...,410,巴西,21442,千克,0,—,9972
72279090,不规则盘卷的未列名合...,307,意大利,129574,千克,0,—,239453
72281000,其他高速钢条、杆,305,法国,61407,千克,0,—,984774
72281000,其他高速钢条、杆,315,奥地利,84313,千克,0,—,1483927
72281000,其他高速钢条、杆,410,巴西,17224,千克,0,—,155755
72282000,其他硅锰钢条、杆,137,土耳其,401920,千克,0,—,220413
72283090,其他条、杆，除热轧、...,137,土耳其,354147,千克,0,—,249585
72283090,其他条、杆，除热轧、...,305,法国,8203,千克,0,—,34329
72283090,其他条、杆，除热轧、...,307,意大利,20116,千克,0,—,35786
72283090,其他条、杆，除热轧、...,312,西班牙,5,千克,0,—,6
72283090,其他条、杆，除热轧、...,315,奥地利,27041,千克,0,—,109960
72283090,其他条、杆，除热轧、...,318,芬兰,7832,千克,0,—,25153
72283090,其他条、杆，除热轧、...,350,斯洛文尼亚,485362,千克,0,—,648793
72284000,其他合金钢锻造条、杆,305,法国,2600,千克,0,—,3696
72284000,其他合金钢锻造条、杆,350,斯洛文尼亚,45837,千克,0,—,203349
72284000,其他合金钢锻造条、杆,410,巴西,52118,千克,0,—,195563
72285000,其他合金钢冷成形或冷...,305,法国,3587,千克,0,—,33205
72285000,其他合金钢冷成形或冷...,307,意大利,35850,千克,0,—,122049
72285000,其他合金钢冷成形或冷...,312,西班牙,4296,千克,0,—,32840
72285000,其他合金钢冷成形或冷...,315,奥地利,475407,千克,0,—,1957983
72285000,其他合金钢冷成形或冷...,350,斯洛文尼亚,20167,千克,0,—,171214
72285000,其他合金钢冷成形或冷...,501,加拿大,15,千克,0,—,5640
72286000,未列名合金钢条、杆,137,土耳其,70,千克,0,—,1697
72286000,未列名合金钢条、杆,138,阿联酋,1,千克,0,—,6996
72286000,未列名合金钢条、杆,305,法国,11459,千克,0,—,184489
72286000,未列名合金钢条、杆,307,意大利,41221,千克,0,—,99848
72286000,未列名合金钢条、杆,501,加拿大,600,千克,0,—,6262
72287090,其他合金钢角材、型材...,301,比利时,259,千克,0,—,7551
72292000,硅锰钢钢丝,307,意大利,8054,千克,0,—,23674
72292000,硅锰钢钢丝,315,奥地利,4763,千克,0,—,34368
72292000,硅锰钢钢丝,501,加拿大,43887,千克,0,—,188920
72299090,其他合金钢丝,301,比利时,501,千克,0,—,9415
72299090,其他合金钢丝,305,法国,18255,千克,0,—,64572
72299090,其他合金钢丝,307,意大利,7615,千克,0,—,72476
72299090,其他合金钢丝,309,荷兰,1,千克,0,—,4080
72299090,其他合金钢丝,312,西班牙,12478,千克,0,—,19864
72299090,其他合金钢丝,315,奥地利,414150,千克,0,—,687443
72299090,其他合金钢丝,321,匈牙利,16,千克,0,—,1796
72299090,其他合金钢丝,326,挪威,140015,千克,0,—,481518
72299090,其他合金钢丝,429,墨西哥,0,千克,0,—,811
72299090,其他合金钢丝,501,加拿大,43796,千克,0,—,233831
73012000,焊接的钢铁角材、型材...,305,法国,0,千克,0,—,973
73012000,焊接的钢铁角材、型材...,307,意大利,90,千克,0,—,1911
73012000,焊接的钢铁角材、型材...,315,奥地利,417922,千克,0,—,891437
73021000,钢轨,137,土耳其,473240,千克,0,—,509423
73021000,钢轨,301,比利时,6632,千克,0,—,9012
73021000,钢轨,312,西班牙,9980,千克,0,—,144018
73021000,钢轨,315,奥地利,3127308,千克,0,—,4442236
73021000,钢轨,327,波兰,109890,千克,0,—,614509
73024000,钢铁鱼尾板及钢轨垫板,301,比利时,1748,千克,0,—,23092
73029090,其他铺轨用钢铁材料,301,比利时,5050,千克,0,—,37939
73029090,其他铺轨用钢铁材料,327,波兰,66924,千克,0,—,161979
73030090,其他铸铁管及空心异型...,305,法国,68,千克,0,—,2099
73030090,其他铸铁管及空心异型...,307,意大利,228,千克,0,—,8236
73030090,其他铸铁管及空心异型...,312,西班牙,570,千克,0,—,2786
73041110,不锈钢石油天然气管道...,307,意大利,31360,千克,0,—,589620
73041120,不锈钢石油天然气管道...,305,法国,189,千克,0,—,2142
73041120,不锈钢石油天然气管道...,315,奥地利,439,千克,0,—,2588
73041130,不锈钢石油天然气管道...,305,法国,377,千克,0,—,5058
73041130,不锈钢石油天然气管道...,307,意大利,18,千克,0,—,218
73041130,不锈钢石油天然气管道...,312,西班牙,463,千克,0,—,9053
73041130,不锈钢石油天然气管道...,315,奥地利,5895,千克,0,—,60272
73041190,不锈钢石油天然气管道...,307,意大利,50450,千克,0,—,684148
73041910,其他钢石油天然气管道...,307,意大利,72748,千克,0,—,275129
73041920,其他钢石油天然气管道...,307,意大利,7369,千克,0,—,29300
73041920,其他钢石油天然气管道...,327,波兰,59,千克,0,—,14881
73041930,其他钢石油天然气无缝...,305,法国,3,千克,0,—,82
73041930,其他钢石油天然气无缝...,307,意大利,243,千克,0,—,3619
73041930,其他钢石油天然气无缝...,312,西班牙,15116,千克,0,—,61312
73041930,其他钢石油天然气无缝...,315,奥地利,1644,千克,0,—,30228
73041990,其他钢石油天然气无缝...,307,意大利,4364,千克,0,—,33055
73042310,其他钢制钻探石油天然...,138,阿联酋,54880,千克,0,—,34608
73042310,其他钢制钻探石油天然...,315,奥地利,65079,千克,0,—,177548
73043190,未列名冷拔或冷轧铁或...,305,法国,1673,千克,0,—,7436
73043190,未列名冷拔或冷轧铁或...,307,意大利,28150,千克,0,—,160045
73043190,未列名冷拔或冷轧铁或...,321,匈牙利,87446,千克,0,—,938989
73043190,未列名冷拔或冷轧铁或...,326,挪威,60,千克,0,—,3120
73043910,非冷拔或冷轧铁或普通...,307,意大利,792,千克,0,—,1520
73043990,未列名非冷拔或冷轧铁...,307,意大利,3946,千克,0,—,27942
73043990,未列名非冷拔或冷轧铁...,312,西班牙,2094,千克,0,—,7419
73043990,未列名非冷拔或冷轧铁...,327,波兰,1,千克,0,—,15
73044110,冷拔或冷轧的不锈钢无...,312,西班牙,78,千克,0,—,2230
73044190,未列名冷拔或冷轧的不...,301,比利时,18,千克,0,—,1837
73044190,未列名冷拔或冷轧的不...,305,法国,320,千克,0,—,90256
73044190,未列名冷拔或冷轧的不...,306,爱尔兰,148,千克,0,—,140393
73044190,未列名冷拔或冷轧的不...,307,意大利,4534,千克,0,—,143981
73044190,未列名冷拔或冷轧的不...,309,荷兰,15,千克,0,—,3815
73044190,未列名冷拔或冷轧的不...,312,西班牙,722,千克,0,—,15518
73044190,未列名冷拔或冷轧的不...,315,奥地利,4389,千克,0,—,185142
73044190,未列名冷拔或冷轧的不...,318,芬兰,8,千克,0,—,838
73044190,未列名冷拔或冷轧的不...,326,挪威,18132,千克,0,—,351000
73044990,未列名非冷拔或冷轧的...,301,比利时,0,千克,0,—,145
73044990,未列名非冷拔或冷轧的...,305,法国,11,千克,0,—,3869
73044990,未列名非冷拔或冷轧的...,307,意大利,350969,千克,0,—,3663188
73044990,未列名非冷拔或冷轧的...,309,荷兰,0,千克,0,—,1845
73044990,未列名非冷拔或冷轧的...,312,西班牙,63013,千克,0,—,517751
73044990,未列名非冷拔或冷轧的...,315,奥地利,12,千克,0,—,383
73044990,未列名非冷拔或冷轧的...,318,芬兰,4,千克,0,—,109
73045110,冷拔或冷轧的其他合金...,137,土耳其,60,千克,0,—,216
73045110,冷拔或冷轧的其他合金...,318,芬兰,0,千克,0,—,35
73045190,未列名冷拔或冷轧的合...,301,比利时,3,千克,0,—,254
73045190,未列名冷拔或冷轧的合...,305,法国,25679,千克,0,—,110505
73045190,未列名冷拔或冷轧的合...,307,意大利,3,千克,0,—,1
73045190,未列名冷拔或冷轧的合...,321,匈牙利,4137,千克,0,—,54501
73045910,非冷拔或冷轧的其他合...,307,意大利,95246,千克,0,—,394419
73045990,未列名非冷拔或冷轧的...,108,塞浦路斯,1570700,千克,0,—,774358
73045990,未列名非冷拔或冷轧的...,306,爱尔兰,5,千克,0,—,14456
73045990,未列名非冷拔或冷轧的...,307,意大利,563286,千克,0,—,2292613
73045990,未列名非冷拔或冷轧的...,312,西班牙,68,千克,0,—,186
73045990,未列名非冷拔或冷轧的...,410,巴西,2100,千克,0,—,5682
73049000,其他无缝钢铁管及空心...,305,法国,1153,千克,0,—,3294
73049000,其他无缝钢铁管及空心...,307,意大利,4400,千克,0,—,14124
73049000,其他无缝钢铁管及空心...,312,西班牙,10320,千克,0,—,35191
73049000,其他无缝钢铁管及空心...,410,巴西,3466,千克,0,—,7177
73049000,其他无缝钢铁管及空心...,501,加拿大,62,千克,0,—,297
73051100,纵向埋弧焊石油或天然...,307,意大利,5092,千克,0,—,52789
73051200,其他纵向焊石油或天然...,305,法国,13304,千克,0,—,85949
73051200,其他纵向焊石油或天然...,307,意大利,2650,千克,0,—,17531
73053100,其他纵向焊圆形截面钢...,307,意大利,110288,千克,0,—,571885
73053900,其他焊接的圆形截面钢...,301,比利时,2890,千克,0,—,31521
73061100,不锈钢制石油或天然气...,305,法国,125015,千克,0,—,877365
73062900,其他钢铁制钻探石油或...,339,阿塞拜疆（2023年起停用）,30,千克,0,—,850
73063011,其他铁圆形截面焊缝管...,137,土耳其,695,千克,0,—,8875
73063011,其他铁圆形截面焊缝管...,307,意大利,1972,千克,0,—,3467
73063019,其他铁圆形截面焊缝管...,307,意大利,6646,千克,0,—,36046
73063090,其他铁圆形截面焊缝管...,137,土耳其,6552,千克,0,—,8537
73063090,其他铁圆形截面焊缝管...,305,法国,220,千克,0,—,4241
73063090,其他铁圆形截面焊缝管...,307,意大利,6080,千克,0,—,60524
73063090,其他铁圆形截面焊缝管...,309,荷兰,983,千克,0,—,22245
73063090,其他铁圆形截面焊缝管...,312,西班牙,8,千克,0,—,1030
73063090,其他铁圆形截面焊缝管...,318,芬兰,309,千克,0,—,4195
73063090,其他铁圆形截面焊缝管...,410,巴西,11826,千克,0,—,21746
73063090,其他铁圆形截面焊缝管...,429,墨西哥,49752,千克,0,—,147311
73063090,其他铁圆形截面焊缝管...,501,加拿大,69695,千克,0,—,258738
73064000,其他不锈钢圆形截面焊...,244,南非,30,千克,0,—,54
73064000,其他不锈钢圆形截面焊...,301,比利时,346,千克,0,—,13262
73064000,其他不锈钢圆形截面焊...,305,法国,18890,千克,0,—,268128
73064000,其他不锈钢圆形截面焊...,307,意大利,106633,千克,0,—,1272813
73064000,其他不锈钢圆形截面焊...,312,西班牙,7,千克,0,—,835
73064000,其他不锈钢圆形截面焊...,315,奥地利,20,千克,0,—,452
73064000,其他不锈钢圆形截面焊...,318,芬兰,6,千克,0,—,1164
73064000,其他不锈钢圆形截面焊...,321,匈牙利,28,千克,0,—,306
73064000,其他不锈钢圆形截面焊...,326,挪威,20826,千克,0,—,500031
73064000,其他不锈钢圆形截面焊...,327,波兰,2386,千克,0,—,21916
73064000,其他不锈钢圆形截面焊...,429,墨西哥,2724,千克,0,—,18418
73064000,其他不锈钢圆形截面焊...,501,加拿大,46,千克,0,—,27074
73065000,其他合金钢圆形截面焊...,301,比利时,203,千克,0,—,6116
73065000,其他合金钢圆形截面焊...,305,法国,41896,千克,0,—,86919
73065000,其他合金钢圆形截面焊...,312,西班牙,50544,千克,0,—,126539
73065000,其他合金钢圆形截面焊...,501,加拿大,1,千克,0,—,1015
73066100,矩形或正方形截面的其...,138,阿联酋,8132,千克,0,—,9740
73066100,矩形或正方形截面的其...,309,荷兰,348,千克,0,—,41710
73066100,矩形或正方形截面的其...,318,芬兰,70857,千克,0,—,196422
73066100,矩形或正方形截面的其...,501,加拿大,13610,千克,0,—,37191
73069000,未列名钢铁管及空心异...,307,意大利,1200,千克,58,个,91897
73071100,无可锻性铸铁管子附件,301,比利时,680,千克,0,—,11433
73071100,无可锻性铸铁管子附件,305,法国,713,千克,0,—,7479
73071100,无可锻性铸铁管子附件,307,意大利,450,千克,0,—,7625
73071100,无可锻性铸铁管子附件,309,荷兰,1,千克,0,—,243
73071100,无可锻性铸铁管子附件,312,西班牙,1,千克,0,—,3
73071100,无可锻性铸铁管子附件,315,奥地利,38,千克,0,—,1655
73071100,无可锻性铸铁管子附件,318,芬兰,1,千克,0,—,161
73071100,无可锻性铸铁管子附件,321,匈牙利,1555,千克,0,—,42428
73071100,无可锻性铸铁管子附件,326,挪威,5,千克,0,—,674
73071100,无可锻性铸铁管子附件,327,波兰,1640,千克,0,—,6929
73071100,无可锻性铸铁管子附件,429,墨西哥,1174,千克,0,—,4980
73071100,无可锻性铸铁管子附件,501,加拿大,17,千克,0,—,750
73071900,可锻性铸铁及铸钢管子...,129,菲律宾,1544,千克,0,—,23803
73071900,可锻性铸铁及铸钢管子...,137,土耳其,397,千克,0,—,18602
73071900,可锻性铸铁及铸钢管子...,244,南非,185,千克,0,—,434
73071900,可锻性铸铁及铸钢管子...,301,比利时,103,千克,0,—,2706
73071900,可锻性铸铁及铸钢管子...,305,法国,4000,千克,0,—,61126
73071900,可锻性铸铁及铸钢管子...,307,意大利,6866,千克,0,—,108807
73071900,可锻性铸铁及铸钢管子...,309,荷兰,1549,千克,0,—,19141
73071900,可锻性铸铁及铸钢管子...,312,西班牙,30,千克,0,—,2795
73071900,可锻性铸铁及铸钢管子...,315,奥地利,152,千克,0,—,16701
73071900,可锻性铸铁及铸钢管子...,318,芬兰,125,千克,0,—,2885
73071900,可锻性铸铁及铸钢管子...,321,匈牙利,1526,千克,0,—,11527
73071900,可锻性铸铁及铸钢管子...,326,挪威,187,千克,0,—,3048
73071900,可锻性铸铁及铸钢管子...,327,波兰,2562,千克,0,—,53200
73071900,可锻性铸铁及铸钢管子...,410,巴西,200,千克,0,—,3221
73071900,可锻性铸铁及铸钢管子...,429,墨西哥,2,千克,0,—,112
73071900,可锻性铸铁及铸钢管子...,501,加拿大,55,千克,0,—,10807
73072100,不锈钢制法兰,137,土耳其,1,千克,0,—,46
73072100,不锈钢制法兰,301,比利时,380,千克,0,—,13974
73072100,不锈钢制法兰,305,法国,1489,千克,0,—,215048
73072100,不锈钢制法兰,306,爱尔兰,2,千克,0,—,4198
73072100,不锈钢制法兰,307,意大利,214632,千克,0,—,2517579
73072100,不锈钢制法兰,309,荷兰,136,千克,0,—,3629
73072100,不锈钢制法兰,310,希腊,49,千克,0,—,2591
73072100,不锈钢制法兰,312,西班牙,13360,千克,0,—,69658
73072100,不锈钢制法兰,315,奥地利,9,千克,0,—,2544
73072100,不锈钢制法兰,318,芬兰,68,千克,0,—,14292
73072100,不锈钢制法兰,321,匈牙利,341,千克,0,—,18290
73072100,不锈钢制法兰,326,挪威,918,千克,0,—,16370
73072100,不锈钢制法兰,327,波兰,318,千克,0,—,10541
73072100,不锈钢制法兰,350,斯洛文尼亚,18,千克,0,—,1300
73072100,不锈钢制法兰,410,巴西,8,千克,0,—,364
73072100,不锈钢制法兰,501,加拿大,14,千克,0,—,206
73072200,不锈钢制螺纹肘管、弯...,137,土耳其,3016,千克,0,—,74091
73072200,不锈钢制螺纹肘管、弯...,301,比利时,319,千克,0,—,10817
73072200,不锈钢制螺纹肘管、弯...,305,法国,836,千克,0,—,133323
73072200,不锈钢制螺纹肘管、弯...,306,爱尔兰,18,千克,0,—,11818
73072200,不锈钢制螺纹肘管、弯...,307,意大利,385,千克,0,—,39987
73072200,不锈钢制螺纹肘管、弯...,309,荷兰,28,千克,0,—,10722
73072200,不锈钢制螺纹肘管、弯...,312,西班牙,589,千克,0,—,68593
73072200,不锈钢制螺纹肘管、弯...,315,奥地利,47,千克,0,—,2648
73072200,不锈钢制螺纹肘管、弯...,318,芬兰,538,千克,0,—,35439
73072200,不锈钢制螺纹肘管、弯...,321,匈牙利,4,千克,0,—,698
73072200,不锈钢制螺纹肘管、弯...,327,波兰,115,千克,0,—,15748
73072200,不锈钢制螺纹肘管、弯...,350,斯洛文尼亚,77,千克,0,—,853
73072200,不锈钢制螺纹肘管、弯...,410,巴西,3,千克,0,—,97
73072200,不锈钢制螺纹肘管、弯...,429,墨西哥,693,千克,0,—,43058
73072200,不锈钢制螺纹肘管、弯...,501,加拿大,12,千克,0,—,5664
73072300,不锈钢制对焊件,305,法国,124,千克,0,—,5050
73072300,不锈钢制对焊件,307,意大利,189937,千克,0,—,2348093
73072300,不锈钢制对焊件,315,奥地利,10,千克,0,—,1836
73072300,不锈钢制对焊件,318,芬兰,17,千克,0,—,231
73072300,不锈钢制对焊件,326,挪威,1260,千克,0,—,18229
73072900,不锈钢制其他管子附件,137,土耳其,661,千克,0,—,17356
73072900,不锈钢制其他管子附件,301,比利时,48,千克,0,—,7673
73072900,不锈钢制其他管子附件,305,法国,1836,千克,0,—,676176
73072900,不锈钢制其他管子附件,306,爱尔兰,38,千克,0,—,7955
73072900,不锈钢制其他管子附件,307,意大利,67325,千克,0,—,1709912
73072900,不锈钢制其他管子附件,309,荷兰,453,千克,0,—,126870
73072900,不锈钢制其他管子附件,312,西班牙,7127,千克,0,—,239854
73072900,不锈钢制其他管子附件,315,奥地利,33458,千克,0,—,1118256
73072900,不锈钢制其他管子附件,316,保加利亚,0,千克,0,—,6
73072900,不锈钢制其他管子附件,318,芬兰,1372,千克,0,—,54564
73072900,不锈钢制其他管子附件,321,匈牙利,7,千克,0,—,770
73072900,不锈钢制其他管子附件,326,挪威,1044,千克,0,—,160654
73072900,不锈钢制其他管子附件,327,波兰,898,千克,0,—,72242
73072900,不锈钢制其他管子附件,336,立陶宛,39,千克,0,—,3727
73072900,不锈钢制其他管子附件,350,斯洛文尼亚,1236,千克,0,—,30614
73072900,不锈钢制其他管子附件,410,巴西,65,千克,0,—,4174
73072900,不锈钢制其他管子附件,429,墨西哥,767,千克,0,—,64358
73072900,不锈钢制其他管子附件,501,加拿大,2846,千克,0,—,324759
73079100,其他钢铁制法兰,137,土耳其,1173,千克,0,—,7959
73079100,其他钢铁制法兰,301,比利时,263,千克,0,—,5620
73079100,其他钢铁制法兰,305,法国,1649,千克,0,—,58274
73079100,其他钢铁制法兰,306,爱尔兰,0,千克,0,—,398
73079100,其他钢铁制法兰,307,意大利,71695,千克,0,—,500802
73079100,其他钢铁制法兰,309,荷兰,39908,千克,0,—,200493
73079100,其他钢铁制法兰,310,希腊,16,千克,0,—,50
73079100,其他钢铁制法兰,312,西班牙,667,千克,0,—,29168
73079100,其他钢铁制法兰,315,奥地利,157,千克,0,—,8131
73079100,其他钢铁制法兰,318,芬兰,1685,千克,0,—,15800
73079100,其他钢铁制法兰,321,匈牙利,552,千克,0,—,4212
73079100,其他钢铁制法兰,326,挪威,4,千克,0,—,361
73079100,其他钢铁制法兰,327,波兰,944,千克,0,—,23961
73079100,其他钢铁制法兰,336,立陶宛,487,千克,0,—,9741
73079100,其他钢铁制法兰,350,斯洛文尼亚,54,千克,0,—,876
73079100,其他钢铁制法兰,429,墨西哥,19,千克,0,—,1105
73079100,其他钢铁制法兰,501,加拿大,276,千克,0,—,2909
73079200,其他钢铁制螺纹肘管、...,137,土耳其,20,千克,0,—,316
73079200,其他钢铁制螺纹肘管、...,138,阿联酋,682,千克,0,—,8338
73079200,其他钢铁制螺纹肘管、...,301,比利时,136,千克,0,—,5722
73079200,其他钢铁制螺纹肘管、...,305,法国,69,千克,0,—,2671
73079200,其他钢铁制螺纹肘管、...,307,意大利,23710,千克,0,—,325746
73079200,其他钢铁制螺纹肘管、...,309,荷兰,6,千克,0,—,1926
73079200,其他钢铁制螺纹肘管、...,312,西班牙,212,千克,0,—,9171
73079200,其他钢铁制螺纹肘管、...,315,奥地利,50,千克,0,—,1148
73079200,其他钢铁制螺纹肘管、...,318,芬兰,12,千克,0,—,1305
73079200,其他钢铁制螺纹肘管、...,321,匈牙利,213,千克,0,—,7585
73079200,其他钢铁制螺纹肘管、...,326,挪威,1,千克,0,—,218
73079200,其他钢铁制螺纹肘管、...,327,波兰,3669,千克,0,—,120996
73079200,其他钢铁制螺纹肘管、...,501,加拿大,34,千克,0,—,2256
73079300,其他钢铁制对焊件,305,法国,448,千克,0,—,38233
73079300,其他钢铁制对焊件,307,意大利,21766,千克,0,—,289031
73079300,其他钢铁制对焊件,309,荷兰,1,千克,0,—,42
73079300,其他钢铁制对焊件,429,墨西哥,69,千克,0,—,3005
73079300,其他钢铁制对焊件,501,加拿大,38,千克,0,—,990
73079900,未列名钢铁制管子附件,129,菲律宾,1,千克,0,—,24
73079900,未列名钢铁制管子附件,137,土耳其,252,千克,0,—,5407
73079900,未列名钢铁制管子附件,138,阿联酋,758,千克,0,—,35639
73079900,未列名钢铁制管子附件,239,圣多美和普林西比,15,千克,0,—,69
73079900,未列名钢铁制管子附件,244,南非,1,千克,0,—,58
73079900,未列名钢铁制管子附件,301,比利时,2771,千克,0,—,49374
73079900,未列名钢铁制管子附件,305,法国,20254,千克,0,—,420008
73079900,未列名钢铁制管子附件,306,爱尔兰,49,千克,0,—,1058
73079900,未列名钢铁制管子附件,307,意大利,72662,千克,0,—,1482663
73079900,未列名钢铁制管子附件,309,荷兰,649,千克,0,—,24928
73079900,未列名钢铁制管子附件,310,希腊,0,千克,0,—,26
73079900,未列名钢铁制管子附件,312,西班牙,1198,千克,0,—,103827
73079900,未列名钢铁制管子附件,315,奥地利,107,千克,0,—,15573
73079900,未列名钢铁制管子附件,316,保加利亚,5,千克,0,—,30
73079900,未列名钢铁制管子附件,318,芬兰,490,千克,0,—,14399
73079900,未列名钢铁制管子附件,321,匈牙利,4,千克,0,—,672
73079900,未列名钢铁制管子附件,326,挪威,6,千克,0,—,2764
73079900,未列名钢铁制管子附件,327,波兰,30166,千克,0,—,276900
73079900,未列名钢铁制管子附件,410,巴西,71,千克,0,—,8858
73079900,未列名钢铁制管子附件,429,墨西哥,597,千克,0,—,42786
73079900,未列名钢铁制管子附件,501,加拿大,1417,千克,0,—,131278
73083000,钢铁制门窗及其框架、...,307,意大利,98472,千克,0,—,592191
73083000,钢铁制门窗及其框架、...,309,荷兰,16529,千克,0,—,463829
73083000,钢铁制门窗及其框架、...,318,芬兰,7460,千克,0,—,162016
73083000,钢铁制门窗及其框架、...,327,波兰,203,千克,0,—,10058
73083000,钢铁制门窗及其框架、...,350,斯洛文尼亚,60,千克,0,—,512
73084000,钢铁制脚手架、模板或...,307,意大利,45,千克,0,—,58
73084000,钢铁制脚手架、模板或...,327,波兰,300,千克,0,—,300
73084000,钢铁制脚手架、模板或...,501,加拿大,19692,千克,0,—,221167
73089000,其他钢铁结构体；钢结...,137,土耳其,1363,千克,0,—,12915
73089000,其他钢铁结构体；钢结...,138,阿联酋,360,千克,0,—,4370
73089000,其他钢铁结构体；钢结...,301,比利时,143,千克,0,—,12566
73089000,其他钢铁结构体；钢结...,305,法国,40856,千克,0,—,1385826
73089000,其他钢铁结构体；钢结...,307,意大利,108100,千克,0,—,1237296
73089000,其他钢铁结构体；钢结...,309,荷兰,278989,千克,0,—,2662239
73089000,其他钢铁结构体；钢结...,312,西班牙,6073,千克,0,—,46259
73089000,其他钢铁结构体；钢结...,315,奥地利,172192,千克,0,—,310463
73089000,其他钢铁结构体；钢结...,318,芬兰,23848,千克,0,—,986028
73089000,其他钢铁结构体；钢结...,321,匈牙利,346,千克,0,—,7212
73089000,其他钢铁结构体；钢结...,326,挪威,1,千克,0,—,3936
73089000,其他钢铁结构体；钢结...,327,波兰,5633,千克,0,—,407418
73089000,其他钢铁结构体；钢结...,429,墨西哥,233,千克,0,—,2421
73089000,其他钢铁结构体；钢结...,501,加拿大,25720,千克,0,—,194986
73090000,装物料的钢铁槽、罐、...,137,土耳其,23080,千克,0,—,102076
73090000,装物料的钢铁槽、罐、...,301,比利时,925,千克,0,—,7155
73090000,装物料的钢铁槽、罐、...,305,法国,2935,千克,0,—,145130
73090000,装物料的钢铁槽、罐、...,307,意大利,14669,千克,0,—,108917
73090000,装物料的钢铁槽、罐、...,309,荷兰,280,千克,0,—,25396
73090000,装物料的钢铁槽、罐、...,315,奥地利,766,千克,0,—,13679
73090000,装物料的钢铁槽、罐、...,327,波兰,400,千克,0,—,38791
73090000,装物料的钢铁槽、罐、...,501,加拿大,2717,千克,0,—,9973
73101000,盛装物料的钢铁容器，...,301,比利时,0,千克,2,个,172
73101000,盛装物料的钢铁容器，...,305,法国,523,千克,1,个,10366
73101000,盛装物料的钢铁容器，...,307,意大利,19813,千克,744,个,129702
73101000,盛装物料的钢铁容器，...,318,芬兰,20,千克,2,个,12188
73101000,盛装物料的钢铁容器，...,327,波兰,16,千克,1,个,813
73102110,"易拉罐及罐体,焊边或...",429,墨西哥,200,千克,0,—,141
73102190,其他焊边或卷边接合的...,137,土耳其,4620,千克,0,—,11881
73102190,其他焊边或卷边接合的...,301,比利时,14,千克,0,—,2452
73102190,其他焊边或卷边接合的...,305,法国,125,千克,0,—,3316
73102190,其他焊边或卷边接合的...,307,意大利,8251,千克,0,—,105345
73102190,其他焊边或卷边接合的...,309,荷兰,17,千克,0,—,688
73102190,其他焊边或卷边接合的...,312,西班牙,8,千克,0,—,458
73102190,其他焊边或卷边接合的...,315,奥地利,440,千克,0,—,8191
73102190,其他焊边或卷边接合的...,318,芬兰,1427,千克,0,—,8731
73102190,其他焊边或卷边接合的...,327,波兰,45,千克,0,—,1198
73102910,"易拉罐及罐体,非焊边...",312,西班牙,9132,千克,0,—,22944
73102990,其他盛装物料用钢铁容...,301,比利时,15700,千克,0,—,4496
73102990,其他盛装物料用钢铁容...,305,法国,259,千克,0,—,94982
73102990,其他盛装物料用钢铁容...,307,意大利,22929,千克,0,—,86542
73102990,其他盛装物料用钢铁容...,309,荷兰,2,千克,0,—,938
73102990,其他盛装物料用钢铁容...,321,匈牙利,10,千克,0,—,349
73102990,其他盛装物料用钢铁容...,429,墨西哥,14,千克,0,—,788
73110010,装压缩气体或液化气体...,244,南非,0,千克,0,—,94
73110010,装压缩气体或液化气体...,307,意大利,3,千克,0,—,364
73110010,装压缩气体或液化气体...,327,波兰,168,千克,0,—,5137
73110090,装压缩气体或液化气体...,301,比利时,700,千克,0,—,17000
73110090,装压缩气体或液化气体...,305,法国,200,千克,0,—,12957
73110090,装压缩气体或液化气体...,307,意大利,8805,千克,0,—,117337
73110090,装压缩气体或液化气体...,318,芬兰,350,千克,0,—,14284
73110090,装压缩气体或液化气体...,327,波兰,322,千克,0,—,4022
73110090,装压缩气体或液化气体...,501,加拿大,3432,千克,0,—,366835
73121000,非绝缘的钢铁绞股线、...,129,菲律宾,1059,千克,0,—,135751
73121000,非绝缘的钢铁绞股线、...,137,土耳其,108985,千克,0,—,394253
73121000,非绝缘的钢铁绞股线、...,244,南非,15408,千克,0,—,71381
73121000,非绝缘的钢铁绞股线、...,305,法国,86217,千克,0,—,583564
73121000,非绝缘的钢铁绞股线、...,307,意大利,44103,千克,0,—,371239
73121000,非绝缘的钢铁绞股线、...,309,荷兰,556,千克,0,—,4408
73121000,非绝缘的钢铁绞股线、...,312,西班牙,3632,千克,0,—,59793
73121000,非绝缘的钢铁绞股线、...,315,奥地利,109895,千克,0,—,641186
73121000,非绝缘的钢铁绞股线、...,318,芬兰,2307,千克,0,—,17592
73121000,非绝缘的钢铁绞股线、...,321,匈牙利,10,千克,0,—,2709
73121000,非绝缘的钢铁绞股线、...,327,波兰,169015,千克,0,—,1387181
73121000,非绝缘的钢铁绞股线、...,429,墨西哥,1,千克,0,—,7835
73121000,非绝缘的钢铁绞股线、...,501,加拿大,42195,千克,0,—,189005
73129000,非绝缘的钢铁编带、吊...,129,菲律宾,33,千克,0,—,4720
73129000,非绝缘的钢铁编带、吊...,137,土耳其,253,千克,0,—,7716
73129000,非绝缘的钢铁编带、吊...,301,比利时,320,千克,0,—,8896
73129000,非绝缘的钢铁编带、吊...,305,法国,49380,千克,0,—,276438
73129000,非绝缘的钢铁编带、吊...,306,爱尔兰,1,千克,0,—,619
73129000,非绝缘的钢铁编带、吊...,307,意大利,2072,千克,0,—,24358
73129000,非绝缘的钢铁编带、吊...,309,荷兰,2877,千克,0,—,22431
73129000,非绝缘的钢铁编带、吊...,312,西班牙,6366,千克,0,—,37021
73129000,非绝缘的钢铁编带、吊...,315,奥地利,24643,千克,0,—,186013
73129000,非绝缘的钢铁编带、吊...,318,芬兰,679,千克,0,—,8364
73129000,非绝缘的钢铁编带、吊...,321,匈牙利,2,千克,0,—,760
73129000,非绝缘的钢铁编带、吊...,327,波兰,0,千克,0,—,138
73129000,非绝缘的钢铁编带、吊...,410,巴西,6,千克,0,—,1938
73129000,非绝缘的钢铁编带、吊...,429,墨西哥,2,千克,0,—,2180
73129000,非绝缘的钢铁编带、吊...,501,加拿大,50872,千克,0,—,488119
73141200,不锈钢制机器用环形带,305,法国,18,千克,0,—,1695
73141200,不锈钢制机器用环形带,307,意大利,3,千克,0,—,219
73141400,不锈钢制其他机织布,301,比利时,5099,千克,0,—,601526
73141400,不锈钢制其他机织布,305,法国,90,千克,0,—,28782
73141400,不锈钢制其他机织布,307,意大利,141,千克,0,—,15083
73141400,不锈钢制其他机织布,312,西班牙,630,千克,0,—,16002
73141400,不锈钢制其他机织布,318,芬兰,5,千克,0,—,660
73141400,不锈钢制其他机织布,321,匈牙利,6,千克,0,—,459
73141400,不锈钢制其他机织布,327,波兰,2,千克,0,—,190
73141400,不锈钢制其他机织布,501,加拿大,60,千克,0,—,2689
73141900,其他钢铁丝机织布（包...,305,法国,1199,千克,0,—,50693
73141900,其他钢铁丝机织布（包...,307,意大利,649,千克,0,—,78595
73141900,其他钢铁丝机织布（包...,309,荷兰,5470,千克,0,—,86472
73141900,其他钢铁丝机织布（包...,315,奥地利,15,千克,0,—,1794
73141900,其他钢铁丝机织布（包...,501,加拿大,6,千克,0,—,164
73142000,交点焊接的钢铁丝制粗...,429,墨西哥,0,千克,0,—,184
73143100,其他钢铁丝制镀或涂锌...,307,意大利,2,千克,0,—,167
73143100,其他钢铁丝制镀或涂锌...,309,荷兰,80,千克,0,—,5116
73143100,其他钢铁丝制镀或涂锌...,318,芬兰,89,千克,0,—,171
73143900,其他钢铁丝制交点焊接...,137,土耳其,13,千克,0,—,137
73143900,其他钢铁丝制交点焊接...,305,法国,4,千克,0,—,4398
73144100,镀或涂锌的钢铁丝制布...,129,菲律宾,79,千克,0,—,5734
73144100,镀或涂锌的钢铁丝制布...,306,爱尔兰,3,千克,0,—,1664
73144100,镀或涂锌的钢铁丝制布...,429,墨西哥,0,千克,0,—,42
73144100,镀或涂锌的钢铁丝制布...,501,加拿大,0,千克,0,—,350
73144200,涂塑的钢铁丝制布、网...,312,西班牙,319,千克,0,—,2190
73144900,其他钢铁丝制布、网、...,301,比利时,5,千克,0,—,1006
73144900,其他钢铁丝制布、网、...,305,法国,78,千克,0,—,17532
73144900,其他钢铁丝制布、网、...,307,意大利,165,千克,0,—,10900
73144900,其他钢铁丝制布、网、...,312,西班牙,990,千克,0,—,20803
73144900,其他钢铁丝制布、网、...,315,奥地利,160,千克,0,—,37777
73144900,其他钢铁丝制布、网、...,321,匈牙利,511,千克,0,—,14581
73144900,其他钢铁丝制布、网、...,327,波兰,590,千克,0,—,17154
73144900,其他钢铁丝制布、网、...,501,加拿大,91,千克,0,—,4644
73145000,网眼钢铁板,318,芬兰,1,千克,0,—,254
73151120,摩托车用滚子链,307,意大利,3747,千克,0,—,57691
73151190,其他滚子链,301,比利时,6305,千克,0,—,109517
73151190,其他滚子链,305,法国,6140,千克,0,—,132287
73151190,其他滚子链,307,意大利,17320,千克,0,—,488074
73151190,其他滚子链,309,荷兰,44,千克,0,—,1422
73151190,其他滚子链,312,西班牙,21,千克,0,—,3017
73151190,其他滚子链,315,奥地利,189,千克,0,—,9402
73151190,其他滚子链,321,匈牙利,51,千克,0,—,329
73151190,其他滚子链,327,波兰,27,千克,0,—,5198
73151190,其他滚子链,410,巴西,71,千克,0,—,1306
73151190,其他滚子链,501,加拿大,0,千克,0,—,15
73151200,其他铰接链（滚子链除...,244,南非,204882,千克,0,—,466386
73151200,其他铰接链（滚子链除...,301,比利时,0,千克,0,—,1
73151200,其他铰接链（滚子链除...,305,法国,39311,千克,0,—,678664
73151200,其他铰接链（滚子链除...,307,意大利,7790,千克,0,—,76214
73151200,其他铰接链（滚子链除...,309,荷兰,55,千克,0,—,759
73151200,其他铰接链（滚子链除...,312,西班牙,12,千克,0,—,392
73151200,其他铰接链（滚子链除...,350,斯洛文尼亚,2,千克,0,—,147
73151200,其他铰接链（滚子链除...,429,墨西哥,5,千克,0,—,84
73151200,其他铰接链（滚子链除...,501,加拿大,5,千克,0,—,2203
73151900,铰接链的零件,137,土耳其,0,千克,0,—,6
73151900,铰接链的零件,301,比利时,0,千克,0,—,24
73151900,铰接链的零件,305,法国,23334,千克,0,—,175905
73151900,铰接链的零件,307,意大利,1237,千克,0,—,49965
73151900,铰接链的零件,309,荷兰,387,千克,0,—,743
73151900,铰接链的零件,312,西班牙,1100,千克,0,—,11825
73151900,铰接链的零件,315,奥地利,10,千克,0,—,242
73152000,防滑链,309,荷兰,10,千克,0,—,386
73152000,防滑链,318,芬兰,6880,千克,0,—,42422
73158100,日字环节链,301,比利时,68,千克,0,—,1954
73158100,日字环节链,305,法国,1,千克,0,—,344
73158100,日字环节链,307,意大利,715,千克,0,—,18169
73158100,日字环节链,309,荷兰,13268,千克,0,—,107392
73158100,日字环节链,312,西班牙,5073,千克,0,—,35061
73158100,日字环节链,315,奥地利,14785,千克,0,—,75691
73158100,日字环节链,350,斯洛文尼亚,27,千克,0,—,768
73158100,日字环节链,429,墨西哥,0,千克,0,—,50
73158200,其他焊接链,305,法国,21,千克,0,—,2850
73158200,其他焊接链,307,意大利,7542,千克,0,—,32730
73158200,其他焊接链,312,西班牙,444,千克,0,—,7424
73158200,其他焊接链,315,奥地利,5150,千克,0,—,46695
73158200,其他焊接链,327,波兰,120800,千克,0,—,452431
73158900,未列名钢铁链,244,南非,23146,千克,0,—,77082
73158900,未列名钢铁链,301,比利时,1,千克,0,—,82
73158900,未列名钢铁链,305,法国,164,千克,0,—,10936
73158900,未列名钢铁链,307,意大利,1418,千克,0,—,54669
73158900,未列名钢铁链,309,荷兰,22,千克,0,—,366
73158900,未列名钢铁链,315,奥地利,8334,千克,0,—,115519
73158900,未列名钢铁链,350,斯洛文尼亚,78,千克,0,—,90
73159000,链（铰接链除外）的零...,137,土耳其,501,千克,0,—,9865
73159000,链（铰接链除外）的零...,301,比利时,6,千克,0,—,227
73159000,链（铰接链除外）的零...,305,法国,0,千克,0,—,28
73159000,链（铰接链除外）的零...,307,意大利,363,千克,0,—,15230
73159000,链（铰接链除外）的零...,309,荷兰,0,千克,0,—,5
73159000,链（铰接链除外）的零...,327,波兰,4749,千克,0,—,136824
73160000,钢铁锚、多爪锚及其零...,307,意大利,54,千克,0,—,1694
73170000,钢铁制钉、平头钉、图...,305,法国,10188,千克,0,—,48692
73170000,钢铁制钉、平头钉、图...,307,意大利,18,千克,0,—,2079
73170000,钢铁制钉、平头钉、图...,309,荷兰,8,千克,0,—,309
73170000,钢铁制钉、平头钉、图...,315,奥地利,2223,千克,0,—,10850
73170000,钢铁制钉、平头钉、图...,318,芬兰,908,千克,0,—,13265
73170000,钢铁制钉、平头钉、图...,429,墨西哥,177,千克,0,—,5320
73181100,方头螺钉,307,意大利,173,千克,0,—,2729
73181100,方头螺钉,312,西班牙,2,千克,0,—,10
73181100,方头螺钉,318,芬兰,105,千克,0,—,1845
73181100,方头螺钉,429,墨西哥,1,千克,0,—,26
73181200,其他木螺钉,137,土耳其,252,千克,0,—,836
73181200,其他木螺钉,315,奥地利,2140,千克,0,—,35515
73181200,其他木螺钉,327,波兰,795,千克,0,—,5966
73181300,钩头螺钉及环头螺钉,305,法国,232,千克,0,—,11658
73181300,钩头螺钉及环头螺钉,307,意大利,0,千克,0,—,720
73181300,钩头螺钉及环头螺钉,309,荷兰,1,千克,0,—,12
73181300,钩头螺钉及环头螺钉,318,芬兰,230,千克,0,—,20114
73181300,钩头螺钉及环头螺钉,327,波兰,0,千克,0,—,7
73181300,钩头螺钉及环头螺钉,429,墨西哥,1,千克,0,—,133
73181300,钩头螺钉及环头螺钉,501,加拿大,2,千克,0,—,204
73181400,自攻螺钉,137,土耳其,6388,千克,0,—,78543
73181400,自攻螺钉,301,比利时,76,千克,0,—,949
73181400,自攻螺钉,305,法国,1746,千克,0,—,35898
73181400,自攻螺钉,307,意大利,4712,千克,0,—,54688
73181400,自攻螺钉,309,荷兰,914,千克,0,—,28626
73181400,自攻螺钉,312,西班牙,14534,千克,0,—,180614
73181400,自攻螺钉,315,奥地利,3,千克,0,—,85
73181400,自攻螺钉,318,芬兰,8,千克,0,—,771
73181400,自攻螺钉,321,匈牙利,0,千克,0,—,729
73181400,自攻螺钉,326,挪威,107,千克,0,—,3415
73181400,自攻螺钉,327,波兰,1699,千克,0,—,18027
73181400,自攻螺钉,350,斯洛文尼亚,6,千克,0,—,71
73181400,自攻螺钉,410,巴西,10,千克,0,—,293
73181400,自攻螺钉,429,墨西哥,700,千克,0,—,13566
73181400,自攻螺钉,501,加拿大,71,千克,0,—,6970
73181510,其他螺钉及螺栓，抗拉...,129,菲律宾,2794,千克,0,—,19278
73181510,其他螺钉及螺栓，抗拉...,137,土耳其,393215,千克,0,—,2132583
73181510,其他螺钉及螺栓，抗拉...,209,中非,2,千克,0,—,63
73181510,其他螺钉及螺栓，抗拉...,301,比利时,681,千克,0,—,9835
73181510,其他螺钉及螺栓，抗拉...,305,法国,77623,千克,0,—,1103570
73181510,其他螺钉及螺栓，抗拉...,306,爱尔兰,435,千克,0,—,18983
73181510,其他螺钉及螺栓，抗拉...,307,意大利,1512955,千克,0,—,10062880
73181510,其他螺钉及螺栓，抗拉...,309,荷兰,130660,千克,0,—,863245
73181510,其他螺钉及螺栓，抗拉...,312,西班牙,165812,千克,0,—,1324517
73181510,其他螺钉及螺栓，抗拉...,315,奥地利,1832,千克,0,—,30450
73181510,其他螺钉及螺栓，抗拉...,316,保加利亚,2,千克,0,—,216
73181510,其他螺钉及螺栓，抗拉...,318,芬兰,14301,千克,0,—,584374
73181510,其他螺钉及螺栓，抗拉...,321,匈牙利,3307,千克,0,—,80578
73181510,其他螺钉及螺栓，抗拉...,326,挪威,8570,千克,0,—,127798
73181510,其他螺钉及螺栓，抗拉...,327,波兰,203791,千克,0,—,1345263
73181510,其他螺钉及螺栓，抗拉...,340,白俄罗斯,115,千克,0,—,456
73181510,其他螺钉及螺栓，抗拉...,350,斯洛文尼亚,736,千克,0,—,9808
73181510,其他螺钉及螺栓，抗拉...,405,巴巴多斯,1,千克,0,—,108
73181510,其他螺钉及螺栓，抗拉...,410,巴西,291,千克,0,—,10322
73181510,其他螺钉及螺栓，抗拉...,429,墨西哥,59734,千克,0,—,294150
73181510,其他螺钉及螺栓，抗拉...,444,乌拉圭,8,千克,0,—,8
73181510,其他螺钉及螺栓，抗拉...,501,加拿大,18050,千克,0,—,221885
73181590,其他螺钉及螺栓，抗拉...,129,菲律宾,101,千克,0,—,8012
73181590,其他螺钉及螺栓，抗拉...,137,土耳其,13125,千克,0,—,115913
73181590,其他螺钉及螺栓，抗拉...,138,阿联酋,9,千克,0,—,694
73181590,其他螺钉及螺栓，抗拉...,244,南非,274,千克,0,—,8545
73181590,其他螺钉及螺栓，抗拉...,301,比利时,151,千克,0,—,26115
73181590,其他螺钉及螺栓，抗拉...,305,法国,11060,千克,0,—,480415
73181590,其他螺钉及螺栓，抗拉...,306,爱尔兰,1999,千克,0,—,29107
73181590,其他螺钉及螺栓，抗拉...,307,意大利,69558,千克,0,—,931434
73181590,其他螺钉及螺栓，抗拉...,309,荷兰,355,千克,0,—,39870
73181590,其他螺钉及螺栓，抗拉...,310,希腊,0,千克,0,—,27
73181590,其他螺钉及螺栓，抗拉...,312,西班牙,3415,千克,0,—,80327
73181590,其他螺钉及螺栓，抗拉...,315,奥地利,5436,千克,0,—,68235
73181590,其他螺钉及螺栓，抗拉...,316,保加利亚,64,千克,0,—,2566
73181590,其他螺钉及螺栓，抗拉...,318,芬兰,1184,千克,0,—,55396
73181590,其他螺钉及螺栓，抗拉...,321,匈牙利,647,千克,0,—,49410
73181590,其他螺钉及螺栓，抗拉...,326,挪威,30,千克,0,—,3242
73181590,其他螺钉及螺栓，抗拉...,327,波兰,3213,千克,0,—,40462
73181590,其他螺钉及螺栓，抗拉...,336,立陶宛,2,千克,0,—,3521
73181590,其他螺钉及螺栓，抗拉...,340,白俄罗斯,4,千克,0,—,34
73181590,其他螺钉及螺栓，抗拉...,350,斯洛文尼亚,13,千克,0,—,179
73181590,其他螺钉及螺栓，抗拉...,410,巴西,455,千克,0,—,23512
73181590,其他螺钉及螺栓，抗拉...,429,墨西哥,22451,千克,0,—,160696
73181590,其他螺钉及螺栓，抗拉...,501,加拿大,2456,千克,0,—,54989
73181600,螺母,129,菲律宾,846,千克,0,—,8030
73181600,螺母,137,土耳其,98306,千克,0,—,563064
73181600,螺母,138,阿联酋,94,千克,0,—,2293
73181600,螺母,244,南非,13,千克,0,—,1146
73181600,螺母,301,比利时,1424,千克,0,—,115075
73181600,螺母,305,法国,64756,千克,0,—,1836267
73181600,螺母,306,爱尔兰,2705,千克,0,—,65663
73181600,螺母,307,意大利,99760,千克,0,—,1303425
73181600,螺母,309,荷兰,5639,千克,0,—,51364
73181600,螺母,310,希腊,0,千克,0,—,457
73181600,螺母,312,西班牙,19116,千克,0,—,214508
73181600,螺母,315,奥地利,1588,千克,0,—,48347
73181600,螺母,316,保加利亚,1202,千克,0,—,15555
73181600,螺母,318,芬兰,220,千克,0,—,27038
73181600,螺母,321,匈牙利,592,千克,0,—,12740
73181600,螺母,326,挪威,131,千克,0,—,10100
73181600,螺母,327,波兰,3628,千克,0,—,39379
73181600,螺母,350,斯洛文尼亚,2248,千克,0,—,318593
73181600,螺母,410,巴西,999,千克,0,—,32959
73181600,螺母,429,墨西哥,1702,千克,0,—,157833
73181600,螺母,501,加拿大,38795,千克,0,—,446848
73181900,其他钢铁制螺纹制品,129,菲律宾,0,千克,0,—,1
73181900,其他钢铁制螺纹制品,137,土耳其,8175,千克,0,—,68261
73181900,其他钢铁制螺纹制品,138,阿联酋,34,千克,0,—,995
73181900,其他钢铁制螺纹制品,301,比利时,232,千克,0,—,14014
73181900,其他钢铁制螺纹制品,305,法国,2761,千克,0,—,227678
73181900,其他钢铁制螺纹制品,306,爱尔兰,5,千克,0,—,667
73181900,其他钢铁制螺纹制品,307,意大利,4404,千克,0,—,173049
73181900,其他钢铁制螺纹制品,309,荷兰,89,千克,0,—,3247
73181900,其他钢铁制螺纹制品,312,西班牙,5296,千克,0,—,49163
73181900,其他钢铁制螺纹制品,315,奥地利,6812,千克,0,—,79851
73181900,其他钢铁制螺纹制品,318,芬兰,98,千克,0,—,12427
73181900,其他钢铁制螺纹制品,321,匈牙利,1863,千克,0,—,27319
73181900,其他钢铁制螺纹制品,326,挪威,8970,千克,0,—,37826
73181900,其他钢铁制螺纹制品,327,波兰,31938,千克,0,—,248597
73181900,其他钢铁制螺纹制品,336,立陶宛,100,千克,0,—,26890
73181900,其他钢铁制螺纹制品,350,斯洛文尼亚,1930,千克,0,—,9433
73181900,其他钢铁制螺纹制品,410,巴西,101,千克,0,—,1994
73181900,其他钢铁制螺纹制品,429,墨西哥,20,千克,0,—,1367
73181900,其他钢铁制螺纹制品,501,加拿大,5390,千克,0,—,45353
73182100,弹簧垫圈及其他防松垫...,137,土耳其,1175,千克,0,—,28842
73182100,弹簧垫圈及其他防松垫...,138,阿联酋,0,千克,0,—,33
73182100,弹簧垫圈及其他防松垫...,244,南非,1,千克,0,—,2
73182100,弹簧垫圈及其他防松垫...,301,比利时,45,千克,0,—,3706
73182100,弹簧垫圈及其他防松垫...,305,法国,1742,千克,0,—,136956
73182100,弹簧垫圈及其他防松垫...,307,意大利,8890,千克,0,—,163123
73182100,弹簧垫圈及其他防松垫...,309,荷兰,165,千克,0,—,6531
73182100,弹簧垫圈及其他防松垫...,310,希腊,0,千克,0,—,35
73182100,弹簧垫圈及其他防松垫...,312,西班牙,787,千克,0,—,12826
73182100,弹簧垫圈及其他防松垫...,315,奥地利,38,千克,0,—,9813
73182100,弹簧垫圈及其他防松垫...,318,芬兰,41,千克,0,—,848
73182100,弹簧垫圈及其他防松垫...,321,匈牙利,2110,千克,0,—,16257
73182100,弹簧垫圈及其他防松垫...,326,挪威,1,千克,0,—,441
73182100,弹簧垫圈及其他防松垫...,327,波兰,288,千克,0,—,7944
73182100,弹簧垫圈及其他防松垫...,410,巴西,2273,千克,0,—,10679
73182100,弹簧垫圈及其他防松垫...,429,墨西哥,25,千克,0,—,7552
73182100,弹簧垫圈及其他防松垫...,501,加拿大,33,千克,0,—,6491
73182200,其他垫圈,129,菲律宾,1,千克,0,—,337
73182200,其他垫圈,137,土耳其,6996,千克,0,—,151586
73182200,其他垫圈,138,阿联酋,6,千克,0,—,2091
73182200,其他垫圈,301,比利时,576,千克,0,—,29980
73182200,其他垫圈,305,法国,5090,千克,0,—,972795
73182200,其他垫圈,306,爱尔兰,1,千克,0,—,110
73182200,其他垫圈,307,意大利,17322,千克,0,—,351805
73182200,其他垫圈,309,荷兰,5230,千克,0,—,79792
73182200,其他垫圈,310,希腊,2,千克,0,—,283
73182200,其他垫圈,312,西班牙,3201,千克,0,—,41251
73182200,其他垫圈,315,奥地利,4862,千克,0,—,43978
73182200,其他垫圈,316,保加利亚,29,千克,0,—,338
73182200,其他垫圈,318,芬兰,154,千克,0,—,9534
73182200,其他垫圈,321,匈牙利,262,千克,0,—,7702
73182200,其他垫圈,326,挪威,0,千克,0,—,28
73182200,其他垫圈,327,波兰,226,千克,0,—,13762
73182200,其他垫圈,336,立陶宛,1,千克,0,—,28
73182200,其他垫圈,350,斯洛文尼亚,5,千克,0,—,1269
73182200,其他垫圈,410,巴西,27,千克,0,—,4040
73182200,其他垫圈,429,墨西哥,7595,千克,0,—,107010
73182200,其他垫圈,501,加拿大,5819,千克,0,—,89762
73182300,铆钉,137,土耳其,8884,千克,0,—,59875
73182300,铆钉,301,比利时,77,千克,0,—,2037
73182300,铆钉,305,法国,134,千克,0,—,6899
73182300,铆钉,307,意大利,2467,千克,0,—,32869
73182300,铆钉,309,荷兰,2229,千克,0,—,28934
73182300,铆钉,312,西班牙,13459,千克,0,—,127246
73182300,铆钉,315,奥地利,9511,千克,0,—,87868
73182300,铆钉,321,匈牙利,12263,千克,0,—,50629
73182300,铆钉,327,波兰,1219,千克,0,—,9210
73182300,铆钉,410,巴西,0,千克,0,—,3
73182300,铆钉,429,墨西哥,7,千克,0,—,4101
73182300,铆钉,501,加拿大,1,千克,0,—,512
73182400,销及开尾销,129,菲律宾,2706,千克,0,—,79107
73182400,销及开尾销,137,土耳其,39157,千克,0,—,237233
73182400,销及开尾销,138,阿联酋,0,千克,0,—,36
73182400,销及开尾销,244,南非,150,千克,0,—,2030
73182400,销及开尾销,301,比利时,436,千克,0,—,13694
73182400,销及开尾销,305,法国,11125,千克,0,—,788215
73182400,销及开尾销,306,爱尔兰,37,千克,0,—,2209
73182400,销及开尾销,307,意大利,99414,千克,0,—,1108589
73182400,销及开尾销,309,荷兰,3601,千克,0,—,161228
73182400,销及开尾销,310,希腊,1,千克,0,—,1
73182400,销及开尾销,312,西班牙,4231,千克,0,—,62240
73182400,销及开尾销,315,奥地利,724,千克,0,—,61552
73182400,销及开尾销,316,保加利亚,505,千克,0,—,22260
73182400,销及开尾销,318,芬兰,3030,千克,0,—,94792
73182400,销及开尾销,321,匈牙利,1811,千克,0,—,63746
73182400,销及开尾销,326,挪威,34,千克,0,—,4093
73182400,销及开尾销,327,波兰,198,千克,0,—,5110
73182400,销及开尾销,350,斯洛文尼亚,45,千克,0,—,1248
73182400,销及开尾销,410,巴西,3968,千克,0,—,52647
73182400,销及开尾销,429,墨西哥,271,千克,0,—,17499
73182400,销及开尾销,501,加拿大,3824,千克,0,—,113661
73182900,其他钢铁制无螺纹制品,137,土耳其,1387,千克,0,—,32451
73182900,其他钢铁制无螺纹制品,301,比利时,143,千克,0,—,48071
73182900,其他钢铁制无螺纹制品,305,法国,4111,千克,0,—,318965
73182900,其他钢铁制无螺纹制品,306,爱尔兰,13,千克,0,—,3446
73182900,其他钢铁制无螺纹制品,307,意大利,9517,千克,0,—,227101
73182900,其他钢铁制无螺纹制品,309,荷兰,8502,千克,0,—,65723
73182900,其他钢铁制无螺纹制品,312,西班牙,21377,千克,0,—,118520
73182900,其他钢铁制无螺纹制品,315,奥地利,631,千克,0,—,19190
73182900,其他钢铁制无螺纹制品,316,保加利亚,450,千克,0,—,14096
73182900,其他钢铁制无螺纹制品,318,芬兰,34,千克,0,—,3518
73182900,其他钢铁制无螺纹制品,321,匈牙利,38,千克,0,—,3060
73182900,其他钢铁制无螺纹制品,326,挪威,8,千克,0,—,311
73182900,其他钢铁制无螺纹制品,327,波兰,48,千克,0,—,7277
73182900,其他钢铁制无螺纹制品,350,斯洛文尼亚,2768,千克,0,—,72370
73182900,其他钢铁制无螺纹制品,410,巴西,100,千克,0,—,1003
73182900,其他钢铁制无螺纹制品,429,墨西哥,698,千克,0,—,45279
73182900,其他钢铁制无螺纹制品,501,加拿大,2494,千克,0,—,35006
73194010,钢铁制安全别针,127,巴基斯坦,23,千克,0,—,90
73194010,钢铁制安全别针,305,法国,0,千克,0,—,64
73194090,钢铁制其他别针,301,比利时,1,千克,0,—,190
73194090,钢铁制其他别针,315,奥地利,6,千克,0,—,185
73194090,钢铁制其他别针,410,巴西,0,千克,0,—,158
73199000,钢铁制的手工缝针、编...,127,巴基斯坦,11,千克,0,—,1070
73199000,钢铁制的手工缝针、编...,305,法国,3,千克,0,—,1236
73199000,钢铁制的手工缝针、编...,306,爱尔兰,0,千克,0,—,1641
73199000,钢铁制的手工缝针、编...,307,意大利,13,千克,0,—,3288
73199000,钢铁制的手工缝针、编...,309,荷兰,0,千克,0,—,2988
73199000,钢铁制的手工缝针、编...,312,西班牙,5,千克,0,—,202
73199000,钢铁制的手工缝针、编...,318,芬兰,0,千克,0,—,644
73199000,钢铁制的手工缝针、编...,429,墨西哥,2,千克,0,—,179
73199000,钢铁制的手工缝针、编...,501,加拿大,0,千克,0,—,272
73201010,铁道车辆用钢铁片簧及...,315,奥地利,41,千克,0,—,5559
73201010,铁道车辆用钢铁片簧及...,321,匈牙利,199,千克,0,—,9705
73201010,铁道车辆用钢铁片簧及...,327,波兰,1,千克,0,—,54
73201020,汽车用钢铁片簧及簧片,137,土耳其,528,千克,0,—,31005
73201020,汽车用钢铁片簧及簧片,301,比利时,170,千克,0,—,1822
73201020,汽车用钢铁片簧及簧片,305,法国,5404,千克,0,—,169375
73201020,汽车用钢铁片簧及簧片,307,意大利,7091,千克,0,—,154233
73201020,汽车用钢铁片簧及簧片,309,荷兰,668,千克,0,—,6438
73201020,汽车用钢铁片簧及簧片,312,西班牙,5706,千克,0,—,103104
73201020,汽车用钢铁片簧及簧片,315,奥地利,5,千克,0,—,329
73201020,汽车用钢铁片簧及簧片,321,匈牙利,7362,千克,0,—,58732
73201020,汽车用钢铁片簧及簧片,327,波兰,11,千克,0,—,477
73201020,汽车用钢铁片簧及簧片,429,墨西哥,482,千克,0,—,9061
73201020,汽车用钢铁片簧及簧片,501,加拿大,65,千克,0,—,1280
73201090,其他钢铁片簧及簧片,129,菲律宾,2,千克,0,—,6000
73201090,其他钢铁片簧及簧片,137,土耳其,1981,千克,0,—,19754
73201090,其他钢铁片簧及簧片,138,阿联酋,1,千克,0,—,36
73201090,其他钢铁片簧及簧片,219,冈比亚,41,千克,0,—,1144
73201090,其他钢铁片簧及簧片,301,比利时,58,千克,0,—,2078
73201090,其他钢铁片簧及簧片,305,法国,2768,千克,0,—,155049
73201090,其他钢铁片簧及簧片,306,爱尔兰,0,千克,0,—,12
73201090,其他钢铁片簧及簧片,307,意大利,2073,千克,0,—,77324
73201090,其他钢铁片簧及簧片,309,荷兰,16,千克,0,—,20859
73201090,其他钢铁片簧及簧片,312,西班牙,520,千克,0,—,4414
73201090,其他钢铁片簧及簧片,315,奥地利,6829,千克,0,—,224691
73201090,其他钢铁片簧及簧片,318,芬兰,254,千克,0,—,31560
73201090,其他钢铁片簧及簧片,321,匈牙利,505,千克,0,—,52824
73201090,其他钢铁片簧及簧片,326,挪威,12,千克,0,—,752
73201090,其他钢铁片簧及簧片,327,波兰,246,千克,0,—,3970
73201090,其他钢铁片簧及簧片,410,巴西,1,千克,0,—,7
73201090,其他钢铁片簧及簧片,429,墨西哥,31,千克,0,—,13035
73201090,其他钢铁片簧及簧片,501,加拿大,21,千克,0,—,1789
73202010,铁道车辆用钢铁螺旋弹...,305,法国,355,千克,0,—,27576
73202010,铁道车辆用钢铁螺旋弹...,307,意大利,2,千克,0,—,4091
73202010,铁道车辆用钢铁螺旋弹...,315,奥地利,660,千克,0,—,26289
73202010,铁道车辆用钢铁螺旋弹...,321,匈牙利,1784,千克,0,—,54637
73202010,铁道车辆用钢铁螺旋弹...,327,波兰,0,千克,0,—,43
73202010,铁道车辆用钢铁螺旋弹...,410,巴西,2,千克,0,—,679
73202010,铁道车辆用钢铁螺旋弹...,429,墨西哥,20,千克,0,—,344
73202090,其他钢铁螺旋弹簧,129,菲律宾,350,千克,0,—,7242
73202090,其他钢铁螺旋弹簧,137,土耳其,13558,千克,0,—,40140
73202090,其他钢铁螺旋弹簧,138,阿联酋,15,千克,0,—,12
73202090,其他钢铁螺旋弹簧,244,南非,283659,千克,0,—,578149
73202090,其他钢铁螺旋弹簧,301,比利时,1017,千克,0,—,15148
73202090,其他钢铁螺旋弹簧,305,法国,41004,千克,0,—,1093895
73202090,其他钢铁螺旋弹簧,306,爱尔兰,3,千克,0,—,612
73202090,其他钢铁螺旋弹簧,307,意大利,25949,千克,0,—,805413
73202090,其他钢铁螺旋弹簧,309,荷兰,315,千克,0,—,28899
73202090,其他钢铁螺旋弹簧,310,希腊,0,千克,0,—,17
73202090,其他钢铁螺旋弹簧,312,西班牙,41963,千克,0,—,955358
73202090,其他钢铁螺旋弹簧,315,奥地利,3841,千克,0,—,93615
73202090,其他钢铁螺旋弹簧,316,保加利亚,11,千克,0,—,679
73202090,其他钢铁螺旋弹簧,318,芬兰,20928,千克,0,—,214401
73202090,其他钢铁螺旋弹簧,321,匈牙利,86561,千克,0,—,527451
73202090,其他钢铁螺旋弹簧,326,挪威,0,千克,0,—,22
73202090,其他钢铁螺旋弹簧,327,波兰,17778,千克,0,—,129750
73202090,其他钢铁螺旋弹簧,350,斯洛文尼亚,715,千克,0,—,115503
73202090,其他钢铁螺旋弹簧,410,巴西,31,千克,0,—,2476
73202090,其他钢铁螺旋弹簧,429,墨西哥,18373,千克,0,—,275394
73202090,其他钢铁螺旋弹簧,501,加拿大,52512,千克,0,—,681278
73209010,铁道车辆用其他钢铁弹...,321,匈牙利,70,千克,0,—,3390
73209010,铁道车辆用其他钢铁弹...,429,墨西哥,42,千克,0,—,4762
73209090,未列名钢铁弹簧,137,土耳其,2116,千克,0,—,16967
73209090,未列名钢铁弹簧,301,比利时,2,千克,0,—,157
73209090,未列名钢铁弹簧,305,法国,2166,千克,0,—,84938
73209090,未列名钢铁弹簧,307,意大利,1857,千克,0,—,128542
73209090,未列名钢铁弹簧,309,荷兰,608,千克,0,—,18409
73209090,未列名钢铁弹簧,312,西班牙,3705,千克,0,—,48870
73209090,未列名钢铁弹簧,315,奥地利,0,千克,0,—,684
73209090,未列名钢铁弹簧,318,芬兰,1516,千克,0,—,24686
73209090,未列名钢铁弹簧,321,匈牙利,1376,千克,0,—,17103
73209090,未列名钢铁弹簧,327,波兰,7109,千克,0,—,107043
73209090,未列名钢铁弹簧,350,斯洛文尼亚,0,千克,0,—,33
73209090,未列名钢铁弹簧,410,巴西,3,千克,0,—,356
73209090,未列名钢铁弹簧,429,墨西哥,881,千克,0,—,23546
73209090,未列名钢铁弹簧,501,加拿大,2290,千克,0,—,139370
73211100,用气体等燃料的钢铁制...,305,法国,6885,千克,417,个,491810
73211100,用气体等燃料的钢铁制...,307,意大利,15285,千克,1096,个,309768
73211100,用气体等燃料的钢铁制...,312,西班牙,5090,千克,302,个,118508
73211100,用气体等燃料的钢铁制...,350,斯洛文尼亚,69,千克,2,个,414
73211900,其他钢铁制家用炊事器...,137,土耳其,238,千克,50,个,200
73211900,其他钢铁制家用炊事器...,301,比利时,352,千克,16,个,4216
73211900,其他钢铁制家用炊事器...,305,法国,765,千克,261,个,23897
73211900,其他钢铁制家用炊事器...,307,意大利,44,千克,24,个,1700
73211900,其他钢铁制家用炊事器...,312,西班牙,11,千克,7,个,194
73218100,其他使用气体燃料的钢...,327,波兰,17,千克,1,个,872
73218100,其他使用气体燃料的钢...,429,墨西哥,11,千克,1,个,1006
73218200,其他使用液体燃料的钢...,307,意大利,185,千克,1,个,6713
73218200,其他使用液体燃料的钢...,312,西班牙,142,千克,1,个,4663
73218200,其他使用液体燃料的钢...,327,波兰,136,千克,5,个,12219
73218900,其他钢铁制家用器具,137,土耳其,2720,千克,602,个,5094
73218900,其他钢铁制家用器具,312,西班牙,485,千克,1,个,3597
73218900,其他钢铁制家用器具,327,波兰,72,千克,2,个,11851
73219000,品目7321的零件,137,土耳其,7355,千克,0,—,49907
73219000,品目7321的零件,305,法国,25,千克,0,—,1172
73219000,品目7321的零件,307,意大利,70968,千克,0,—,521177
73219000,品目7321的零件,309,荷兰,101,千克,0,—,3558
73219000,品目7321的零件,312,西班牙,1915,千克,0,—,83222
73219000,品目7321的零件,315,奥地利,13,千克,0,—,1542
73221100,非电热的铸铁制集中供...,137,土耳其,19670,千克,0,—,25562
73221100,非电热的铸铁制集中供...,309,荷兰,28068,千克,0,—,612183
73221900,非电热的其他钢铁制集...,137,土耳其,3677989,千克,0,—,4470781
73221900,非电热的其他钢铁制集...,301,比利时,46,千克,0,—,1114
73221900,非电热的其他钢铁制集...,307,意大利,14,千克,0,—,1470
73221900,非电热的其他钢铁制集...,327,波兰,33323,千克,0,—,66298
73229000,非电热钢铁制空气加热...,307,意大利,7454,千克,0,—,35642
73229000,非电热钢铁制空气加热...,501,加拿大,3731,千克,0,—,90846
73231000,钢铁丝绒、擦锅器及洗...,307,意大利,4,千克,0,—,291
73231000,钢铁丝绒、擦锅器及洗...,309,荷兰,3,千克,0,—,108
73239100,未搪瓷铸铁制餐桌、厨...,137,土耳其,764,千克,0,—,5615
73239100,未搪瓷铸铁制餐桌、厨...,305,法国,1387,千克,0,—,23742
73239100,未搪瓷铸铁制餐桌、厨...,307,意大利,8,千克,0,—,432
73239100,未搪瓷铸铁制餐桌、厨...,312,西班牙,40,千克,0,—,3102
73239200,已搪瓷铸铁制餐桌、厨...,137,土耳其,2809,千克,0,—,18533
73239200,已搪瓷铸铁制餐桌、厨...,305,法国,74766,千克,0,—,1670840
73239200,已搪瓷铸铁制餐桌、厨...,315,奥地利,561,千克,0,—,8383
73239200,已搪瓷铸铁制餐桌、厨...,318,芬兰,455,千克,0,—,19666
73239300,不锈钢制餐桌、厨房或...,129,菲律宾,1,千克,0,—,819
73239300,不锈钢制餐桌、厨房或...,137,土耳其,472,千克,0,—,6528
73239300,不锈钢制餐桌、厨房或...,301,比利时,1866,千克,0,—,47611
73239300,不锈钢制餐桌、厨房或...,305,法国,465,千克,0,—,30367
73239300,不锈钢制餐桌、厨房或...,307,意大利,8927,千克,0,—,239587
73239300,不锈钢制餐桌、厨房或...,309,荷兰,186,千克,0,—,4416
73239300,不锈钢制餐桌、厨房或...,312,西班牙,87,千克,0,—,1618
73239300,不锈钢制餐桌、厨房或...,315,奥地利,16,千克,0,—,1111
73239300,不锈钢制餐桌、厨房或...,318,芬兰,30,千克,0,—,550
73239300,不锈钢制餐桌、厨房或...,327,波兰,8,千克,0,—,368
73239300,不锈钢制餐桌、厨房或...,350,斯洛文尼亚,0,千克,0,—,57
73239300,不锈钢制餐桌、厨房或...,410,巴西,199,千克,0,—,7948
73239300,不锈钢制餐桌、厨房或...,429,墨西哥,3,千克,0,—,44
73239420,其他已搪瓷钢铁制烧锅,301,比利时,4,千克,0,—,246
73239420,其他已搪瓷钢铁制烧锅,305,法国,429,千克,0,—,13152
73239420,其他已搪瓷钢铁制烧锅,307,意大利,25,千克,0,—,1109
73239490,未列名已搪瓷钢铁制餐...,137,土耳其,655,千克,0,—,9959
73239490,未列名已搪瓷钢铁制餐...,315,奥地利,31,千克,0,—,956
73239900,其他未搪瓷钢铁餐桌、...,137,土耳其,248,千克,0,—,2629
73239900,其他未搪瓷钢铁餐桌、...,301,比利时,7306,千克,0,—,64355
73239900,其他未搪瓷钢铁餐桌、...,305,法国,192,千克,0,—,6461
73239900,其他未搪瓷钢铁餐桌、...,307,意大利,2790,千克,0,—,45778
73239900,其他未搪瓷钢铁餐桌、...,309,荷兰,7,千克,0,—,366
73239900,其他未搪瓷钢铁餐桌、...,312,西班牙,358,千克,0,—,5368
73239900,其他未搪瓷钢铁餐桌、...,410,巴西,6918,千克,0,—,74188
73241000,不锈钢洗涤槽及脸盆,305,法国,203,千克,0,—,9038
73241000,不锈钢洗涤槽及脸盆,307,意大利,865,千克,0,—,34437
73241000,不锈钢洗涤槽及脸盆,309,荷兰,390,千克,0,—,17968
73241000,不锈钢洗涤槽及脸盆,310,希腊,4473,千克,0,—,67752
73241000,不锈钢洗涤槽及脸盆,312,西班牙,21,千克,0,—,611
73241000,不锈钢洗涤槽及脸盆,318,芬兰,129,千克,0,—,5502
73242100,铸铁浴缸，不论是否搪...,307,意大利,4764,千克,0,—,222361
73242900,其他钢铁浴缸,312,西班牙,21021,千克,0,—,59472
73249000,未列名钢铁制卫生器具...,244,南非,0,千克,0,—,32
73249000,未列名钢铁制卫生器具...,301,比利时,2,千克,0,—,54
73249000,未列名钢铁制卫生器具...,305,法国,545,千克,0,—,41327
73249000,未列名钢铁制卫生器具...,307,意大利,8916,千克,0,—,217693
73249000,未列名钢铁制卫生器具...,309,荷兰,16,千克,0,—,2196
73249000,未列名钢铁制卫生器具...,312,西班牙,5270,千克,0,—,33851
73249000,未列名钢铁制卫生器具...,315,奥地利,436,千克,0,—,29829
73249000,未列名钢铁制卫生器具...,318,芬兰,921,千克,0,—,22467
73249000,未列名钢铁制卫生器具...,327,波兰,12,千克,0,—,256
73251010,工业用无可锻性铸铁制...,137,土耳其,76,千克,0,—,1532
73251010,工业用无可锻性铸铁制...,301,比利时,2899,千克,0,—,35472
73251010,工业用无可锻性铸铁制...,305,法国,4453,千克,0,—,31250
73251010,工业用无可锻性铸铁制...,307,意大利,11840,千克,0,—,40891
73251010,工业用无可锻性铸铁制...,309,荷兰,15,千克,0,—,40
73251010,工业用无可锻性铸铁制...,312,西班牙,37710,千克,0,—,230789
73251010,工业用无可锻性铸铁制...,315,奥地利,0,千克,0,—,43
73251010,工业用无可锻性铸铁制...,318,芬兰,18,千克,0,—,1205
73251010,工业用无可锻性铸铁制...,321,匈牙利,30,千克,0,—,1458
73251010,工业用无可锻性铸铁制...,327,波兰,447,千克,0,—,13411
73251010,工业用无可锻性铸铁制...,410,巴西,148337,千克,0,—,148022
73251010,工业用无可锻性铸铁制...,429,墨西哥,103,千克,0,—,3969
73251090,其他无可锻性铸铁制品,307,意大利,0,千克,0,—,6
73251090,其他无可锻性铸铁制品,318,芬兰,27,千克,0,—,2505
73251090,其他无可锻性铸铁制品,429,墨西哥,0,千克,0,—,116
73259100,可锻性铸铁及铸钢制研...,301,比利时,5,千克,0,—,232
73259910,工业用未列名可锻性铸...,137,土耳其,875,千克,0,—,4726
73259910,工业用未列名可锻性铸...,301,比利时,2,千克,0,—,150
73259910,工业用未列名可锻性铸...,305,法国,1849,千克,0,—,31389
73259910,工业用未列名可锻性铸...,307,意大利,1120,千克,0,—,42496
73259910,工业用未列名可锻性铸...,309,荷兰,217,千克,0,—,10345
73259910,工业用未列名可锻性铸...,310,希腊,403,千克,0,—,2703
73259910,工业用未列名可锻性铸...,312,西班牙,1,千克,0,—,6040
73259910,工业用未列名可锻性铸...,315,奥地利,2596,千克,0,—,67447
73259910,工业用未列名可锻性铸...,327,波兰,2,千克,0,—,94
73259910,工业用未列名可锻性铸...,410,巴西,3465,千克,0,—,58542
73259910,工业用未列名可锻性铸...,429,墨西哥,4,千克,0,—,185
73259910,工业用未列名可锻性铸...,501,加拿大,6,千克,0,—,723
73259990,非工业用未列名可锻性...,305,法国,88,千克,0,—,146
73259990,非工业用未列名可锻性...,307,意大利,64,千克,0,—,5803
73259990,非工业用未列名可锻性...,318,芬兰,2,千克,0,—,155
73259990,非工业用未列名可锻性...,429,墨西哥,0,千克,0,—,138
73261100,经锻造或冲压的研磨机...,301,比利时,120,千克,0,—,482
73261100,经锻造或冲压的研磨机...,305,法国,0,千克,0,—,113
73261100,经锻造或冲压的研磨机...,307,意大利,10,千克,0,—,424
73261100,经锻造或冲压的研磨机...,309,荷兰,1,千克,0,—,988
73261910,经锻造或冲压的工业用...,127,巴基斯坦,280,千克,0,—,3817
73261910,经锻造或冲压的工业用...,129,菲律宾,103,千克,0,—,6237
73261910,经锻造或冲压的工业用...,137,土耳其,3794,千克,0,—,50160
73261910,经锻造或冲压的工业用...,301,比利时,399,千克,0,—,14794
73261910,经锻造或冲压的工业用...,305,法国,14606,千克,0,—,498010
73261910,经锻造或冲压的工业用...,306,爱尔兰,3,千克,0,—,219
73261910,经锻造或冲压的工业用...,307,意大利,21000,千克,0,—,362531
73261910,经锻造或冲压的工业用...,309,荷兰,3287,千克,0,—,77411
73261910,经锻造或冲压的工业用...,310,希腊,1,千克,0,—,550
73261910,经锻造或冲压的工业用...,312,西班牙,3573,千克,0,—,30389
73261910,经锻造或冲压的工业用...,315,奥地利,39985,千克,0,—,293471
73261910,经锻造或冲压的工业用...,318,芬兰,79,千克,0,—,4377
73261910,经锻造或冲压的工业用...,321,匈牙利,60,千克,0,—,12985
73261910,经锻造或冲压的工业用...,327,波兰,8052,千克,0,—,121681
73261910,经锻造或冲压的工业用...,350,斯洛文尼亚,13435,千克,0,—,102779
73261910,经锻造或冲压的工业用...,429,墨西哥,3084,千克,0,—,14291
73261910,经锻造或冲压的工业用...,501,加拿大,688,千克,0,—,115137
73261990,经锻造或冲压的非工业...,127,巴基斯坦,3,千克,0,—,78
73261990,经锻造或冲压的非工业...,137,土耳其,1,千克,0,—,16
73261990,经锻造或冲压的非工业...,301,比利时,8,千克,0,—,1624
73261990,经锻造或冲压的非工业...,305,法国,683,千克,0,—,42514
73261990,经锻造或冲压的非工业...,307,意大利,162,千克,0,—,3765
73261990,经锻造或冲压的非工业...,312,西班牙,57,千克,0,—,1710
73261990,经锻造或冲压的非工业...,315,奥地利,85,千克,0,—,6021
73261990,经锻造或冲压的非工业...,318,芬兰,1,千克,0,—,58
73261990,经锻造或冲压的非工业...,327,波兰,10,千克,0,—,163
73261990,经锻造或冲压的非工业...,350,斯洛文尼亚,0,千克,0,—,10
73261990,经锻造或冲压的非工业...,410,巴西,0,千克,0,—,11
73261990,经锻造或冲压的非工业...,429,墨西哥,235,千克,0,—,19191
73261990,经锻造或冲压的非工业...,501,加拿大,1347,千克,0,—,38360
73262010,工业用钢铁丝制品,127,巴基斯坦,23,千克,0,—,184
73262010,工业用钢铁丝制品,129,菲律宾,25,千克,0,—,3120
73262010,工业用钢铁丝制品,137,土耳其,310,千克,0,—,1930
73262010,工业用钢铁丝制品,301,比利时,0,千克,0,—,88
73262010,工业用钢铁丝制品,305,法国,78,千克,0,—,2631
73262010,工业用钢铁丝制品,307,意大利,6169,千克,0,—,254121
73262010,工业用钢铁丝制品,312,西班牙,605,千克,0,—,2277
73262010,工业用钢铁丝制品,315,奥地利,10,千克,0,—,906
73262010,工业用钢铁丝制品,318,芬兰,0,千克,0,—,4
73262010,工业用钢铁丝制品,321,匈牙利,9,千克,0,—,2906
73262010,工业用钢铁丝制品,327,波兰,0,千克,0,—,520
73262010,工业用钢铁丝制品,350,斯洛文尼亚,10,千克,0,—,2070
73262010,工业用钢铁丝制品,429,墨西哥,82,千克,0,—,19248
73262010,工业用钢铁丝制品,501,加拿大,3,千克,0,—,42
73262090,其他钢铁丝制品,129,菲律宾,217,千克,0,—,17923
73262090,其他钢铁丝制品,137,土耳其,661,千克,0,—,14403
73262090,其他钢铁丝制品,138,阿联酋,25,千克,0,—,8
73262090,其他钢铁丝制品,301,比利时,0,千克,0,—,475
73262090,其他钢铁丝制品,305,法国,904,千克,0,—,215449
73262090,其他钢铁丝制品,307,意大利,3,千克,0,—,4915
73262090,其他钢铁丝制品,309,荷兰,17,千克,0,—,55
73262090,其他钢铁丝制品,312,西班牙,40,千克,0,—,877
73262090,其他钢铁丝制品,321,匈牙利,160,千克,0,—,3911
73262090,其他钢铁丝制品,327,波兰,1005,千克,0,—,30259
73262090,其他钢铁丝制品,429,墨西哥,0,千克,0,—,84
73262090,其他钢铁丝制品,501,加拿大,116,千克,0,—,1573
73269011,工业用钢铁纤维及其制...,301,比利时,250,千克,0,—,14540
73269011,工业用钢铁纤维及其制...,305,法国,150,千克,0,—,2444
73269011,工业用钢铁纤维及其制...,307,意大利,21120,千克,0,—,38746
73269011,工业用钢铁纤维及其制...,315,奥地利,17,千克,0,—,5981
73269011,工业用钢铁纤维及其制...,429,墨西哥,9900,千克,0,—,10531
73269019,其他工业用钢铁制品,127,巴基斯坦,234,千克,0,—,3723
73269019,其他工业用钢铁制品,129,菲律宾,56,千克,0,—,20771
73269019,其他工业用钢铁制品,137,土耳其,18513,千克,0,—,362857
73269019,其他工业用钢铁制品,138,阿联酋,14812,千克,0,—,376079
73269019,其他工业用钢铁制品,235,尼日尔,2,千克,0,—,275
73269019,其他工业用钢铁制品,244,南非,122,千克,0,—,3797
73269019,其他工业用钢铁制品,301,比利时,25592,千克,0,—,706895
73269019,其他工业用钢铁制品,305,法国,108703,千克,0,—,3618200
73269019,其他工业用钢铁制品,306,爱尔兰,598,千克,0,—,167479
73269019,其他工业用钢铁制品,307,意大利,457454,千克,0,—,5263818
73269019,其他工业用钢铁制品,309,荷兰,65393,千克,0,—,1028193
73269019,其他工业用钢铁制品,310,希腊,140,千克,0,—,1658
73269019,其他工业用钢铁制品,312,西班牙,205093,千克,0,—,1456208
73269019,其他工业用钢铁制品,315,奥地利,41456,千克,0,—,1091840
73269019,其他工业用钢铁制品,316,保加利亚,3575,千克,0,—,57837
73269019,其他工业用钢铁制品,318,芬兰,37863,千克,0,—,1402219
73269019,其他工业用钢铁制品,321,匈牙利,13722,千克,0,—,399232
73269019,其他工业用钢铁制品,326,挪威,2047,千克,0,—,103734
73269019,其他工业用钢铁制品,327,波兰,43928,千克,0,—,948777
73269019,其他工业用钢铁制品,336,立陶宛,3806,千克,0,—,61798
73269019,其他工业用钢铁制品,340,白俄罗斯,6,千克,0,—,259
73269019,其他工业用钢铁制品,350,斯洛文尼亚,2486,千克,0,—,188153
73269019,其他工业用钢铁制品,410,巴西,4862,千克,0,—,69222
73269019,其他工业用钢铁制品,415,哥斯达黎加,8,千克,0,—,6439
73269019,其他工业用钢铁制品,429,墨西哥,35948,千克,0,—,808250
73269019,其他工业用钢铁制品,435,波多黎各,1,千克,0,—,77
73269019,其他工业用钢铁制品,501,加拿大,41254,千克,0,—,602590
73269090,未列名非工业用钢铁制...,127,巴基斯坦,158,千克,0,—,8687
73269090,未列名非工业用钢铁制...,129,菲律宾,696,千克,0,—,89765
73269090,未列名非工业用钢铁制...,137,土耳其,3364,千克,0,—,56293
73269090,未列名非工业用钢铁制...,244,南非,42,千克,0,—,667
73269090,未列名非工业用钢铁制...,301,比利时,730,千克,0,—,27668
73269090,未列名非工业用钢铁制...,305,法国,22316,千克,0,—,1642026
73269090,未列名非工业用钢铁制...,306,爱尔兰,101,千克,0,—,394998
73269090,未列名非工业用钢铁制...,307,意大利,54599,千克,0,—,1212942
73269090,未列名非工业用钢铁制...,309,荷兰,38035,千克,0,—,381339
73269090,未列名非工业用钢铁制...,310,希腊,318,千克,0,—,10794
73269090,未列名非工业用钢铁制...,312,西班牙,3563,千克,0,—,198854
73269090,未列名非工业用钢铁制...,315,奥地利,39228,千克,0,—,543998
73269090,未列名非工业用钢铁制...,316,保加利亚,245,千克,0,—,976
73269090,未列名非工业用钢铁制...,318,芬兰,3319,千克,0,—,103143
73269090,未列名非工业用钢铁制...,321,匈牙利,7148,千克,0,—,54285
73269090,未列名非工业用钢铁制...,326,挪威,271,千克,0,—,6832
73269090,未列名非工业用钢铁制...,327,波兰,1734,千克,0,—,158819
73269090,未列名非工业用钢铁制...,336,立陶宛,155,千克,0,—,8895
73269090,未列名非工业用钢铁制...,350,斯洛文尼亚,784,千克,0,—,45170
73269090,未列名非工业用钢铁制...,410,巴西,225,千克,0,—,17213
73269090,未列名非工业用钢铁制...,429,墨西哥,8963,千克,0,—,380336
73269090,未列名非工业用钢铁制...,501,加拿大,1918,千克,0,—,224318
74020000,未精炼铜；电解精炼用...,127,巴基斯坦,1534683,千克,0,—,16460033
74020000,未精炼铜；电解精炼用...,129,菲律宾,953680,千克,0,—,6439834
74020000,未精炼铜；电解精炼用...,137,土耳其,1486405,千克,0,—,13831875
74020000,未精炼铜；电解精炼用...,138,阿联酋,255465,千克,0,—,2339438
74020000,未精炼铜；电解精炼用...,213,刚果共和国,52000,千克,0,—,511462
74020000,未精炼铜；电解精炼用...,244,南非,10246762,千克,0,—,99285043
74020000,未精炼铜；电解精炼用...,252,刚果民主共和国,5875151,千克,0,—,55964079
74020000,未精炼铜；电解精炼用...,307,意大利,777020,千克,0,—,7456166
74020000,未精炼铜；电解精炼用...,312,西班牙,125305,千克,0,—,1241588
74020000,未精炼铜；电解精炼用...,429,墨西哥,196210,千克,0,—,1831046
74031111,未锻轧铜含量＞99....,124,蒙古,660696,千克,0,—,6445994
74031111,未锻轧铜含量＞99....,129,菲律宾,5829007,千克,0,—,60265281
74031111,未锻轧铜含量＞99....,213,刚果共和国,2113857,千克,0,—,22065323
74031111,未锻轧铜含量＞99....,244,南非,1785283,千克,0,—,18705450
74031111,未锻轧铜含量＞99....,252,刚果民主共和国,34103430,千克,0,—,347462683
74031111,未锻轧铜含量＞99....,301,比利时,989316,千克,0,—,9871762
74031111,未锻轧铜含量＞99....,316,保加利亚,5502068,千克,0,—,56741491
74031111,未锻轧铜含量＞99....,318,芬兰,4230303,千克,0,—,42785358
74031111,未锻轧铜含量＞99....,327,波兰,3753368,千克,0,—,36415671
74031111,未锻轧铜含量＞99....,410,巴西,3843374,千克,0,—,37387545
74031111,未锻轧铜含量＞99....,429,墨西哥,613052,千克,0,—,6129635
74031119,未锻轧其他精炼铜阴极,129,菲律宾,1995765,千克,0,—,20043317
74031119,未锻轧其他精炼铜阴极,252,刚果民主共和国,4274624,千克,0,—,43981854
74031200,未锻轧的精炼铜线锭,127,巴基斯坦,345315,千克,0,—,3424382
74031300,未锻轧的精炼铜坯段,127,巴基斯坦,481245,千克,0,—,4781717
74031300,未锻轧的精炼铜坯段,137,土耳其,901785,千克,0,—,8955605
74031300,未锻轧的精炼铜坯段,138,阿联酋,259035,千克,0,—,2527421
74031300,未锻轧的精炼铜坯段,244,南非,96460,千克,0,—,876164
74031300,未锻轧的精炼铜坯段,429,墨西哥,20506,千克,0,—,176351
74031900,其他未锻轧的精炼铜,127,巴基斯坦,4446293,千克,0,—,41845846
74031900,其他未锻轧的精炼铜,137,土耳其,479755,千克,0,—,4406378
74031900,其他未锻轧的精炼铜,138,阿联酋,102885,千克,0,—,959927
74031900,其他未锻轧的精炼铜,244,南非,725540,千克,0,—,6712785
74031900,其他未锻轧的精炼铜,307,意大利,21866,千克,0,—,205273
74031900,其他未锻轧的精炼铜,410,巴西,26047,千克,0,—,252699
74031900,其他未锻轧的精炼铜,429,墨西哥,18370,千克,0,—,157257
74032100,未锻轧的铜锌合金（黄...,124,蒙古,24047,千克,0,—,106259
74032100,未锻轧的铜锌合金（黄...,127,巴基斯坦,348985,千克,0,—,2176653
74032100,未锻轧的铜锌合金（黄...,137,土耳其,1182502,千克,0,—,8197569
74032100,未锻轧的铜锌合金（黄...,138,阿联酋,202427,千克,0,—,1268902
74032100,未锻轧的铜锌合金（黄...,244,南非,127705,千克,0,—,788917
74032100,未锻轧的铜锌合金（黄...,305,法国,52200,千克,0,—,387625
74032100,未锻轧的铜锌合金（黄...,307,意大利,803836,千克,0,—,4399214
74032100,未锻轧的铜锌合金（黄...,309,荷兰,9101,千克,0,—,55516
74032100,未锻轧的铜锌合金（黄...,310,希腊,66352,千克,0,—,426642
74032100,未锻轧的铜锌合金（黄...,312,西班牙,279226,千克,0,—,1535892
74032100,未锻轧的铜锌合金（黄...,315,奥地利,8000,千克,0,—,91355
74032100,未锻轧的铜锌合金（黄...,336,立陶宛,844203,千克,0,—,4691278
74032100,未锻轧的铜锌合金（黄...,339,阿塞拜疆（2023年起停用）,47750,千克,0,—,299167
74032100,未锻轧的铜锌合金（黄...,340,白俄罗斯,66014,千克,0,—,375622
74032100,未锻轧的铜锌合金（黄...,410,巴西,25242,千克,0,—,139335
74032100,未锻轧的铜锌合金（黄...,429,墨西哥,922654,千克,0,—,5526897
74032100,未锻轧的铜锌合金（黄...,501,加拿大,15422,千克,0,—,74796
74032200,未锻轧的铜锡合金（青...,305,法国,21218,千克,0,—,216739
74032200,未锻轧的铜锡合金（青...,312,西班牙,50035,千克,0,—,342739
74032200,未锻轧的铜锡合金（青...,410,巴西,177263,千克,0,—,1208744
74032900,其他未锻轧的铜合金,124,蒙古,108573,千克,0,—,716065
74032900,其他未锻轧的铜合金,127,巴基斯坦,327150,千克,0,—,2013681
74032900,其他未锻轧的铜合金,129,菲律宾,478103,千克,0,—,2827901
74032900,其他未锻轧的铜合金,137,土耳其,146780,千克,0,—,1281915
74032900,其他未锻轧的铜合金,138,阿联酋,222470,千克,0,—,1775893
74032900,其他未锻轧的铜合金,244,南非,54,千克,0,—,17240
74032900,其他未锻轧的铜合金,307,意大利,1624,千克,0,—,86346
74032900,其他未锻轧的铜合金,309,荷兰,13799,千克,0,—,91956
74040000,铜废料及碎料,118,科威特,19190,千克,0,—,113221
74040000,铜废料及碎料,127,巴基斯坦,209130,千克,0,—,1784468
74040000,铜废料及碎料,129,菲律宾,2411227,千克,0,—,17512273
74040000,铜废料及碎料,137,土耳其,50023,千克,0,—,438015
74040000,铜废料及碎料,138,阿联酋,1901208,千克,0,—,15741204
74040000,铜废料及碎料,220,加纳,73848,千克,0,—,364408
74040000,铜废料及碎料,224,肯尼亚,46000,千克,0,—,239200
74040000,铜废料及碎料,244,南非,642582,千克,0,—,4038652
74040000,铜废料及碎料,252,刚果民主共和国,6934,千克,0,—,57434
74040000,铜废料及碎料,301,比利时,1058248,千克,0,—,7334457
74040000,铜废料及碎料,305,法国,2224338,千克,0,—,15032467
74040000,铜废料及碎料,307,意大利,5887221,千克,0,—,40700645
74040000,铜废料及碎料,309,荷兰,2917731,千克,0,—,20547255
74040000,铜废料及碎料,310,希腊,143854,千克,0,—,1031565
74040000,铜废料及碎料,312,西班牙,3802929,千克,0,—,29511521
74040000,铜废料及碎料,313,阿尔巴尼亚,23930,千克,0,—,131399
74040000,铜废料及碎料,316,保加利亚,333127,千克,0,—,1766237
74040000,铜废料及碎料,318,芬兰,59994,千克,0,—,331063
74040000,铜废料及碎料,321,匈牙利,131636,千克,0,—,613588
74040000,铜废料及碎料,326,挪威,184412,千克,0,—,1626992
74040000,铜废料及碎料,327,波兰,513210,千克,0,—,2909226
74040000,铜废料及碎料,336,立陶宛,210758,千克,0,—,1084821
74040000,铜废料及碎料,350,斯洛文尼亚,22740,千克,0,—,119385
74040000,铜废料及碎料,408,玻利维亚,155040,千克,0,—,983625
74040000,铜废料及碎料,410,巴西,1169552,千克,0,—,7231560
74040000,铜废料及碎料,415,哥斯达黎加,93150,千克,0,—,739109
74040000,铜废料及碎料,429,墨西哥,3338662,千克,0,—,25495732
74040000,铜废料及碎料,431,尼加拉瓜,41513,千克,0,—,283764
74040000,铜废料及碎料,435,波多黎各,157801,千克,0,—,1245197
74040000,铜废料及碎料,442,特立尼达和多巴哥,17342,千克,0,—,89074
74040000,铜废料及碎料,444,乌拉圭,25316,千克,0,—,137972
74040000,铜废料及碎料,501,加拿大,1829095,千克,0,—,13705076
74050000,铜母合金,252,刚果民主共和国,753318,千克,0,—,4616007
74061010,精炼铜非片状粉末,305,法国,1000,千克,0,—,25580
74061010,精炼铜非片状粉末,307,意大利,7200,千克,0,—,139090
74061010,精炼铜非片状粉末,312,西班牙,5000,千克,0,—,54786
74061030,铜锌合金（黄铜）非片...,312,西班牙,4300,千克,0,—,37437
74061040,铜锡合金（青铜）非片...,307,意大利,1710,千克,0,—,29542
74061090,其他铜合金非片状粉末,305,法国,250,千克,0,—,6072
74061090,其他铜合金非片状粉末,307,意大利,1,千克,0,—,20
74062090,其他铜合金片状粉末,301,比利时,0,千克,0,—,4
74071090,其他精炼铜条、杆、型...,305,法国,56247,千克,0,—,574955
74071090,其他精炼铜条、杆、型...,307,意大利,8,千克,0,—,3553
74071090,其他精炼铜条、杆、型...,309,荷兰,1650,千克,0,—,15854
74071090,其他精炼铜条、杆、型...,318,芬兰,6387,千克,0,—,78401
74072111,铜锌合金（黄铜）条、...,244,南非,18235,千克,0,—,145880
74072111,铜锌合金（黄铜）条、...,305,法国,60,千克,0,—,8279
74072111,铜锌合金（黄铜）条、...,307,意大利,5914,千克,0,—,31530
74072119,铜锌合金（黄铜）条、...,307,意大利,148353,千克,0,—,918788
74072119,铜锌合金（黄铜）条、...,309,荷兰,54695,千克,0,—,575411
74072190,铜锌合金（黄铜）制型...,307,意大利,25618,千克,0,—,347116
74072190,铜锌合金（黄铜）制型...,327,波兰,520,千克,0,—,6675
74072900,其他铜合金条、杆、型...,137,土耳其,909,千克,0,—,17427
74072900,其他铜合金条、杆、型...,305,法国,6261,千克,0,—,167533
74072900,其他铜合金条、杆、型...,307,意大利,16,千克,0,—,1038
74072900,其他铜合金条、杆、型...,309,荷兰,3122,千克,0,—,142133
74072900,其他铜合金条、杆、型...,315,奥地利,179,千克,0,—,6134
74072900,其他铜合金条、杆、型...,429,墨西哥,39,千克,0,—,8195
74081100,最大截面尺寸＞6mm...,318,芬兰,9860,千克,0,—,116574
74081900,其他精炼铜丝,129,菲律宾,231,千克,0,—,1341144
74081900,其他精炼铜丝,301,比利时,19578,千克,0,—,245424
74081900,其他精炼铜丝,305,法国,294,千克,0,—,39842
74081900,其他精炼铜丝,307,意大利,1,千克,0,—,30
74081900,其他精炼铜丝,312,西班牙,2478,千克,0,—,21994
74081900,其他精炼铜丝,429,墨西哥,1,千克,0,—,57
74082100,铜锌合金丝,305,法国,19168,千克,0,—,304128
74082100,铜锌合金丝,429,墨西哥,4,千克,0,—,86
74082210,铜镍锌铅合金（加铅德...,305,法国,226,千克,0,—,7961
74082290,其他铜镍合金（白铜)...,305,法国,9454,千克,0,—,213377
74082290,其他铜镍合金（白铜)...,429,墨西哥,0,千克,0,—,185
74082900,其他铜合金丝,305,法国,4376,千克,0,—,164865
74082900,其他铜合金丝,307,意大利,13150,千克,0,—,284903
74082900,其他铜合金丝,318,芬兰,9092,千克,0,—,1043893
74091110,含氧≤10PPM盘卷...,305,法国,173,千克,0,—,2160
74091110,含氧≤10PPM盘卷...,321,匈牙利,172,千克,0,—,4942
74091190,其他盘卷的精炼铜板、...,307,意大利,418,千克,0,—,17846
74091190,其他盘卷的精炼铜板、...,429,墨西哥,720,千克,0,—,7678
74091900,其他精炼铜板、片及带...,129,菲律宾,28954,千克,0,—,37239
74091900,其他精炼铜板、片及带...,305,法国,428,千克,0,—,28217
74091900,其他精炼铜板、片及带...,309,荷兰,0,千克,0,—,1012
74091900,其他精炼铜板、片及带...,318,芬兰,18154,千克,0,—,209448
74092100,盘卷的铜锌合金板、片...,305,法国,212,千克,0,—,5173
74092100,盘卷的铜锌合金板、片...,307,意大利,829,千克,0,—,7084
74092100,盘卷的铜锌合金板、片...,309,荷兰,5105,千克,0,—,45343
74092100,盘卷的铜锌合金板、片...,327,波兰,42,千克,0,—,999
74092100,盘卷的铜锌合金板、片...,410,巴西,142,千克,0,—,69754
74092100,盘卷的铜锌合金板、片...,501,加拿大,193,千克,0,—,19196
74092900,其他铜锌合金板、片及...,137,土耳其,1684,千克,0,—,32601
74092900,其他铜锌合金板、片及...,307,意大利,19,千克,0,—,1098
74093100,盘卷的铜锡合金板、片...,305,法国,5,千克,0,—,503
74094000,铜镍、铜镍锌合金板、...,305,法国,20210,千克,0,—,356682
74099000,其他铜合金板、片及带...,305,法国,10744,千克,0,—,242254
74099000,其他铜合金板、片及带...,307,意大利,6,千克,0,—,1099
74101100,无衬背精炼铜箔，厚≤...,129,菲律宾,123280,千克,0,—,2896577
74101100,无衬背精炼铜箔，厚≤...,307,意大利,216,千克,0,—,5384
74101100,无衬背精炼铜箔，厚≤...,321,匈牙利,290536,千克,0,—,4126008
74101210,无衬背铜镍合金或铜镍...,305,法国,342,千克,0,—,10838
74101290,其他无衬背铜合金箔，...,309,荷兰,44094,千克,0,—,385557
74102110,印制电路用覆铜板,129,菲律宾,3236,千克,0,—,15920
74102110,印制电路用覆铜板,301,比利时,8504,千克,0,—,861207
74102110,印制电路用覆铜板,305,法国,2470,千克,0,—,131660
74102190,其他有衬背精炼铜箔，...,129,菲律宾,8,千克,0,—,1542
74102190,其他有衬背精炼铜箔，...,306,爱尔兰,7,千克,0,—,1821
74102190,其他有衬背精炼铜箔，...,315,奥地利,3,千克,0,—,5728
74102290,其他有衬背铜合金箔，...,306,爱尔兰,5,千克,0,—,183
74111011,带有螺纹或翅片的精炼...,307,意大利,1,千克,0,—,22
74111011,带有螺纹或翅片的精炼...,327,波兰,22,千克,0,—,1074
74111019,其他精炼铜管，外径≤...,307,意大利,9,千克,0,—,566
74111019,其他精炼铜管，外径≤...,310,希腊,54,千克,0,—,1032
74111019,其他精炼铜管，外径≤...,318,芬兰,205,千克,0,—,5100
74111020,外径超过70毫米的精...,318,芬兰,811,千克,0,—,16436
74111090,其他精炼铜管，25m...,301,比利时,150,千克,0,—,10832
74111090,其他精炼铜管，25m...,307,意大利,1542,千克,0,—,26289
74111090,其他精炼铜管，25m...,310,希腊,9,千克,0,—,110
74111090,其他精炼铜管，25m...,315,奥地利,0,千克,0,—,5
74112190,其他铜锌合金（黄铜）...,306,爱尔兰,3,千克,0,—,1593
74112190,其他铜锌合金（黄铜）...,307,意大利,10,千克,0,—,550
74112190,其他铜锌合金（黄铜）...,315,奥地利,0,千克,0,—,21
74112190,其他铜锌合金（黄铜）...,318,芬兰,0,千克,0,—,72
74112200,铜镍合金或铜镍锌合金...,305,法国,230,千克,0,—,7069
74112200,铜镍合金或铜镍锌合金...,307,意大利,847,千克,0,—,18781
74112900,其他铜合金管,137,土耳其,9458,千克,0,—,151680
74112900,其他铜合金管,305,法国,1416,千克,0,—,35744
74112900,其他铜合金管,307,意大利,591,千克,0,—,20097
74112900,其他铜合金管,309,荷兰,42,千克,0,—,1724
74112900,其他铜合金管,315,奥地利,46,千克,0,—,1484
74112900,其他铜合金管,327,波兰,10,千克,0,—,776
74112900,其他铜合金管,429,墨西哥,0,千克,0,—,73
74121000,精炼铜管子附件,137,土耳其,11,千克,0,—,280
74121000,精炼铜管子附件,305,法国,21,千克,0,—,1457
74121000,精炼铜管子附件,307,意大利,326,千克,0,—,13305
74121000,精炼铜管子附件,312,西班牙,13,千克,0,—,1579
74121000,精炼铜管子附件,315,奥地利,1,千克,0,—,492
74121000,精炼铜管子附件,326,挪威,23,千克,0,—,687
74121000,精炼铜管子附件,327,波兰,584,千克,0,—,10655
74121000,精炼铜管子附件,501,加拿大,53,千克,0,—,7718
74122010,铜镍合金或铜镍锌合金...,137,土耳其,120,千克,0,—,3080
74122010,铜镍合金或铜镍锌合金...,305,法国,981,千克,0,—,99287
74122010,铜镍合金或铜镍锌合金...,307,意大利,3314,千克,0,—,109363
74122010,铜镍合金或铜镍锌合金...,312,西班牙,226,千克,0,—,18564
74122010,铜镍合金或铜镍锌合金...,315,奥地利,0,千克,0,—,10
74122010,铜镍合金或铜镍锌合金...,327,波兰,61,千克,0,—,1988
74122010,铜镍合金或铜镍锌合金...,429,墨西哥,5,千克,0,—,1666
74122010,铜镍合金或铜镍锌合金...,501,加拿大,0,千克,0,—,172
74122090,其他铜合金管子附件,129,菲律宾,4,千克,0,—,297
74122090,其他铜合金管子附件,137,土耳其,4396,千克,0,—,89447
74122090,其他铜合金管子附件,235,尼日尔,3,千克,0,—,358
74122090,其他铜合金管子附件,244,南非,40,千克,0,—,510
74122090,其他铜合金管子附件,301,比利时,45,千克,0,—,2662
74122090,其他铜合金管子附件,305,法国,3319,千克,0,—,313218
74122090,其他铜合金管子附件,307,意大利,74975,千克,0,—,2043759
74122090,其他铜合金管子附件,309,荷兰,194,千克,0,—,23512
74122090,其他铜合金管子附件,310,希腊,3,千克,0,—,114
74122090,其他铜合金管子附件,312,西班牙,1223,千克,0,—,85463
74122090,其他铜合金管子附件,315,奥地利,382,千克,0,—,25543
74122090,其他铜合金管子附件,316,保加利亚,101,千克,0,—,15404
74122090,其他铜合金管子附件,318,芬兰,94,千克,0,—,4276
74122090,其他铜合金管子附件,321,匈牙利,29,千克,0,—,4091
74122090,其他铜合金管子附件,326,挪威,17348,千克,0,—,198122
74122090,其他铜合金管子附件,327,波兰,235,千克,0,—,18020
74122090,其他铜合金管子附件,350,斯洛文尼亚,7,千克,0,—,551
74122090,其他铜合金管子附件,429,墨西哥,318,千克,0,—,48343
74122090,其他铜合金管子附件,501,加拿大,31,千克,0,—,2773
74130000,非绝缘铜丝绞线、缆、...,129,菲律宾,399,千克,0,—,130950
74130000,非绝缘铜丝绞线、缆、...,137,土耳其,1,千克,0,—,31
74130000,非绝缘铜丝绞线、缆、...,301,比利时,0,千克,0,—,216
74130000,非绝缘铜丝绞线、缆、...,305,法国,2391,千克,0,—,243252
74130000,非绝缘铜丝绞线、缆、...,307,意大利,14,千克,0,—,5589
74130000,非绝缘铜丝绞线、缆、...,309,荷兰,24,千克,0,—,4199
74130000,非绝缘铜丝绞线、缆、...,312,西班牙,92,千克,0,—,3463
74130000,非绝缘铜丝绞线、缆、...,315,奥地利,142,千克,0,—,5737
74130000,非绝缘铜丝绞线、缆、...,327,波兰,319,千克,0,—,15274
74130000,非绝缘铜丝绞线、缆、...,410,巴西,0,千克,0,—,194
74130000,非绝缘铜丝绞线、缆、...,429,墨西哥,54,千克,0,—,1929
74151000,铜制或钢铁制带铜头的...,305,法国,1,千克,0,—,177
74151000,铜制或钢铁制带铜头的...,307,意大利,36,千克,0,—,3076
74151000,铜制或钢铁制带铜头的...,350,斯洛文尼亚,74,千克,0,—,5938
74151000,铜制或钢铁制带铜头的...,429,墨西哥,4,千克,0,—,197
74152100,铜制垫圈（包括弹簧垫...,129,菲律宾,38,千克,0,—,945
74152100,铜制垫圈（包括弹簧垫...,137,土耳其,1,千克,0,—,242
74152100,铜制垫圈（包括弹簧垫...,301,比利时,81,千克,0,—,22993
74152100,铜制垫圈（包括弹簧垫...,305,法国,970,千克,0,—,90099
74152100,铜制垫圈（包括弹簧垫...,307,意大利,406,千克,0,—,50030
74152100,铜制垫圈（包括弹簧垫...,309,荷兰,25,千克,0,—,3148
74152100,铜制垫圈（包括弹簧垫...,312,西班牙,782,千克,0,—,38162
74152100,铜制垫圈（包括弹簧垫...,315,奥地利,65,千克,0,—,11536
74152100,铜制垫圈（包括弹簧垫...,318,芬兰,13,千克,0,—,799
74152100,铜制垫圈（包括弹簧垫...,321,匈牙利,2,千克,0,—,2123
74152100,铜制垫圈（包括弹簧垫...,327,波兰,11,千克,0,—,9592
74152100,铜制垫圈（包括弹簧垫...,410,巴西,34,千克,0,—,4332
74152100,铜制垫圈（包括弹簧垫...,429,墨西哥,20,千克,0,—,2060
74152100,铜制垫圈（包括弹簧垫...,501,加拿大,10,千克,0,—,3845
74152900,其他铜制无螺纹制品,129,菲律宾,6,千克,0,—,3031
74152900,其他铜制无螺纹制品,301,比利时,11,千克,0,—,2543
74152900,其他铜制无螺纹制品,305,法国,715,千克,0,—,80945
74152900,其他铜制无螺纹制品,307,意大利,1359,千克,0,—,70969
74152900,其他铜制无螺纹制品,309,荷兰,6,千克,0,—,926
74152900,其他铜制无螺纹制品,312,西班牙,303,千克,0,—,57546
74152900,其他铜制无螺纹制品,315,奥地利,10,千克,0,—,10096
74152900,其他铜制无螺纹制品,321,匈牙利,13,千克,0,—,7063
74152900,其他铜制无螺纹制品,326,挪威,1315,千克,0,—,72389
74152900,其他铜制无螺纹制品,336,立陶宛,3,千克,0,—,1510
74152900,其他铜制无螺纹制品,350,斯洛文尼亚,70,千克,0,—,3540
74152900,其他铜制无螺纹制品,410,巴西,0,千克,0,—,569
74152900,其他铜制无螺纹制品,429,墨西哥,606,千克,0,—,19925
74153390,铜制其他螺钉；螺栓及...,129,菲律宾,145,千克,0,—,3207
74153390,铜制其他螺钉；螺栓及...,137,土耳其,159,千克,0,—,8284
74153390,铜制其他螺钉；螺栓及...,301,比利时,1,千克,0,—,52
74153390,铜制其他螺钉；螺栓及...,305,法国,2961,千克,0,—,86489
74153390,铜制其他螺钉；螺栓及...,306,爱尔兰,37,千克,0,—,4485
74153390,铜制其他螺钉；螺栓及...,307,意大利,2334,千克,0,—,104658
74153390,铜制其他螺钉；螺栓及...,309,荷兰,10,千克,0,—,85631
74153390,铜制其他螺钉；螺栓及...,312,西班牙,37,千克,0,—,5790
74153390,铜制其他螺钉；螺栓及...,315,奥地利,9,千克,0,—,1986
74153390,铜制其他螺钉；螺栓及...,318,芬兰,4,千克,0,—,144
74153390,铜制其他螺钉；螺栓及...,321,匈牙利,161,千克,0,—,6546
74153390,铜制其他螺钉；螺栓及...,326,挪威,859,千克,0,—,5844
74153390,铜制其他螺钉；螺栓及...,327,波兰,180,千克,0,—,11661
74153390,铜制其他螺钉；螺栓及...,336,立陶宛,140,千克,0,—,2632
74153390,铜制其他螺钉；螺栓及...,350,斯洛文尼亚,176,千克,0,—,2374
74153390,铜制其他螺钉；螺栓及...,429,墨西哥,1565,千克,0,—,76190
74153390,铜制其他螺钉；螺栓及...,501,加拿大,21,千克,0,—,12333
74153900,其他铜制螺纹制品,137,土耳其,16,千克,0,—,1716
74153900,其他铜制螺纹制品,305,法国,45,千克,0,—,17158
74153900,其他铜制螺纹制品,307,意大利,19,千克,0,—,12922
74153900,其他铜制螺纹制品,309,荷兰,7,千克,0,—,428
74153900,其他铜制螺纹制品,315,奥地利,1,千克,0,—,61
74153900,其他铜制螺纹制品,321,匈牙利,5,千克,0,—,84
74153900,其他铜制螺纹制品,327,波兰,0,千克,0,—,900
74153900,其他铜制螺纹制品,350,斯洛文尼亚,1838,千克,0,—,82173
74153900,其他铜制螺纹制品,501,加拿大,593,千克,0,—,15252
74181010,铜制擦锅器及洗刷擦光...,309,荷兰,12,千克,0,—,420
74181020,非电热的铜制家用烹饪...,305,法国,110,千克,0,—,3654
74181020,非电热的铜制家用烹饪...,307,意大利,978,千克,0,—,53757
74181020,非电热的铜制家用烹饪...,309,荷兰,14,千克,0,—,3023
74181090,其他餐桌、厨房或其他...,137,土耳其,835,千克,0,—,5713
74181090,其他餐桌、厨房或其他...,305,法国,32,千克,0,—,7092
74181090,其他餐桌、厨房或其他...,307,意大利,1098,千克,0,—,28080
74181090,其他餐桌、厨房或其他...,410,巴西,2,千克,0,—,1155
74182000,铜制卫生器具及其零件,137,土耳其,50,千克,0,—,1001
74182000,铜制卫生器具及其零件,301,比利时,15,千克,0,—,263
74182000,铜制卫生器具及其零件,305,法国,17133,千克,0,—,995094
74182000,铜制卫生器具及其零件,307,意大利,6323,千克,0,—,200191
74182000,铜制卫生器具及其零件,312,西班牙,15,千克,0,—,1943
74191000,铜制链条及其零件,307,意大利,8592,千克,0,—,157950
74199110,铸造、模压、冲压或锻...,138,阿联酋,2,千克,0,—,327
74199110,铸造、模压、冲压或锻...,301,比利时,1607,千克,0,—,95361
74199110,铸造、模压、冲压或锻...,305,法国,261,千克,0,—,59547
74199110,铸造、模压、冲压或锻...,307,意大利,15032,千克,0,—,219369
74199110,铸造、模压、冲压或锻...,309,荷兰,6,千克,0,—,1008
74199110,铸造、模压、冲压或锻...,312,西班牙,9,千克,0,—,875
74199110,铸造、模压、冲压或锻...,318,芬兰,1,千克,0,—,3434
74199110,铸造、模压、冲压或锻...,321,匈牙利,324,千克,0,—,2238
74199110,铸造、模压、冲压或锻...,429,墨西哥,4,千克,0,—,2154
74199190,铸造、模压、冲压或锻...,137,土耳其,0,千克,0,—,32
74199190,铸造、模压、冲压或锻...,301,比利时,3,千克,0,—,68
74199190,铸造、模压、冲压或锻...,305,法国,5,千克,0,—,2567
74199190,铸造、模压、冲压或锻...,307,意大利,231,千克,0,—,1801
74199190,铸造、模压、冲压或锻...,309,荷兰,3,千克,0,—,2559
74199190,铸造、模压、冲压或锻...,315,奥地利,0,千克,0,—,3196
74199190,铸造、模压、冲压或锻...,429,墨西哥,1,千克,0,—,1489
74199920,铜弹簧,129,菲律宾,9,千克,0,—,2850
74199920,铜弹簧,305,法国,71,千克,0,—,5502
74199920,铜弹簧,307,意大利,47,千克,0,—,34759
74199920,铜弹簧,309,荷兰,9,千克,0,—,902
74199920,铜弹簧,316,保加利亚,1,千克,0,—,368
74199920,铜弹簧,350,斯洛文尼亚,93,千克,0,—,18124
74199920,铜弹簧,410,巴西,0,千克,0,—,61
74199920,铜弹簧,429,墨西哥,0,千克,0,—,197
74199920,铜弹簧,501,加拿大,16,千克,0,—,5372
74199940,铜丝制网、格栅、网眼...,307,意大利,115,千克,0,—,5779
74199940,铜丝制网、格栅、网眼...,309,荷兰,88,千克,0,—,1986
74199940,铜丝制网、格栅、网眼...,312,西班牙,1,千克,0,—,119
74199940,铜丝制网、格栅、网眼...,315,奥地利,4,千克,0,—,307
74199940,铜丝制网、格栅、网眼...,501,加拿大,0,千克,0,—,3900
74199991,未列名工业用铜制品,129,菲律宾,10,千克,0,—,4575
74199991,未列名工业用铜制品,137,土耳其,721,千克,0,—,29460
74199991,未列名工业用铜制品,138,阿联酋,0,千克,0,—,169
74199991,未列名工业用铜制品,244,南非,50,千克,0,—,2391
74199991,未列名工业用铜制品,301,比利时,2961,千克,0,—,101750
74199991,未列名工业用铜制品,305,法国,3900,千克,0,—,261077
74199991,未列名工业用铜制品,306,爱尔兰,0,千克,0,—,53
74199991,未列名工业用铜制品,307,意大利,3486,千克,0,—,281670
74199991,未列名工业用铜制品,309,荷兰,245,千克,0,—,19703
74199991,未列名工业用铜制品,312,西班牙,293,千克,0,—,17978
74199991,未列名工业用铜制品,315,奥地利,1069,千克,0,—,66495
74199991,未列名工业用铜制品,316,保加利亚,747,千克,0,—,16030
74199991,未列名工业用铜制品,318,芬兰,267,千克,0,—,47629
74199991,未列名工业用铜制品,321,匈牙利,448,千克,0,—,27431
74199991,未列名工业用铜制品,326,挪威,5,千克,0,—,1824
74199991,未列名工业用铜制品,327,波兰,571,千克,0,—,46217
74199991,未列名工业用铜制品,350,斯洛文尼亚,124,千克,0,—,23073
74199991,未列名工业用铜制品,410,巴西,4665,千克,0,—,103359
74199991,未列名工业用铜制品,429,墨西哥,132,千克,0,—,42075
74199991,未列名工业用铜制品,501,加拿大,47,千克,0,—,13680
74199999,未列名非工业用铜制品,129,菲律宾,92,千克,0,—,8060
74199999,未列名非工业用铜制品,137,土耳其,13,千克,0,—,612
74199999,未列名非工业用铜制品,227,马达加斯加,17,千克,0,—,7001
74199999,未列名非工业用铜制品,244,南非,96,千克,0,—,5760
74199999,未列名非工业用铜制品,301,比利时,46,千克,0,—,1004
74199999,未列名非工业用铜制品,305,法国,1279,千克,0,—,81443
74199999,未列名非工业用铜制品,306,爱尔兰,50,千克,0,—,4291
74199999,未列名非工业用铜制品,307,意大利,2180,千克,0,—,396010
74199999,未列名非工业用铜制品,309,荷兰,118,千克,0,—,27109
74199999,未列名非工业用铜制品,312,西班牙,156,千克,0,—,9316
74199999,未列名非工业用铜制品,315,奥地利,6,千克,0,—,445
74199999,未列名非工业用铜制品,318,芬兰,0,千克,0,—,73
74199999,未列名非工业用铜制品,321,匈牙利,0,千克,0,—,1
74199999,未列名非工业用铜制品,327,波兰,168,千克,0,—,23463
74199999,未列名非工业用铜制品,429,墨西哥,8,千克,0,—,23550
74199999,未列名非工业用铜制品,501,加拿大,22,千克,0,—,14880
75011000,镍锍,410,巴西,150000,千克,0,—,692781
75012010,镍湿法冶炼中间产品,137,土耳其,2809977,千克,0,—,9370268
75012010,镍湿法冶炼中间产品,312,西班牙,165764,千克,0,—,444709
75012010,镍湿法冶炼中间产品,318,芬兰,1997264,千克,0,—,14918984
75021010,按重量计镍、钴总量≥...,326,挪威,3003712,千克,0,—,51025206
75021010,按重量计镍、钴总量≥...,501,加拿大,240000,千克,0,—,3973367
75021090,其他未锻轧非合金镍,227,马达加斯加,460000,千克,0,—,8374889
75021090,其他未锻轧非合金镍,244,南非,900318,千克,0,—,15827385
75021090,其他未锻轧非合金镍,318,芬兰,98013,千克,0,—,1649558
75021090,其他未锻轧非合金镍,326,挪威,536230,千克,0,—,9640378
75021090,其他未锻轧非合金镍,501,加拿大,945498,千克,0,—,16814042
75022000,未锻轧的镍合金,301,比利时,6300,千克,0,—,229369
75040010,非合金镍粉及片状粉末,501,加拿大,601024,千克,0,—,10374308
75040020,合金镍粉及片状粉末,301,比利时,8220,千克,0,—,284688
75040020,合金镍粉及片状粉末,305,法国,270,千克,0,—,22650
75040020,合金镍粉及片状粉末,306,爱尔兰,2,千克,0,—,152
75040020,合金镍粉及片状粉末,501,加拿大,1176,千克,0,—,172010
75051200,镍合金条、杆、型材及...,307,意大利,2569,千克,0,—,81455
75051200,镍合金条、杆、型材及...,309,荷兰,1,千克,0,—,58
75051200,镍合金条、杆、型材及...,312,西班牙,750,千克,0,—,66703
75051200,镍合金条、杆、型材及...,315,奥地利,22741,千克,0,—,759413
75051200,镍合金条、杆、型材及...,327,波兰,286,千克,0,—,41124
75051200,镍合金条、杆、型材及...,410,巴西,6539,千克,0,—,211027
75051200,镍合金条、杆、型材及...,501,加拿大,2,千克,0,—,806
75052200,镍合金丝,129,菲律宾,4,千克,0,—,3243
75052200,镍合金丝,305,法国,9437,千克,0,—,173899
75052200,镍合金丝,306,爱尔兰,0,千克,0,—,9131
75052200,镍合金丝,307,意大利,5,千克,0,—,2751
75052200,镍合金丝,315,奥地利,600,千克,0,—,21478
75061000,非合金镍板、片、带、...,305,法国,632,千克,0,—,29926
75061000,非合金镍板、片、带、...,326,挪威,0,千克,0,—,20
75062000,镍合金板、片、带、箔,305,法国,7876,千克,0,—,565059
75062000,镍合金板、片、带、箔,315,奥地利,215,千克,0,—,21032
75062000,镍合金板、片、带、箔,429,墨西哥,0,千克,0,—,23
75071100,非合金镍管,305,法国,118,千克,0,—,1130990
75071200,镍合金管,305,法国,1,千克,0,—,9212
75071200,镍合金管,307,意大利,98589,千克,0,—,4252502
75071200,镍合金管,309,荷兰,3300,千克,0,—,329555
75071200,镍合金管,312,西班牙,0,千克,0,—,13
75071200,镍合金管,315,奥地利,23708,千克,0,—,732835
75071200,镍合金管,501,加拿大,1,千克,0,—,846
75072000,镍管子附件,305,法国,1,千克,0,—,14179
75072000,镍管子附件,307,意大利,2578,千克,0,—,316004
75072000,镍管子附件,312,西班牙,2386,千克,0,—,353787
75072000,镍管子附件,429,墨西哥,0,千克,0,—,208
75081010,镍丝布,309,荷兰,5024,千克,0,—,281477
75081010,镍丝布,410,巴西,3650,千克,0,—,148646
75081080,工业用镍格栅及网,309,荷兰,169,千克,0,—,107510
75081080,工业用镍格栅及网,429,墨西哥,450,千克,0,—,110930
75081090,非工业用镍格栅及网,309,荷兰,0,千克,0,—,772
75089010,电镀用镍阳极,318,芬兰,2000,千克,0,—,38600
75089010,电镀用镍阳极,326,挪威,4199,千克,0,—,127429
75089080,其他工业用镍制品,137,土耳其,0,千克,0,—,308
75089080,其他工业用镍制品,301,比利时,59,千克,0,—,18963
75089080,其他工业用镍制品,305,法国,116,千克,0,—,107809
75089080,其他工业用镍制品,306,爱尔兰,11,千克,0,—,2590
75089080,其他工业用镍制品,307,意大利,90,千克,0,—,12651
75089080,其他工业用镍制品,309,荷兰,2,千克,0,—,19784
75089080,其他工业用镍制品,312,西班牙,0,千克,0,—,831
75089080,其他工业用镍制品,315,奥地利,2514,千克,0,—,225571
75089080,其他工业用镍制品,321,匈牙利,45,千克,0,—,564339
75089080,其他工业用镍制品,326,挪威,15,千克,0,—,436
75089080,其他工业用镍制品,327,波兰,169,千克,0,—,57989
75089080,其他工业用镍制品,429,墨西哥,7564,千克,0,—,745628
75089080,其他工业用镍制品,501,加拿大,13044,千克,0,—,291988
75089090,其他非工业用镍制品,137,土耳其,5,千克,0,—,1733
75089090,其他非工业用镍制品,138,阿联酋,2,千克,0,—,1437
75089090,其他非工业用镍制品,301,比利时,0,千克,0,—,1326
75089090,其他非工业用镍制品,305,法国,44,千克,0,—,127703
75089090,其他非工业用镍制品,307,意大利,42,千克,0,—,3801
75089090,其他非工业用镍制品,309,荷兰,2,千克,0,—,143
75089090,其他非工业用镍制品,315,奥地利,0,千克,0,—,173
75089090,其他非工业用镍制品,429,墨西哥,4,千克,0,—,6252
75089090,其他非工业用镍制品,501,加拿大,0,千克,0,—,12026
76011090,含铝量＜99.95%...,138,阿联酋,9972765,千克,0,—,25660963
76012000,未锻轧的铝合金,124,蒙古,335920,千克,0,—,645200
76012000,未锻轧的铝合金,127,巴基斯坦,1803653,千克,0,—,3979993
76012000,未锻轧的铝合金,129,菲律宾,50010,千克,0,—,96760
76012000,未锻轧的铝合金,137,土耳其,779050,千克,0,—,1504792
76012000,未锻轧的铝合金,138,阿联酋,2094300,千克,0,—,4864505
76012000,未锻轧的铝合金,220,加纳,24820,千克,0,—,52390
76012000,未锻轧的铝合金,244,南非,1246263,千克,0,—,2523807
76012000,未锻轧的铝合金,307,意大利,903560,千克,0,—,1887639
76012000,未锻轧的铝合金,309,荷兰,83616,千克,0,—,173714
76012000,未锻轧的铝合金,312,西班牙,2082230,千克,0,—,4347168
76012000,未锻轧的铝合金,313,阿尔巴尼亚,70443,千克,0,—,147747
76012000,未锻轧的铝合金,327,波兰,27179,千克,0,—,65230
76012000,未锻轧的铝合金,336,立陶宛,98099,千克,0,—,181497
76012000,未锻轧的铝合金,429,墨西哥,46390,千克,0,—,102864
76012000,未锻轧的铝合金,501,加拿大,237206,千克,0,—,1052340
76020000,铝废料及碎料,129,菲律宾,101240,千克,0,—,182419
76020000,铝废料及碎料,138,阿联酋,512846,千克,0,—,942493
76020000,铝废料及碎料,244,南非,23103,千克,0,—,40430
76020000,铝废料及碎料,301,比利时,988000,千克,0,—,1821753
76020000,铝废料及碎料,305,法国,693840,千克,0,—,1265906
76020000,铝废料及碎料,306,爱尔兰,36600,千克,0,—,74664
76020000,铝废料及碎料,307,意大利,93760,千克,0,—,170070
76020000,铝废料及碎料,310,希腊,45240,千克,0,—,83694
76020000,铝废料及碎料,312,西班牙,725415,千克,0,—,1354723
76020000,铝废料及碎料,327,波兰,50010,千克,0,—,92518
76020000,铝废料及碎料,350,斯洛文尼亚,266050,千克,0,—,575392
76020000,铝废料及碎料,501,加拿大,960300,千克,0,—,1732759
76032000,铝片状粉末,315,奥地利,11150,千克,0,—,122172
76032000,铝片状粉末,410,巴西,7560,千克,0,—,38958
76041010,非合金铝制条、杆,305,法国,8,千克,0,—,1594
76041090,非合金铝制型材及异型...,305,法国,3,千克,0,—,299
76041090,非合金铝制型材及异型...,307,意大利,5,千克,0,—,310
76042100,铝合金制空心异型材,129,菲律宾,3339,千克,0,—,9949
76042100,铝合金制空心异型材,137,土耳其,201,千克,0,—,1609
76042100,铝合金制空心异型材,307,意大利,6455,千克,0,—,55549
76042100,铝合金制空心异型材,309,荷兰,2854,千克,0,—,30715
76042100,铝合金制空心异型材,312,西班牙,4561,千克,0,—,30431
76042100,铝合金制空心异型材,315,奥地利,929,千克,0,—,8513
76042100,铝合金制空心异型材,327,波兰,1117,千克,0,—,7628
76042100,铝合金制空心异型材,336,立陶宛,9884,千克,0,—,159939
76042100,铝合金制空心异型材,501,加拿大,1715,千克,0,—,27717
76042910,铝合金制条、杆,301,比利时,70826,千克,0,—,371222
76042910,铝合金制条、杆,305,法国,3801,千克,0,—,139892
76042910,铝合金制条、杆,307,意大利,8371,千克,0,—,53345
76042910,铝合金制条、杆,309,荷兰,21,千克,0,—,1806
76042910,铝合金制条、杆,350,斯洛文尼亚,2,千克,0,—,63
76042910,铝合金制条、杆,501,加拿大,8028,千克,0,—,52014
76042990,其他铝合金制型材及异...,129,菲律宾,22101,千克,0,—,65488
76042990,其他铝合金制型材及异...,301,比利时,473,千克,0,—,8073
76042990,其他铝合金制型材及异...,305,法国,46,千克,0,—,3255
76042990,其他铝合金制型材及异...,307,意大利,12397,千克,0,—,598824
76042990,其他铝合金制型材及异...,309,荷兰,319,千克,0,—,20432
76042990,其他铝合金制型材及异...,312,西班牙,690,千克,0,—,6674
76042990,其他铝合金制型材及异...,315,奥地利,53345,千克,0,—,283606
76042990,其他铝合金制型材及异...,326,挪威,96312,千克,0,—,370376
76042990,其他铝合金制型材及异...,501,加拿大,216105,千克,0,—,674729
76052100,最大截面尺寸超过7毫...,309,荷兰,128563,千克,0,—,613213
76052100,最大截面尺寸超过7毫...,312,西班牙,46971,千克,0,—,123359
76052100,最大截面尺寸超过7毫...,350,斯洛文尼亚,19231,千克,0,—,75780
76052100,最大截面尺寸超过7毫...,410,巴西,23444,千克,0,—,91988
76052100,最大截面尺寸超过7毫...,501,加拿大,215239,千克,0,—,687934
76052900,其他铝合金丝,305,法国,40,千克,0,—,477
76052900,其他铝合金丝,307,意大利,130352,千克,0,—,867920
76052900,其他铝合金丝,501,加拿大,18636,千克,0,—,135903
76061129,其他非合金铝矩形板、...,305,法国,0,千克,0,—,32
76061129,其他非合金铝矩形板、...,307,意大利,13216,千克,0,—,87846
76061199,其他非合金铝矩形板、...,305,法国,13908,千克,0,—,52141
76061199,其他非合金铝矩形板、...,307,意大利,45302,千克,0,—,300216
76061199,其他非合金铝矩形板、...,312,西班牙,4,千克,0,—,57
76061199,其他非合金铝矩形板、...,315,奥地利,19081,千克,0,—,76163
76061199,其他非合金铝矩形板、...,316,保加利亚,277,千克,0,—,2325
76061220,铝合金矩形板、片，0...,305,法国,26,千克,0,—,1147
76061230,铝合金矩形板、片，0...,315,奥地利,659,千克,0,—,8000
76061251,铝塑复合的铝合金矩形...,305,法国,240,千克,0,—,21207
76061251,铝塑复合的铝合金矩形...,310,希腊,21304,千克,0,—,95591
76061251,铝塑复合的铝合金矩形...,312,西班牙,406,千克,0,—,3383
76061259,其他铝合金矩形板、片...,301,比利时,1221442,千克,0,—,5146409
76061259,其他铝合金矩形板、片...,305,法国,480430,千克,0,—,2217151
76061259,其他铝合金矩形板、片...,307,意大利,22963,千克,0,—,89887
76061259,其他铝合金矩形板、片...,309,荷兰,110498,千克,0,—,855879
76061259,其他铝合金矩形板、片...,310,希腊,10190,千克,0,—,34646
76061259,其他铝合金矩形板、片...,312,西班牙,1276,千克,0,—,13651
76061259,其他铝合金矩形板、片...,315,奥地利,140527,千克,0,—,863693
76061259,其他铝合金矩形板、片...,321,匈牙利,306,千克,0,—,2946
76061259,其他铝合金矩形板、片...,327,波兰,17022,千克,0,—,62487
76061259,其他铝合金矩形板、片...,501,加拿大,599,千克,0,—,6942
76061290,铝合金矩形板、片，厚...,244,南非,23167,千克,0,—,76257
76061290,铝合金矩形板、片，厚...,305,法国,61752,千克,0,—,475456
76061290,铝合金矩形板、片，厚...,307,意大利,5435,千克,0,—,31119
76061290,铝合金矩形板、片，厚...,309,荷兰,93,千克,0,—,17327
76061290,铝合金矩形板、片，厚...,310,希腊,29580,千克,0,—,101855
76061290,铝合金矩形板、片，厚...,315,奥地利,156066,千克,0,—,635537
76069200,其他铝合金板、片及带...,305,法国,3582,千克,0,—,50530
76071190,轧后未加工无衬背铝箔...,138,阿联酋,1912,千克,0,—,67200
76071190,轧后未加工无衬背铝箔...,305,法国,4,千克,0,—,754
76071190,轧后未加工无衬背铝箔...,307,意大利,4544,千克,0,—,77668
76071190,轧后未加工无衬背铝箔...,309,荷兰,591,千克,0,—,2195
76071190,轧后未加工无衬背铝箔...,312,西班牙,10,千克,0,—,5684
76071190,轧后未加工无衬背铝箔...,315,奥地利,45255,千克,0,—,447842
76071190,轧后未加工无衬背铝箔...,501,加拿大,16099,千克,0,—,43502
76071900,其他无衬背铝箔,305,法国,37,千克,0,—,395
76071900,其他无衬背铝箔,307,意大利,4626,千克,0,—,98690
76071900,其他无衬背铝箔,309,荷兰,0,千克,0,—,1005
76071900,其他无衬背铝箔,315,奥地利,17633,千克,0,—,216617
76071900,其他无衬背铝箔,321,匈牙利,497922,千克,0,—,12552239
76072000,有衬背铝箔,137,土耳其,1,千克,0,—,272
76072000,有衬背铝箔,301,比利时,24640,千克,0,—,225800
76072000,有衬背铝箔,305,法国,501,千克,0,—,185562
76072000,有衬背铝箔,306,爱尔兰,0,千克,0,—,131
76072000,有衬背铝箔,307,意大利,794,千克,0,—,7744
76072000,有衬背铝箔,309,荷兰,132,千克,0,—,78640
76072000,有衬背铝箔,315,奥地利,13909,千克,0,—,180294
76072000,有衬背铝箔,321,匈牙利,252,千克,0,—,1825
76072000,有衬背铝箔,327,波兰,10646,千克,0,—,172791
76072000,有衬背铝箔,429,墨西哥,2090,千克,0,—,3276
76072000,有衬背铝箔,501,加拿大,7532,千克,0,—,88846
76081000,非合金铝管,307,意大利,587,千克,0,—,6062
76081000,非合金铝管,312,西班牙,133,千克,0,—,1509
76081000,非合金铝管,429,墨西哥,46,千克,0,—,1037
76082010,铝合金管，外径≤10...,137,土耳其,469,千克,0,—,3656
76082010,铝合金管，外径≤10...,244,南非,17067,千克,0,—,12849
76082010,铝合金管，外径≤10...,301,比利时,18501,千克,0,—,128434
76082010,铝合金管，外径≤10...,305,法国,1054,千克,0,—,154506
76082010,铝合金管，外径≤10...,307,意大利,80,千克,0,—,6450
76082010,铝合金管，外径≤10...,309,荷兰,3,千克,0,—,1444
76082010,铝合金管，外径≤10...,327,波兰,349,千克,0,—,4549
76082010,铝合金管，外径≤10...,429,墨西哥,1067,千克,0,—,9687
76082091,铝合金管，壁厚≤25...,307,意大利,2,千克,0,—,121
76082091,铝合金管，壁厚≤25...,327,波兰,2,千克,0,—,131
76090000,铝制管子附件（例如，...,137,土耳其,8,千克,0,—,129
76090000,铝制管子附件（例如，...,244,南非,24,千克,0,—,925
76090000,铝制管子附件（例如，...,301,比利时,2603,千克,0,—,117899
76090000,铝制管子附件（例如，...,305,法国,1631,千克,0,—,279291
76090000,铝制管子附件（例如，...,307,意大利,13227,千克,0,—,265293
76090000,铝制管子附件（例如，...,309,荷兰,343,千克,0,—,18089
76090000,铝制管子附件（例如，...,312,西班牙,1640,千克,0,—,28340
76090000,铝制管子附件（例如，...,315,奥地利,1050,千克,0,—,39930
76090000,铝制管子附件（例如，...,318,芬兰,19,千克,0,—,1338
76090000,铝制管子附件（例如，...,321,匈牙利,72,千克,0,—,2935
76090000,铝制管子附件（例如，...,327,波兰,487,千克,0,—,23515
76090000,铝制管子附件（例如，...,336,立陶宛,1247,千克,0,—,30785
76090000,铝制管子附件（例如，...,350,斯洛文尼亚,0,千克,0,—,63
76090000,铝制管子附件（例如，...,415,哥斯达黎加,1,千克,0,—,260
76090000,铝制管子附件（例如，...,429,墨西哥,56,千克,0,—,15600
76090000,铝制管子附件（例如，...,501,加拿大,285,千克,0,—,11316
76101000,铝制门窗及其框架、门...,307,意大利,58593,千克,0,—,1032792
76101000,铝制门窗及其框架、门...,312,西班牙,221,千克,0,—,1633
76101000,铝制门窗及其框架、门...,315,奥地利,10,千克,0,—,21
76101000,铝制门窗及其框架、门...,318,芬兰,3500,千克,0,—,127242
76101000,铝制门窗及其框架、门...,327,波兰,330,千克,0,—,20093
76109000,其他铝制结构体；铝结...,137,土耳其,3451,千克,0,—,42636
76109000,其他铝制结构体；铝结...,301,比利时,4005,千克,0,—,57091
76109000,其他铝制结构体；铝结...,305,法国,39,千克,0,—,5168
76109000,其他铝制结构体；铝结...,307,意大利,27886,千克,0,—,281575
76109000,其他铝制结构体；铝结...,309,荷兰,84867,千克,0,—,428831
76109000,其他铝制结构体；铝结...,310,希腊,4686,千克,0,—,18748
76109000,其他铝制结构体；铝结...,312,西班牙,127,千克,0,—,1629
76109000,其他铝制结构体；铝结...,315,奥地利,78,千克,0,—,474
76109000,其他铝制结构体；铝结...,318,芬兰,1070,千克,0,—,30932
76109000,其他铝制结构体；铝结...,326,挪威,223,千克,0,—,3140
76109000,其他铝制结构体；铝结...,327,波兰,1107,千克,0,—,14496
76109000,其他铝制结构体；铝结...,336,立陶宛,24,千克,0,—,1234
76109000,其他铝制结构体；铝结...,340,白俄罗斯,5,千克,0,—,123
76109000,其他铝制结构体；铝结...,429,墨西哥,20,千克,0,—,120
76109000,其他铝制结构体；铝结...,501,加拿大,14900,千克,0,—,233607
76110000,铝制槽、罐、桶等容器...,305,法国,1720,千克,0,—,87449
76129090,其他容积≤300L的...,137,土耳其,297,千克,0,—,16693
76129090,其他容积≤300L的...,305,法国,10947,千克,0,—,262987
76129090,其他容积≤300L的...,307,意大利,3972,千克,0,—,78123
76129090,其他容积≤300L的...,309,荷兰,94,千克,0,—,3860
76129090,其他容积≤300L的...,318,芬兰,46,千克,0,—,554
76129090,其他容积≤300L的...,321,匈牙利,1269,千克,0,—,51503
76129090,其他容积≤300L的...,501,加拿大,10,千克,0,—,980
76130010,装压缩气体或液化气体...,305,法国,108,千克,0,—,12611
76130090,装压缩气体或液化气体...,305,法国,72,千克,0,—,14058
76130090,装压缩气体或液化气体...,309,荷兰,132,千克,0,—,27443
76130090,装压缩气体或液化气体...,315,奥地利,8246,千克,0,—,193465
76149000,其他非绝缘的铝制绞股...,301,比利时,4,千克,0,—,117
76149000,其他非绝缘的铝制绞股...,307,意大利,1,千克,0,—,2036
76151090,其他铝制餐桌、厨房或...,137,土耳其,3172,千克,0,—,29072
76151090,其他铝制餐桌、厨房或...,138,阿联酋,18,千克,0,—,69
76151090,其他铝制餐桌、厨房或...,305,法国,1574,千克,0,—,43158
76151090,其他铝制餐桌、厨房或...,307,意大利,91302,千克,0,—,1070279
76151090,其他铝制餐桌、厨房或...,312,西班牙,826,千克,0,—,16911
76151090,其他铝制餐桌、厨房或...,321,匈牙利,1,千克,0,—,23
76151090,其他铝制餐桌、厨房或...,327,波兰,0,千克,0,—,6
76151090,其他铝制餐桌、厨房或...,429,墨西哥,6,千克,0,—,114
76152000,铝制卫生器具及其零件,305,法国,53,千克,0,—,3653
76152000,铝制卫生器具及其零件,307,意大利,26,千克,0,—,2439
76161000,铝制钉、螺钉、螺栓、...,129,菲律宾,0,千克,0,—,1
76161000,铝制钉、螺钉、螺栓、...,137,土耳其,1,千克,0,—,3687
76161000,铝制钉、螺钉、螺栓、...,301,比利时,10,千克,0,—,2736
76161000,铝制钉、螺钉、螺栓、...,305,法国,6511,千克,0,—,257941
76161000,铝制钉、螺钉、螺栓、...,306,爱尔兰,7,千克,0,—,2061
76161000,铝制钉、螺钉、螺栓、...,307,意大利,4141,千克,0,—,128373
76161000,铝制钉、螺钉、螺栓、...,309,荷兰,5,千克,0,—,1335
76161000,铝制钉、螺钉、螺栓、...,312,西班牙,1535,千克,0,—,16272
76161000,铝制钉、螺钉、螺栓、...,315,奥地利,149,千克,0,—,54607
76161000,铝制钉、螺钉、螺栓、...,318,芬兰,3552,千克,0,—,129613
76161000,铝制钉、螺钉、螺栓、...,321,匈牙利,116,千克,0,—,11059
76161000,铝制钉、螺钉、螺栓、...,326,挪威,278,千克,0,—,22222
76161000,铝制钉、螺钉、螺栓、...,327,波兰,11,千克,0,—,865
76161000,铝制钉、螺钉、螺栓、...,350,斯洛文尼亚,4528,千克,0,—,99655
76161000,铝制钉、螺钉、螺栓、...,359,黑山,1,千克,0,—,13
76161000,铝制钉、螺钉、螺栓、...,410,巴西,1,千克,0,—,1654
76161000,铝制钉、螺钉、螺栓、...,429,墨西哥,838,千克,0,—,197235
76161000,铝制钉、螺钉、螺栓、...,501,加拿大,581,千克,0,—,51115
76169100,铝丝制布、网、篱及格...,305,法国,4,千克,0,—,2061
76169100,铝丝制布、网、篱及格...,307,意大利,341,千克,0,—,61882
76169100,铝丝制布、网、篱及格...,309,荷兰,942,千克,0,—,43228
76169100,铝丝制布、网、篱及格...,315,奥地利,567,千克,0,—,55003
76169100,铝丝制布、网、篱及格...,429,墨西哥,865,千克,0,—,36341
76169910,其他工业用铝制品,129,菲律宾,613,千克,0,—,11806
76169910,其他工业用铝制品,137,土耳其,4918,千克,0,—,83158
76169910,其他工业用铝制品,244,南非,143310,千克,0,—,841534
76169910,其他工业用铝制品,301,比利时,21531,千克,0,—,214501
76169910,其他工业用铝制品,305,法国,11060,千克,0,—,881799
76169910,其他工业用铝制品,306,爱尔兰,2,千克,0,—,1920
76169910,其他工业用铝制品,307,意大利,45284,千克,0,—,936043
76169910,其他工业用铝制品,309,荷兰,6843,千克,0,—,761929
76169910,其他工业用铝制品,312,西班牙,6579,千克,0,—,74799
76169910,其他工业用铝制品,315,奥地利,117352,千克,0,—,856439
76169910,其他工业用铝制品,316,保加利亚,2937,千克,0,—,57863
76169910,其他工业用铝制品,318,芬兰,699,千克,0,—,35158
76169910,其他工业用铝制品,321,匈牙利,12840,千克,0,—,302688
76169910,其他工业用铝制品,326,挪威,30,千克,0,—,998
76169910,其他工业用铝制品,327,波兰,6545,千克,0,—,101046
76169910,其他工业用铝制品,336,立陶宛,2,千克,0,—,88
76169910,其他工业用铝制品,350,斯洛文尼亚,8149,千克,0,—,125972
76169910,其他工业用铝制品,410,巴西,7276,千克,0,—,24408
76169910,其他工业用铝制品,429,墨西哥,7769,千克,0,—,258421
76169910,其他工业用铝制品,501,加拿大,908,千克,0,—,141926
76169990,其他非工业用铝制品,127,巴基斯坦,1,千克,0,—,152
76169990,其他非工业用铝制品,129,菲律宾,578,千克,0,—,19330
76169990,其他非工业用铝制品,137,土耳其,6052,千克,0,—,93380
76169990,其他非工业用铝制品,244,南非,54,千克,0,—,3075
76169990,其他非工业用铝制品,301,比利时,100,千克,0,—,7490
76169990,其他非工业用铝制品,305,法国,10382,千克,0,—,532379
76169990,其他非工业用铝制品,306,爱尔兰,5,千克,0,—,3152
76169990,其他非工业用铝制品,307,意大利,10227,千克,0,—,236222
76169990,其他非工业用铝制品,309,荷兰,2760,千克,0,—,113250
76169990,其他非工业用铝制品,312,西班牙,1147,千克,0,—,56795
76169990,其他非工业用铝制品,315,奥地利,1651,千克,0,—,21848
76169990,其他非工业用铝制品,316,保加利亚,291,千克,0,—,3349
76169990,其他非工业用铝制品,318,芬兰,1912,千克,0,—,33686
76169990,其他非工业用铝制品,321,匈牙利,390,千克,0,—,12896
76169990,其他非工业用铝制品,326,挪威,1,千克,0,—,12
76169990,其他非工业用铝制品,327,波兰,1420,千克,0,—,14147
76169990,其他非工业用铝制品,336,立陶宛,0,千克,0,—,40
76169990,其他非工业用铝制品,350,斯洛文尼亚,46,千克,0,—,6820
76169990,其他非工业用铝制品,410,巴西,8,千克,0,—,8714
76169990,其他非工业用铝制品,429,墨西哥,441,千克,0,—,147407
76169990,其他非工业用铝制品,501,加拿大,2755,千克,0,—,267984
78019100,按重量计所含其他元素...,129,菲律宾,522145,千克,0,—,900944
78019900,其他未锻轧铅,124,蒙古,324800,千克,0,—,470960
78019900,其他未锻轧铅,327,波兰,103719,千克,0,—,196911
78019900,其他未锻轧铅,408,玻利维亚,74800,千克,0,—,176096
78019900,其他未锻轧铅,429,墨西哥,789650,千克,0,—,1190018
78060090,其他铅制品,138,阿联酋,104,千克,0,—,351
78060090,其他铅制品,244,南非,574,千克,0,—,650
78060090,其他铅制品,301,比利时,864,千克,0,—,800
78060090,其他铅制品,309,荷兰,868,千克,0,—,7180
78060090,其他铅制品,327,波兰,693,千克,0,—,3667
79011110,含锌量≥99.995...,429,墨西哥,149356,千克,0,—,461722
79011110,含锌量≥99.995...,501,加拿大,578563,千克,0,—,1728515
79011200,含锌量低于99.99...,307,意大利,20,千克,0,—,342
79012000,未锻轧锌合金,138,阿联酋,101215,千克,0,—,284665
79031000,锌末,137,土耳其,2000,千克,0,—,10900
79039000,锌粉及片状粉末,301,比利时,72,千克,0,—,2860
79039000,锌粉及片状粉末,307,意大利,50,千克,0,—,895
79040000,锌条、杆、型材及异型...,307,意大利,0,千克,0,—,25
79040000,锌条、杆、型材及异型...,312,西班牙,124,千克,0,—,1992
79040000,锌条、杆、型材及异型...,429,墨西哥,9,千克,0,—,940
79050000,锌板、片、带、箔,305,法国,60776,千克,0,—,356143
79050000,锌板、片、带、箔,307,意大利,19411,千克,0,—,114301
79050000,锌板、片、带、箔,312,西班牙,4891,千克,0,—,35275
79050000,锌板、片、带、箔,429,墨西哥,4208,千克,0,—,45087
79070020,锌制管及管子附件（例...,301,比利时,4,千克,0,—,372
79070020,锌制管及管子附件（例...,307,意大利,194,千克,0,—,2603
79070020,锌制管及管子附件（例...,429,墨西哥,0,千克,0,—,24
79070020,锌制管及管子附件（例...,501,加拿大,96,千克,0,—,3333
79070090,其他锌制品,137,土耳其,229,千克,0,—,6247
79070090,其他锌制品,301,比利时,2030,千克,0,—,28502
79070090,其他锌制品,305,法国,1944,千克,0,—,133570
79070090,其他锌制品,307,意大利,6410,千克,0,—,170665
79070090,其他锌制品,309,荷兰,143,千克,0,—,5817
79070090,其他锌制品,312,西班牙,2073,千克,0,—,46419
79070090,其他锌制品,315,奥地利,29738,千克,0,—,619594
79070090,其他锌制品,318,芬兰,17,千克,0,—,3272
79070090,其他锌制品,321,匈牙利,420,千克,0,—,21939
79070090,其他锌制品,326,挪威,44,千克,0,—,2470
79070090,其他锌制品,327,波兰,41,千克,0,—,2661
79070090,其他锌制品,350,斯洛文尼亚,32115,千克,0,—,373632
79070090,其他锌制品,429,墨西哥,24,千克,0,—,11288
79070090,其他锌制品,501,加拿大,252,千克,0,—,3585
80011000,未锻轧的非合金锡,301,比利时,6421,千克,0,—,200547
80012029,其他未锻轧的焊锡,307,意大利,1,千克,0,—,8
80012029,其他未锻轧的焊锡,309,荷兰,0,千克,0,—,351
80030000,锡条、杆、型材及异型...,305,法国,40,千克,0,—,2117
80030000,锡条、杆、型材及异型...,312,西班牙,48,千克,0,—,2631
80030000,锡条、杆、型材及异型...,321,匈牙利,645,千克,0,—,44411
80030000,锡条、杆、型材及异型...,410,巴西,104,千克,0,—,5924
80030000,锡条、杆、型材及异型...,429,墨西哥,229,千克,0,—,15759
80030000,锡条、杆、型材及异型...,501,加拿大,0,千克,0,—,515
80070030,锡箔，厚（除衬背）≤...,129,菲律宾,207,千克,0,—,13716
80070030,锡箔，厚（除衬背）≤...,301,比利时,0,千克,0,—,45
80070030,锡箔，厚（除衬背）≤...,307,意大利,89,千克,0,—,10270
80070030,锡箔，厚（除衬背）≤...,312,西班牙,0,千克,0,—,6401
80070030,锡箔，厚（除衬背）≤...,429,墨西哥,227,千克,0,—,8224
80070030,锡箔，厚（除衬背）≤...,501,加拿大,210,千克,0,—,14937
80070040,锡制管及管子附件（例...,309,荷兰,8,千克,0,—,849
80070040,锡制管及管子附件（例...,429,墨西哥,81,千克,0,—,40413
80070090,未列名锡制品,127,巴基斯坦,2,千克,0,—,46
80070090,未列名锡制品,129,菲律宾,16,千克,0,—,1423
80070090,未列名锡制品,305,法国,29,千克,0,—,2545
80070090,未列名锡制品,307,意大利,33,千克,0,—,1221
80070090,未列名锡制品,309,荷兰,114,千克,0,—,1072
80070090,未列名锡制品,315,奥地利,624,千克,0,—,4996
80070090,未列名锡制品,429,墨西哥,2,千克,0,—,3165
81011000,钨粉,301,比利时,300,千克,0,—,17509
81011000,钨粉,501,加拿大,300,千克,0,—,19368
81019600,钨丝,305,法国,47,千克,0,—,78167
81019600,钨丝,315,奥地利,40,千克,0,—,24818
81019600,钨丝,321,匈牙利,4,千克,0,—,1560
81019910,钨条、杆、型材及异型...,306,爱尔兰,3,千克,0,—,145
81019910,钨条、杆、型材及异型...,315,奥地利,54,千克,0,—,13751
81019990,其他钨制品,305,法国,0,千克,0,—,393
81019990,其他钨制品,307,意大利,1,千克,0,—,3661
81019990,其他钨制品,315,奥地利,75,千克,0,—,17918
81019990,其他钨制品,316,保加利亚,0,千克,0,—,111
81029500,钼条、杆、型材及异型...,315,奥地利,30764,千克,0,—,2492671
81029500,钼条、杆、型材及异型...,501,加拿大,20,千克,0,—,2882
81029600,钼丝,305,法国,0,千克,0,—,262
81029600,钼丝,309,荷兰,0,千克,0,—,42
81029600,钼丝,315,奥地利,4312,千克,0,—,406813
81029900,其他钼制品,305,法国,111,千克,0,—,127967
81029900,其他钼制品,307,意大利,1,千克,0,—,361
81029900,其他钼制品,315,奥地利,159,千克,0,—,88262
81039090,其他锻轧钽及钽制品,305,法国,7,千克,0,—,30620
81041100,含镁量≥99.8%的...,309,荷兰,0,千克,0,—,1155
81043000,镁锉屑、车屑及颗粒，...,315,奥地利,200,千克,0,—,85316
81049020,镁制品,129,菲律宾,12,千克,0,—,394
81049020,镁制品,315,奥地利,2,千克,0,—,327
81049020,镁制品,501,加拿大,33,千克,0,—,7276
81052010,钴湿法冶炼中间产品,129,菲律宾,110000,千克,0,—,678700
81052010,钴湿法冶炼中间产品,252,刚果民主共和国,26405458,千克,0,—,356880773
81052020,未锻轧钴,301,比利时,100,千克,0,—,11200
81052020,未锻轧钴,501,加拿大,80000,千克,0,—,3206364
81052090,其他钴锍及冶炼钴时所...,252,刚果民主共和国,214814,千克,0,—,5741108
81052090,其他钴锍及冶炼钴时所...,301,比利时,31417,千克,0,—,2015626
81052090,其他钴锍及冶炼钴时所...,318,芬兰,9000,千克,0,—,555395
81059000,锻轧钴及钴制品,305,法国,391,千克,0,—,412285
81059000,锻轧钴及钴制品,306,爱尔兰,15,千克,0,—,95577
81059000,锻轧钴及钴制品,307,意大利,0,千克,0,—,735
81059000,锻轧钴及钴制品,501,加拿大,396,千克,0,—,91854
81060010,未锻轧铋；废料及碎料...,501,加拿大,0,千克,0,—,107
81072000,未锻轧镉；粉末,429,墨西哥,19808,千克,0,—,48559
81072000,未锻轧镉；粉末,501,加拿大,61219,千克,0,—,169711
81082029,其他未锻轧钛,305,法国,70,千克,0,—,4401
81082029,其他未锻轧钛,501,加拿大,18263,千克,0,—,80357
81082030,钛粉末,501,加拿大,160,千克,0,—,44137
81089010,钛条、杆、型材及异型...,305,法国,9371,千克,0,—,594441
81089010,钛条、杆、型材及异型...,306,爱尔兰,3,千克,0,—,1726
81089010,钛条、杆、型材及异型...,307,意大利,460,千克,0,—,31026
81089010,钛条、杆、型材及异型...,309,荷兰,3,千克,0,—,5929
81089010,钛条、杆、型材及异型...,312,西班牙,47,千克,0,—,268478
81089010,钛条、杆、型材及异型...,315,奥地利,804,千克,0,—,120168
81089020,钛丝,307,意大利,4,千克,0,—,308
81089031,厚度≤0.8mm的钛...,305,法国,0,千克,0,—,1283
81089031,厚度≤0.8mm的钛...,307,意大利,2,千克,0,—,2632
81089032,厚度＞0.8mm的钛...,305,法国,241,千克,0,—,61562
81089032,厚度＞0.8mm的钛...,312,西班牙,38,千克,0,—,86642
81089040,钛管,305,法国,64,千克,0,—,136805
81089090,其他锻轧钛及钛制品,137,土耳其,23,千克,0,—,30357
81089090,其他锻轧钛及钛制品,301,比利时,1306,千克,0,—,73558
81089090,其他锻轧钛及钛制品,305,法国,590,千克,0,—,1207739
81089090,其他锻轧钛及钛制品,306,爱尔兰,0,千克,0,—,1834
81089090,其他锻轧钛及钛制品,307,意大利,25,千克,0,—,11946
81089090,其他锻轧钛及钛制品,309,荷兰,0,千克,0,—,251
81089090,其他锻轧钛及钛制品,312,西班牙,0,千克,0,—,104
81089090,其他锻轧钛及钛制品,315,奥地利,731,千克,0,—,35092
81089090,其他锻轧钛及钛制品,321,匈牙利,9,千克,0,—,2213
81089090,其他锻轧钛及钛制品,326,挪威,5,千克,0,—,23692
81089090,其他锻轧钛及钛制品,327,波兰,1,千克,0,—,67049
81089090,其他锻轧钛及钛制品,410,巴西,0,千克,0,—,1204
81089090,其他锻轧钛及钛制品,429,墨西哥,2024,千克,0,—,269079
81089090,其他锻轧钛及钛制品,501,加拿大,5,千克,0,—,15840
81099000,锻轧锆及锆制品,305,法国,18106,千克,0,—,1519535
81099000,锻轧锆及锆制品,307,意大利,293,千克,0,—,143143
81099000,锻轧锆及锆制品,309,荷兰,0,千克,0,—,548
81110010,未锻轧锰；废料及碎料...,327,波兰,0,千克,0,—,1005
81110090,锻轧锰及锰制品,305,法国,14,千克,0,—,5061
81121900,锻轧铍及铍制品,309,荷兰,0,千克,0,—,440
81122100,未锻轧铬；粉末,305,法国,241,千克,0,—,34979
81122900,锻轧铬及铬制品,305,法国,250,千克,0,—,51626
81122900,锻轧铬及铬制品,315,奥地利,13,千克,0,—,3536
81129230,未锻轧的铟；废料及碎...,501,加拿大,0,千克,0,—,22
81129240,未锻轧的铌；废料及碎...,410,巴西,32338,千克,0,—,2093175
81129930,锻轧的铟及其制品,301,比利时,1,千克,0,—,446
81129930,锻轧的铟及其制品,501,加拿大,0,千克,0,—,485
81129940,锻轧的铌及其制品,327,波兰,30,千克,0,—,18697
81129990,锻轧的镓、铪、铼及其...,305,法国,34,千克,0,—,48715
81130010,金属陶瓷颗粒；粉末,429,墨西哥,0,千克,0,—,27
81130090,其他金属陶瓷及其制品...,306,爱尔兰,14,千克,0,—,61330
81130090,其他金属陶瓷及其制品...,307,意大利,261,千克,0,—,36514
81130090,其他金属陶瓷及其制品...,315,奥地利,126,千克,0,—,16412
81130090,其他金属陶瓷及其制品...,501,加拿大,2889,千克,0,—,550611
82011000,锹及铲,307,意大利,0,千克,5,把,242
82011000,锹及铲,309,荷兰,3,千克,1,把,49
82011000,锹及铲,327,波兰,7,千克,6,把,176
82013000,镐、锄及耙,307,意大利,0,千克,10,把,484
82014000,斧子、钩刀及类似砍伐...,318,芬兰,1,千克,1,把,31
82014000,斧子、钩刀及类似砍伐...,429,墨西哥,17,千克,34,把,1339
82014000,斧子、钩刀及类似砍伐...,501,加拿大,94,千克,126,把,780
82015000,修枝剪及类似的单手操...,127,巴基斯坦,85,千克,1970,把,3940
82015000,修枝剪及类似的单手操...,307,意大利,38,千克,99,把,1976
82019090,其他用于农业、园艺或...,307,意大利,5,千克,10,把,150
82019090,其他用于农业、园艺或...,309,荷兰,45,千克,6,把,8198
82021000,手工锯,305,法国,31,千克,40,把,862
82021000,手工锯,307,意大利,41,千克,79,把,618
82021000,手工锯,312,西班牙,2,千克,3,把,50
82021000,手工锯,501,加拿大,0,千克,1,把,19
82022010,双金属带锯条,410,巴西,53,千克,0,—,5603
82022090,其他带锯片,340,白俄罗斯,2876,千克,0,—,30745
82022090,其他带锯片,410,巴西,2048,千克,0,—,22393
82023100,带有钢制工作部件的圆...,129,菲律宾,11869,千克,0,—,260198
82023100,带有钢制工作部件的圆...,307,意大利,9084,千克,0,—,239999
82023100,带有钢制工作部件的圆...,312,西班牙,0,千克,0,—,571
82023100,带有钢制工作部件的圆...,315,奥地利,3,千克,0,—,877
82023910,带有天然或合成金刚石...,315,奥地利,11,千克,0,—,7352
82023910,带有天然或合成金刚石...,321,匈牙利,38,千克,0,—,544
82023990,未列名圆锯片，包括部...,305,法国,1151,千克,0,—,70845
82023990,未列名圆锯片，包括部...,307,意大利,18079,千克,0,—,439796
82023990,未列名圆锯片，包括部...,309,荷兰,400,千克,0,—,27317
82023990,未列名圆锯片，包括部...,315,奥地利,25,千克,0,—,41727
82023990,未列名圆锯片，包括部...,327,波兰,0,千克,0,—,98
82024000,链锯条,410,巴西,5722,千克,0,—,49113
82024000,链锯条,501,加拿大,26938,千克,0,—,453739
82029110,机械锯用锯金属的直锯...,340,白俄罗斯,664,千克,0,—,3779
82029110,机械锯用锯金属的直锯...,410,巴西,1,千克,0,—,233
82029190,其他锯金属的直锯片,312,西班牙,0,千克,0,—,10
82029190,其他锯金属的直锯片,340,白俄罗斯,1,千克,0,—,1250
82029190,其他锯金属的直锯片,429,墨西哥,2053,千克,0,—,27881
82029910,其他机械锯用锯片,301,比利时,0,千克,0,—,590
82029910,其他机械锯用锯片,305,法国,1,千克,0,—,453
82029910,其他机械锯用锯片,307,意大利,72000,千克,0,—,71308
82029910,其他机械锯用锯片,340,白俄罗斯,3,千克,0,—,136
82029910,其他机械锯用锯片,429,墨西哥,3,千克,0,—,188
82029990,未列名锯片,312,西班牙,100,千克,0,—,3134
82029990,未列名锯片,315,奥地利,0,千克,0,—,161
82031000,钢锉、木锉及类似工具,305,法国,39,千克,240,把,4487
82031000,钢锉、木锉及类似工具,306,爱尔兰,1,千克,24,把,241
82031000,钢锉、木锉及类似工具,307,意大利,41,千克,285,把,2816
82031000,钢锉、木锉及类似工具,312,西班牙,1,千克,84,把,300
82031000,钢锉、木锉及类似工具,327,波兰,2,千克,22,把,254
82031000,钢锉、木锉及类似工具,350,斯洛文尼亚,3,千克,5,把,77
82032000,钳子（包括剪钳）、镊...,127,巴基斯坦,18476,千克,771597,把,380226
82032000,钳子（包括剪钳）、镊...,129,菲律宾,1,千克,9,把,2592
82032000,钳子（包括剪钳）、镊...,137,土耳其,253,千克,800,把,1006
82032000,钳子（包括剪钳）、镊...,138,阿联酋,4,千克,6,把,60
82032000,钳子（包括剪钳）、镊...,301,比利时,0,千克,52,把,1346
82032000,钳子（包括剪钳）、镊...,305,法国,389,千克,1857,把,40416
82032000,钳子（包括剪钳）、镊...,307,意大利,320,千克,3958,把,21185
82032000,钳子（包括剪钳）、镊...,309,荷兰,25,千克,186,把,7805
82032000,钳子（包括剪钳）、镊...,312,西班牙,77,千克,275,把,6759
82032000,钳子（包括剪钳）、镊...,315,奥地利,10,千克,8,把,502
82032000,钳子（包括剪钳）、镊...,318,芬兰,2,千克,3,把,2853
82032000,钳子（包括剪钳）、镊...,321,匈牙利,0,千克,1,把,387
82032000,钳子（包括剪钳）、镊...,327,波兰,505,千克,12956,把,40406
82032000,钳子（包括剪钳）、镊...,350,斯洛文尼亚,123,千克,448,把,5135
82032000,钳子（包括剪钳）、镊...,429,墨西哥,0,千克,45,把,276
82032000,钳子（包括剪钳）、镊...,501,加拿大,0,千克,36,把,2031
82033000,白铁剪及类似工具,137,土耳其,5,千克,43,把,371
82033000,白铁剪及类似工具,305,法国,1,千克,2,把,19
82033000,白铁剪及类似工具,307,意大利,12,千克,38,把,425
82034000,切管器、螺栓切头器、...,305,法国,38,千克,320,把,2333
82034000,切管器、螺栓切头器、...,307,意大利,3,千克,8,把,208
82034000,切管器、螺栓切头器、...,309,荷兰,1,千克,37,把,4534
82034000,切管器、螺栓切头器、...,312,西班牙,40,千克,73,把,1795
82041100,固定的手动扳手及扳钳,127,巴基斯坦,0,千克,20,把,135
82041100,固定的手动扳手及扳钳,129,菲律宾,0,千克,1,把,4
82041100,固定的手动扳手及扳钳,137,土耳其,376,千克,1535,把,7652
82041100,固定的手动扳手及扳钳,301,比利时,11,千克,29,把,666
82041100,固定的手动扳手及扳钳,305,法国,234,千克,2505,把,11670
82041100,固定的手动扳手及扳钳,306,爱尔兰,0,千克,3,把,5
82041100,固定的手动扳手及扳钳,307,意大利,44259,千克,271017,把,400660
82041100,固定的手动扳手及扳钳,309,荷兰,18,千克,37,把,12281
82041100,固定的手动扳手及扳钳,312,西班牙,228,千克,1985,把,8750
82041100,固定的手动扳手及扳钳,315,奥地利,8,千克,25,把,1577
82041100,固定的手动扳手及扳钳,318,芬兰,15,千克,10,把,594
82041100,固定的手动扳手及扳钳,321,匈牙利,106,千克,44,把,5501
82041100,固定的手动扳手及扳钳,327,波兰,941,千克,53834,把,77733
82041100,固定的手动扳手及扳钳,336,立陶宛,2,千克,2,把,124
82041100,固定的手动扳手及扳钳,350,斯洛文尼亚,42,千克,475,把,1594
82041100,固定的手动扳手及扳钳,429,墨西哥,833,千克,20053,把,24942
82041100,固定的手动扳手及扳钳,501,加拿大,2,千克,12,把,185
82041200,可调的手动扳手及扳钳,137,土耳其,5,千克,9,把,111
82041200,可调的手动扳手及扳钳,305,法国,10,千克,4,把,1282
82041200,可调的手动扳手及扳钳,307,意大利,165,千克,190,把,110179
82041200,可调的手动扳手及扳钳,309,荷兰,42,千克,18,把,1787
82041200,可调的手动扳手及扳钳,312,西班牙,295,千克,736,把,8254
82041200,可调的手动扳手及扳钳,318,芬兰,33,千克,11,把,3433
82041200,可调的手动扳手及扳钳,327,波兰,3,千克,6,把,153
82041200,可调的手动扳手及扳钳,350,斯洛文尼亚,70,千克,7,把,654
82041200,可调的手动扳手及扳钳,501,加拿大,3,千克,2,把,61
82042000,可互换的扳手套筒，不...,305,法国,67,千克,137,套,2148
82042000,可互换的扳手套筒，不...,306,爱尔兰,2,千克,4,套,28
82042000,可互换的扳手套筒，不...,307,意大利,71,千克,388,套,5441
82042000,可互换的扳手套筒，不...,309,荷兰,5,千克,64,套,2709
82042000,可互换的扳手套筒，不...,312,西班牙,8,千克,23,套,447
82042000,可互换的扳手套筒，不...,315,奥地利,2,千克,15,套,793
82042000,可互换的扳手套筒，不...,316,保加利亚,0,千克,1,套,28
82042000,可互换的扳手套筒，不...,318,芬兰,0,千克,1,套,16
82042000,可互换的扳手套筒，不...,321,匈牙利,3,千克,14,套,177
82042000,可互换的扳手套筒，不...,326,挪威,4,千克,2,套,28
82042000,可互换的扳手套筒，不...,327,波兰,5,千克,29,套,820
82042000,可互换的扳手套筒，不...,350,斯洛文尼亚,2,千克,61,套,56
82042000,可互换的扳手套筒，不...,429,墨西哥,2,千克,5,套,480
82051000,钻孔或攻丝工具,127,巴基斯坦,0,千克,40,个,230
82051000,钻孔或攻丝工具,129,菲律宾,0,千克,6,个,78
82051000,钻孔或攻丝工具,305,法国,1,千克,7,个,459
82051000,钻孔或攻丝工具,307,意大利,0,千克,21,个,496
82051000,钻孔或攻丝工具,315,奥地利,6,千克,4,个,360
82051000,钻孔或攻丝工具,316,保加利亚,9,千克,7,个,218
82051000,钻孔或攻丝工具,501,加拿大,3,千克,1,个,4
82052000,锤子,305,法国,145,千克,138,个,2435
82052000,锤子,307,意大利,364,千克,499,个,9544
82052000,锤子,309,荷兰,1,千克,12,个,114
82052000,锤子,312,西班牙,2,千克,4,个,33
82052000,锤子,315,奥地利,38,千克,33,个,2760
82052000,锤子,318,芬兰,0,千克,1,个,95
82052000,锤子,321,匈牙利,2,千克,5,个,17
82052000,锤子,327,波兰,92,千克,393,个,4374
82052000,锤子,350,斯洛文尼亚,14,千克,27,个,211
82053000,木工刨子、凿子及类似...,312,西班牙,2,千克,7,个,50
82054000,螺丝刀,127,巴基斯坦,25,千克,350,个,199
82054000,螺丝刀,129,菲律宾,7,千克,480,个,240
82054000,螺丝刀,137,土耳其,2,千克,30,个,60
82054000,螺丝刀,301,比利时,0,千克,2,个,124
82054000,螺丝刀,305,法国,537,千克,3158,个,22562
82054000,螺丝刀,307,意大利,23,千克,277,个,1505
82054000,螺丝刀,309,荷兰,2,千克,34,个,1327
82054000,螺丝刀,312,西班牙,11,千克,148,个,749
82054000,螺丝刀,315,奥地利,5,千克,277,个,605
82054000,螺丝刀,321,匈牙利,0,千克,18,个,146
82054000,螺丝刀,326,挪威,0,千克,1,个,5
82054000,螺丝刀,327,波兰,96,千克,1769,个,4348
82054000,螺丝刀,350,斯洛文尼亚,1426,千克,79470,个,40493
82054000,螺丝刀,429,墨西哥,0,千克,1,个,31
82054000,螺丝刀,501,加拿大,12,千克,601,个,2248
82055100,其他家用手工工具,127,巴基斯坦,262,千克,18500,个,9938
82055100,其他家用手工工具,137,土耳其,3,千克,3,个,307
82055100,其他家用手工工具,305,法国,794,千克,2455,个,23127
82055100,其他家用手工工具,306,爱尔兰,8,千克,54,个,129
82055100,其他家用手工工具,307,意大利,615,千克,2165,个,18543
82055100,其他家用手工工具,312,西班牙,17,千克,202,个,126
82055100,其他家用手工工具,315,奥地利,3,千克,48,个,87
82055100,其他家用手工工具,350,斯洛文尼亚,2,千克,1,个,67
82055900,其他手工工具,127,巴基斯坦,345,千克,2729,个,13074
82055900,其他手工工具,137,土耳其,66,千克,47,个,1635
82055900,其他手工工具,244,南非,0,千克,2,个,78
82055900,其他手工工具,301,比利时,37,千克,44,个,11618
82055900,其他手工工具,305,法国,1077,千克,4968,个,159673
82055900,其他手工工具,306,爱尔兰,225,千克,212,个,35983
82055900,其他手工工具,307,意大利,1671,千克,2801,个,322556
82055900,其他手工工具,309,荷兰,254,千克,250,个,120613
82055900,其他手工工具,312,西班牙,655,千克,8353,个,31905
82055900,其他手工工具,315,奥地利,424,千克,329,个,70630
82055900,其他手工工具,318,芬兰,712,千克,94,个,29287
82055900,其他手工工具,321,匈牙利,557,千克,1300,个,17181
82055900,其他手工工具,326,挪威,59,千克,33,个,6474
82055900,其他手工工具,327,波兰,209,千克,682,个,15464
82055900,其他手工工具,350,斯洛文尼亚,247,千克,79,个,11488
82055900,其他手工工具,429,墨西哥,45,千克,142,个,5780
82055900,其他手工工具,501,加拿大,39,千克,108,个,7373
82057000,台钳、夹钳及类似品,137,土耳其,10,千克,1,个,103
82057000,台钳、夹钳及类似品,301,比利时,8,千克,79,个,1954
82057000,台钳、夹钳及类似品,305,法国,61,千克,226,个,41374
82057000,台钳、夹钳及类似品,307,意大利,789,千克,28,个,10700
82057000,台钳、夹钳及类似品,309,荷兰,9,千克,4,个,470
82057000,台钳、夹钳及类似品,312,西班牙,79,千克,58,个,1241
82057000,台钳、夹钳及类似品,315,奥地利,97,千克,18,个,2237
82057000,台钳、夹钳及类似品,321,匈牙利,57,千克,74,个,6127
82057000,台钳、夹钳及类似品,327,波兰,10,千克,1,个,224
82057000,台钳、夹钳及类似品,501,加拿大,2,千克,1,个,5047
82059000,砧、轻便锻炉；带支架...,108,塞浦路斯,1,千克,0,—,50
82059000,砧、轻便锻炉；带支架...,137,土耳其,2,千克,0,—,235
82059000,砧、轻便锻炉；带支架...,301,比利时,16,千克,0,—,2584
82059000,砧、轻便锻炉；带支架...,305,法国,84,千克,0,—,29129
82059000,砧、轻便锻炉；带支架...,307,意大利,100,千克,0,—,11114
82059000,砧、轻便锻炉；带支架...,309,荷兰,396,千克,0,—,47494
82059000,砧、轻便锻炉；带支架...,310,希腊,5,千克,0,—,8646
82059000,砧、轻便锻炉；带支架...,312,西班牙,1,千克,0,—,390
82059000,砧、轻便锻炉；带支架...,315,奥地利,3,千克,0,—,685
82059000,砧、轻便锻炉；带支架...,318,芬兰,48,千克,0,—,7365
82059000,砧、轻便锻炉；带支架...,326,挪威,8,千克,0,—,94
82059000,砧、轻便锻炉；带支架...,327,波兰,9,千克,0,—,431
82059000,砧、轻便锻炉；带支架...,501,加拿大,130,千克,0,—,15124
82060000,8202至8205中...,137,土耳其,78,千克,0,—,871
82060000,8202至8205中...,301,比利时,40,千克,0,—,6947
82060000,8202至8205中...,305,法国,98,千克,0,—,23028
82060000,8202至8205中...,307,意大利,163,千克,0,—,19414
82060000,8202至8205中...,309,荷兰,41,千克,0,—,5363
82060000,8202至8205中...,312,西班牙,1,千克,0,—,73
82060000,8202至8205中...,315,奥地利,76,千克,0,—,10099
82060000,8202至8205中...,318,芬兰,116,千克,0,—,5020
82060000,8202至8205中...,321,匈牙利,1,千克,0,—,104
82060000,8202至8205中...,327,波兰,498,千克,0,—,19357
82060000,8202至8205中...,350,斯洛文尼亚,118,千克,0,—,5264
82060000,8202至8205中...,501,加拿大,11,千克,0,—,1689
82071910,带金刚石、立方氮化硼...,138,阿联酋,156,千克,0,—,42479
82071910,带金刚石、立方氮化硼...,305,法国,53,千克,0,—,6857
82071910,带金刚石、立方氮化硼...,306,爱尔兰,82,千克,0,—,99377
82071910,带金刚石、立方氮化硼...,501,加拿大,1,千克,0,—,66
82071990,其他凿岩或钻探工具,118,科威特,118068,千克,0,—,236135
82071990,其他凿岩或钻探工具,138,阿联酋,260,千克,0,—,17314
82071990,其他凿岩或钻探工具,305,法国,39,千克,0,—,9250
82071990,其他凿岩或钻探工具,307,意大利,880,千克,0,—,31206
82071990,其他凿岩或钻探工具,315,奥地利,808,千克,0,—,20043
82071990,其他凿岩或钻探工具,318,芬兰,88,千克,0,—,2152
82071990,其他凿岩或钻探工具,321,匈牙利,295,千克,0,—,5215
82072010,带金刚石、立方氮化硼...,129,菲律宾,2,千克,100,套,5648
82072090,其他材料制工作部件的...,305,法国,1470,千克,220523,套,212935
82072090,其他材料制工作部件的...,307,意大利,2463,千克,101542,套,179405
82072090,其他材料制工作部件的...,312,西班牙,6044,千克,54663,套,394196
82072090,其他材料制工作部件的...,315,奥地利,5,千克,1,套,6316
82073000,锻压或冲压工具,129,菲律宾,10730,千克,0,—,53244
82073000,锻压或冲压工具,137,土耳其,52,千克,0,—,16768
82073000,锻压或冲压工具,301,比利时,3614,千克,0,—,64641
82073000,锻压或冲压工具,305,法国,131,千克,0,—,28239
82073000,锻压或冲压工具,307,意大利,2435,千克,0,—,287200
82073000,锻压或冲压工具,309,荷兰,7,千克,0,—,3519
82073000,锻压或冲压工具,312,西班牙,123,千克,0,—,65114
82073000,锻压或冲压工具,315,奥地利,721,千克,0,—,174761
82073000,锻压或冲压工具,327,波兰,1204,千克,0,—,62198
82073000,锻压或冲压工具,410,巴西,129,千克,0,—,6124
82073000,锻压或冲压工具,429,墨西哥,2,千克,0,—,5189
82073000,锻压或冲压工具,501,加拿大,961,千克,0,—,74600
82074000,攻丝工具,301,比利时,2,千克,50,件,677
82074000,攻丝工具,305,法国,0,千克,4,件,19
82074000,攻丝工具,306,爱尔兰,33,千克,18,件,3203
82074000,攻丝工具,307,意大利,1170,千克,19563,件,359256
82074000,攻丝工具,312,西班牙,166,千克,1789,件,28029
82074000,攻丝工具,316,保加利亚,7,千克,492,件,864
82074000,攻丝工具,321,匈牙利,258,千克,8684,件,62547
82074000,攻丝工具,327,波兰,668,千克,11922,件,153376
82074000,攻丝工具,410,巴西,60,千克,486,件,15277
82074000,攻丝工具,429,墨西哥,100,千克,9597,件,83595
82074000,攻丝工具,501,加拿大,4,千克,212,件,3939
82075010,超硬材料制工作部件的...,137,土耳其,39,千克,170,件,21174
82075010,超硬材料制工作部件的...,305,法国,7,千克,10,件,6218
82075010,超硬材料制工作部件的...,307,意大利,10,千克,35,件,4808
82075010,超硬材料制工作部件的...,315,奥地利,3,千克,1,件,315
82075010,超硬材料制工作部件的...,321,匈牙利,84,千克,59,件,3237
82075010,超硬材料制工作部件的...,327,波兰,132,千克,292,件,20191
82075090,其他材料制工作部件的...,129,菲律宾,0,千克,74,件,490
82075090,其他材料制工作部件的...,137,土耳其,3,千克,15,件,1197
82075090,其他材料制工作部件的...,244,南非,140,千克,1353,件,9295
82075090,其他材料制工作部件的...,301,比利时,9,千克,71,件,4450
82075090,其他材料制工作部件的...,305,法国,457,千克,13764,件,509055
82075090,其他材料制工作部件的...,306,爱尔兰,3,千克,10,件,3853
82075090,其他材料制工作部件的...,307,意大利,494,千克,6839,件,78409
82075090,其他材料制工作部件的...,309,荷兰,73,千克,298,件,5409
82075090,其他材料制工作部件的...,312,西班牙,85,千克,713,件,10078
82075090,其他材料制工作部件的...,315,奥地利,66,千克,1367,件,5905
82075090,其他材料制工作部件的...,316,保加利亚,10,千克,459,件,9378
82075090,其他材料制工作部件的...,321,匈牙利,84,千克,35,件,3532
82075090,其他材料制工作部件的...,327,波兰,16,千克,666,件,23470
82075090,其他材料制工作部件的...,410,巴西,214,千克,8344,件,30687
82075090,其他材料制工作部件的...,429,墨西哥,0,千克,24,件,138
82075090,其他材料制工作部件的...,501,加拿大,1,千克,4,件,1675
82076010,超硬材料制工作部件的...,137,土耳其,0,千克,51,件,1121
82076010,超硬材料制工作部件的...,305,法国,1,千克,2,件,1010
82076010,超硬材料制工作部件的...,307,意大利,4,千克,8,件,5403
82076090,其他材料制工作部件的...,305,法国,81,千克,473,件,61608
82076090,其他材料制工作部件的...,306,爱尔兰,1,千克,1,件,65
82076090,其他材料制工作部件的...,307,意大利,17,千克,55,件,20009
82076090,其他材料制工作部件的...,312,西班牙,4,千克,5,件,1206
82076090,其他材料制工作部件的...,315,奥地利,11,千克,136,件,3328
82076090,其他材料制工作部件的...,316,保加利亚,10,千克,20,件,2347
82076090,其他材料制工作部件的...,326,挪威,16,千克,1,件,3043
82076090,其他材料制工作部件的...,327,波兰,0,千克,9,件,1657
82076090,其他材料制工作部件的...,410,巴西,3,千克,1,件,131
82077010,带有天然或合成金刚石...,301,比利时,1,千克,40,件,13107
82077010,带有天然或合成金刚石...,306,爱尔兰,534,千克,14013,件,1939618
82077010,带有天然或合成金刚石...,307,意大利,19,千克,184,件,34994
82077010,带有天然或合成金刚石...,309,荷兰,6,千克,197,件,4835
82077010,带有天然或合成金刚石...,312,西班牙,49,千克,20,件,35344
82077010,带有天然或合成金刚石...,501,加拿大,4,千克,69,件,17950
82077090,其他铣削工具,129,菲律宾,0,千克,18,件,114
82077090,其他铣削工具,137,土耳其,33,千克,144,件,7545
82077090,其他铣削工具,244,南非,8,千克,56,件,2154
82077090,其他铣削工具,305,法国,123,千克,713,件,50760
82077090,其他铣削工具,306,爱尔兰,65,千克,2136,件,32747
82077090,其他铣削工具,307,意大利,524,千克,5002,件,396440
82077090,其他铣削工具,309,荷兰,475,千克,6069,件,241969
82077090,其他铣削工具,312,西班牙,10,千克,163,件,3042
82077090,其他铣削工具,315,奥地利,32,千克,271,件,20374
82077090,其他铣削工具,316,保加利亚,2,千克,9,件,1029
82077090,其他铣削工具,321,匈牙利,109,千克,2031,件,80667
82077090,其他铣削工具,327,波兰,25,千克,84,件,4649
82077090,其他铣削工具,410,巴西,221,千克,210,件,85861
82077090,其他铣削工具,501,加拿大,7,千克,7,件,1698
82078010,带有天然或合成金刚石...,305,法国,0,千克,2,件,748
82078010,带有天然或合成金刚石...,306,爱尔兰,3,千克,957,件,34257
82078010,带有天然或合成金刚石...,307,意大利,1,千克,120,件,361
82078010,带有天然或合成金刚石...,309,荷兰,0,千克,3,件,2886
82078010,带有天然或合成金刚石...,501,加拿大,1,千克,48,件,13405
82078090,其他车削工具,137,土耳其,2,千克,2,件,69
82078090,其他车削工具,307,意大利,415,千克,20,件,53562
82078090,其他车削工具,315,奥地利,9,千克,633,件,16968
82078090,其他车削工具,316,保加利亚,32,千克,38,件,5685
82078090,其他车削工具,410,巴西,13,千克,17,件,4177
82079010,超硬材料制工作部件的...,305,法国,1,千克,4,件,3024
82079010,超硬材料制工作部件的...,306,爱尔兰,4,千克,204,件,38279
82079010,超硬材料制工作部件的...,307,意大利,28,千克,1437,件,74901
82079010,超硬材料制工作部件的...,315,奥地利,15,千克,144,件,5050
82079010,超硬材料制工作部件的...,410,巴西,4,千克,30,件,5047
82079090,其他材料制工作部件的...,137,土耳其,7,千克,200,件,491
82079090,其他材料制工作部件的...,301,比利时,2,千克,7,件,2992
82079090,其他材料制工作部件的...,305,法国,422,千克,97,件,106444
82079090,其他材料制工作部件的...,306,爱尔兰,3,千克,569,件,3303
82079090,其他材料制工作部件的...,307,意大利,17598,千克,8795,件,328233
82079090,其他材料制工作部件的...,309,荷兰,583,千克,38,件,68777
82079090,其他材料制工作部件的...,312,西班牙,3302,千克,70513,件,95047
82079090,其他材料制工作部件的...,315,奥地利,1269,千克,587,件,106218
82079090,其他材料制工作部件的...,316,保加利亚,0,千克,24,件,453
82079090,其他材料制工作部件的...,318,芬兰,16,千克,12,件,4063
82079090,其他材料制工作部件的...,321,匈牙利,16,千克,51,件,1213
82079090,其他材料制工作部件的...,327,波兰,28,千克,350,件,229
82079090,其他材料制工作部件的...,410,巴西,1,千克,5,件,334
82079090,其他材料制工作部件的...,429,墨西哥,0,千克,1,件,7
82079090,其他材料制工作部件的...,501,加拿大,0,千克,13,件,107
82081011,经镀或涂层的硬质合金...,137,土耳其,28,千克,0,—,4522
82081011,经镀或涂层的硬质合金...,305,法国,93,千克,0,—,276825
82081011,经镀或涂层的硬质合金...,307,意大利,2505,千克,0,—,478369
82081011,经镀或涂层的硬质合金...,309,荷兰,0,千克,0,—,919
82081011,经镀或涂层的硬质合金...,312,西班牙,15,千克,0,—,6115
82081011,经镀或涂层的硬质合金...,315,奥地利,784,千克,0,—,727324
82081011,经镀或涂层的硬质合金...,316,保加利亚,0,千克,0,—,98
82081011,经镀或涂层的硬质合金...,318,芬兰,21,千克,0,—,1416
82081011,经镀或涂层的硬质合金...,321,匈牙利,1,千克,0,—,36
82081011,经镀或涂层的硬质合金...,327,波兰,72,千克,0,—,549303
82081011,经镀或涂层的硬质合金...,410,巴西,3,千克,0,—,5941
82081011,经镀或涂层的硬质合金...,501,加拿大,42,千克,0,—,2136
82081019,其他硬质合金制的金工...,129,菲律宾,5,千克,0,—,846
82081019,其他硬质合金制的金工...,305,法国,1,千克,0,—,1109
82081019,其他硬质合金制的金工...,306,爱尔兰,2,千克,0,—,2880
82081019,其他硬质合金制的金工...,307,意大利,2410,千克,0,—,102690
82081019,其他硬质合金制的金工...,309,荷兰,5,千克,0,—,2791
82081019,其他硬质合金制的金工...,312,西班牙,2379,千克,0,—,102059
82081019,其他硬质合金制的金工...,315,奥地利,0,千克,0,—,1248
82081019,其他硬质合金制的金工...,321,匈牙利,3,千克,0,—,4979
82081019,其他硬质合金制的金工...,350,斯洛文尼亚,116,千克,0,—,12458
82081019,其他硬质合金制的金工...,501,加拿大,6,千克,0,—,2565
82081090,其他金工机械用刀及刀...,137,土耳其,1,千克,0,—,1610
82081090,其他金工机械用刀及刀...,301,比利时,271,千克,0,—,14494
82081090,其他金工机械用刀及刀...,305,法国,13,千克,0,—,51072
82081090,其他金工机械用刀及刀...,307,意大利,501,千克,0,—,85856
82081090,其他金工机械用刀及刀...,312,西班牙,6,千克,0,—,7895
82081090,其他金工机械用刀及刀...,315,奥地利,12,千克,0,—,15311
82081090,其他金工机械用刀及刀...,316,保加利亚,1,千克,0,—,405
82081090,其他金工机械用刀及刀...,318,芬兰,26,千克,0,—,7093
82081090,其他金工机械用刀及刀...,327,波兰,1,千克,0,—,5728
82081090,其他金工机械用刀及刀...,410,巴西,25,千克,0,—,4200
82081090,其他金工机械用刀及刀...,429,墨西哥,1,千克,0,—,754
82081090,其他金工机械用刀及刀...,501,加拿大,48,千克,0,—,40916
82082000,木工机械用刀及刀片,137,土耳其,20,千克,0,—,266
82082000,木工机械用刀及刀片,305,法国,9,千克,0,—,14852
82082000,木工机械用刀及刀片,307,意大利,332,千克,0,—,25166
82082000,木工机械用刀及刀片,315,奥地利,500,千克,0,—,42078
82083000,厨房器具或食品工业机...,301,比利时,5,千克,0,—,581
82083000,厨房器具或食品工业机...,305,法国,39,千克,0,—,4943
82083000,厨房器具或食品工业机...,307,意大利,17880,千克,0,—,188147
82083000,厨房器具或食品工业机...,309,荷兰,462,千克,0,—,113619
82083000,厨房器具或食品工业机...,312,西班牙,190,千克,0,—,10044
82083000,厨房器具或食品工业机...,315,奥地利,36,千克,0,—,8586
82083000,厨房器具或食品工业机...,327,波兰,2,千克,0,—,741
82083000,厨房器具或食品工业机...,350,斯洛文尼亚,1,千克,0,—,63
82083000,厨房器具或食品工业机...,429,墨西哥,200,千克,0,—,1613
82084000,农业、园艺或林业机器...,127,巴基斯坦,121,千克,0,—,7511
82084000,农业、园艺或林业机器...,301,比利时,8,千克,0,—,120
82084000,农业、园艺或林业机器...,305,法国,11474,千克,0,—,141765
82084000,农业、园艺或林业机器...,307,意大利,6996,千克,0,—,96244
82084000,农业、园艺或林业机器...,309,荷兰,1832,千克,0,—,21127
82084000,农业、园艺或林业机器...,315,奥地利,2524,千克,0,—,54629
82084000,农业、园艺或林业机器...,410,巴西,37,千克,0,—,208
82084000,农业、园艺或林业机器...,429,墨西哥,13,千克,0,—,245
82084000,农业、园艺或林业机器...,501,加拿大,301,千克,0,—,7655
82089000,未列名机器或机械器具...,129,菲律宾,23,千克,0,—,39768
82089000,未列名机器或机械器具...,137,土耳其,7,千克,0,—,89
82089000,未列名机器或机械器具...,138,阿联酋,20,千克,0,—,500
82089000,未列名机器或机械器具...,244,南非,6,千克,0,—,489
82089000,未列名机器或机械器具...,301,比利时,115,千克,0,—,24434
82089000,未列名机器或机械器具...,305,法国,394,千克,0,—,247318
82089000,未列名机器或机械器具...,307,意大利,6174,千克,0,—,564533
82089000,未列名机器或机械器具...,309,荷兰,289,千克,0,—,43988
82089000,未列名机器或机械器具...,310,希腊,0,千克,0,—,175
82089000,未列名机器或机械器具...,312,西班牙,75,千克,0,—,47051
82089000,未列名机器或机械器具...,315,奥地利,51262,千克,0,—,635606
82089000,未列名机器或机械器具...,318,芬兰,254,千克,0,—,25031
82089000,未列名机器或机械器具...,321,匈牙利,372,千克,0,—,24037
82089000,未列名机器或机械器具...,326,挪威,1,千克,0,—,1090
82089000,未列名机器或机械器具...,327,波兰,2606,千克,0,—,73519
82089000,未列名机器或机械器具...,350,斯洛文尼亚,1,千克,0,—,13
82089000,未列名机器或机械器具...,429,墨西哥,23,千克,0,—,1490
82089000,未列名机器或机械器具...,501,加拿大,79,千克,0,—,62628
82090010,未装配的工具用金属陶...,315,奥地利,23,千克,0,—,3752
82090021,晶粒度小于0.8微米...,315,奥地利,368,千克,0,—,40495
82090021,晶粒度小于0.8微米...,429,墨西哥,210,千克,0,—,24919
82090021,晶粒度小于0.8微米...,501,加拿大,11,千克,0,—,4155
82090029,晶粒度不小于0.8微...,305,法国,217,千克,0,—,45841
82090029,晶粒度不小于0.8微...,307,意大利,2,千克,0,—,473
82090029,晶粒度不小于0.8微...,312,西班牙,351,千克,0,—,27962
82090029,晶粒度不小于0.8微...,315,奥地利,2298,千克,0,—,265593
82090029,晶粒度不小于0.8微...,316,保加利亚,1,千克,0,—,197
82090029,晶粒度不小于0.8微...,350,斯洛文尼亚,10,千克,0,—,636
82090029,晶粒度不小于0.8微...,429,墨西哥,2114,千克,0,—,213457
82090030,未装配的工具用金属陶...,305,法国,2,千克,0,—,4425
82090030,未装配的工具用金属陶...,307,意大利,40,千克,0,—,2080
82090030,未装配的工具用金属陶...,312,西班牙,12,千克,0,—,3061
82090030,未装配的工具用金属陶...,315,奥地利,2,千克,0,—,2853
82090030,未装配的工具用金属陶...,429,墨西哥,565,千克,0,—,100237
82090090,其他未装配的工具用金...,129,菲律宾,6,千克,0,—,180
82090090,其他未装配的工具用金...,244,南非,2,千克,0,—,11945
82090090,其他未装配的工具用金...,306,爱尔兰,3,千克,0,—,20855
82090090,其他未装配的工具用金...,307,意大利,209,千克,0,—,64085
82090090,其他未装配的工具用金...,309,荷兰,29,千克,0,—,589
82090090,其他未装配的工具用金...,315,奥地利,444,千克,0,—,70146
82090090,其他未装配的工具用金...,429,墨西哥,60,千克,0,—,15877
82100000,加工调制食品或饮料手...,305,法国,125,千克,541,台,9179
82100000,加工调制食品或饮料手...,307,意大利,9,千克,24,台,461
82100000,加工调制食品或饮料手...,312,西班牙,5,千克,1,台,188
82111000,成套的刀,305,法国,4,千克,8,套,247
82111000,成套的刀,307,意大利,30,千克,35,套,6840
82111000,成套的刀,309,荷兰,0,千克,1,套,24
82111000,成套的刀,312,西班牙,2,千克,3,套,88
82119100,刃面固定的餐刀,305,法国,129,千克,734,把,9843
82119100,刃面固定的餐刀,307,意大利,404,千克,3776,把,20418
82119100,刃面固定的餐刀,312,西班牙,4,千克,61,把,101
82119100,刃面固定的餐刀,410,巴西,0,千克,1,把,13
82119200,其他刃面固定的刀,305,法国,130,千克,2023,把,13977
82119200,其他刃面固定的刀,307,意大利,27,千克,52,把,1150
82119200,其他刃面固定的刀,312,西班牙,30,千克,90,把,863
82119200,其他刃面固定的刀,318,芬兰,74,千克,239,把,8442
82119200,其他刃面固定的刀,326,挪威,17,千克,76,把,4395
82119200,其他刃面固定的刀,327,波兰,4,千克,35,把,626
82119200,其他刃面固定的刀,410,巴西,0,千克,1,把,10
82119300,可换刃面的刀,307,意大利,14,千克,25,把,2935
82119300,可换刃面的刀,326,挪威,3,千克,10,把,773
82119400,品目8211所列刀的...,305,法国,1,千克,0,—,66
82119400,品目8211所列刀的...,429,墨西哥,2,千克,0,—,453
82119500,贱金属制刀柄,127,巴基斯坦,155,千克,0,—,2513
82119500,贱金属制刀柄,307,意大利,10,千克,0,—,726
82119500,贱金属制刀柄,501,加拿大,0,千克,0,—,19
82121000,剃刀,127,巴基斯坦,15389,千克,3095040,把,128123
82121000,剃刀,137,土耳其,3,千克,20,把,1000
82121000,剃刀,305,法国,0,千克,2,把,54
82121000,剃刀,307,意大利,31,千克,39,把,4900
82121000,剃刀,310,希腊,0,千克,3,把,30
82121000,剃刀,312,西班牙,50,千克,2592,把,947
82121000,剃刀,327,波兰,17264,千克,322592,把,488778
82121000,剃刀,429,墨西哥,3124,千克,403241,把,23103
82122000,安全刀片，包括未分开...,127,巴基斯坦,9660,千克,19320000,片,332540
82122000,安全刀片，包括未分开...,137,土耳其,146,千克,270002,片,5224
82122000,安全刀片，包括未分开...,307,意大利,0,千克,6,片,88
82122000,安全刀片，包括未分开...,309,荷兰,4,千克,37,片,1529
82122000,安全刀片，包括未分开...,310,希腊,4603,千克,4032000,片,76468
82122000,安全刀片，包括未分开...,314,安道尔,0,千克,3,片,108
82122000,安全刀片，包括未分开...,327,波兰,1411,千克,107617,片,53475
82122000,安全刀片，包括未分开...,429,墨西哥,10105,千克,1128800,片,500114
82129000,其他剃刀零件,310,希腊,167,千克,0,—,121
82129000,其他剃刀零件,327,波兰,1365,千克,0,—,38161
82130000,剪刀、裁缝剪刀及类似...,127,巴基斯坦,21024,千克,0,—,329030
82130000,剪刀、裁缝剪刀及类似...,301,比利时,9,千克,0,—,99
82130000,剪刀、裁缝剪刀及类似...,307,意大利,81,千克,0,—,15191
82130000,剪刀、裁缝剪刀及类似...,312,西班牙,29,千克,0,—,3485
82130000,剪刀、裁缝剪刀及类似...,318,芬兰,2,千克,0,—,197
82130000,剪刀、裁缝剪刀及类似...,501,加拿大,0,千克,0,—,1855
82141000,裁纸刀、开信刀、改错...,301,比利时,3,千克,0,—,43
82141000,裁纸刀、开信刀、改错...,305,法国,93,千克,0,—,7699
82141000,裁纸刀、开信刀、改错...,307,意大利,0,千克,0,—,142
82141000,裁纸刀、开信刀、改错...,410,巴西,13,千克,0,—,144
82142000,修指甲及修脚用具（包...,127,巴基斯坦,39,千克,0,—,263
82142000,修指甲及修脚用具（包...,307,意大利,7,千克,0,—,676
82142000,修指甲及修脚用具（包...,312,西班牙,0,千克,0,—,19
82142000,修指甲及修脚用具（包...,327,波兰,8,千克,0,—,64
82142000,修指甲及修脚用具（包...,429,墨西哥,2,千克,0,—,176
82149000,未列名利口器,127,巴基斯坦,1,千克,0,—,197
82149000,未列名利口器,137,土耳其,4,千克,0,—,74
82149000,未列名利口器,305,法国,0,千克,0,—,585
82149000,未列名利口器,307,意大利,240,千克,0,—,18432
82149000,未列名利口器,312,西班牙,1,千克,0,—,155
82149000,未列名利口器,315,奥地利,392,千克,0,—,17908
82151000,成套厨房或餐桌用具，...,305,法国,1555,千克,0,—,237254
82152000,其他成套的餐匙、餐叉...,305,法国,753,千克,0,—,34314
82152000,其他成套的餐匙、餐叉...,307,意大利,64,千克,0,—,4161
82152000,其他成套的餐匙、餐叉...,309,荷兰,0,千克,0,—,22
82152000,其他成套的餐匙、餐叉...,313,阿尔巴尼亚,0,千克,0,—,9
82152000,其他成套的餐匙、餐叉...,410,巴西,277,千克,0,—,9808
82159100,其他镀贵金属的餐匙、...,305,法国,262,千克,0,—,18144
82159100,其他镀贵金属的餐匙、...,307,意大利,753,千克,0,—,129470
82159100,其他镀贵金属的餐匙、...,410,巴西,33,千克,0,—,8602
82159900,其他餐匙、餐叉、勺等...,305,法国,159,千克,0,—,20917
82159900,其他餐匙、餐叉、勺等...,307,意大利,943,千克,0,—,58096
82159900,其他餐匙、餐叉、勺等...,312,西班牙,7,千克,0,—,247
82159900,其他餐匙、餐叉、勺等...,315,奥地利,0,千克,0,—,95
82159900,其他餐匙、餐叉、勺等...,410,巴西,0,千克,0,—,24
82159900,其他餐匙、餐叉、勺等...,501,加拿大,0,千克,0,—,61
83011000,挂锁,305,法国,21,千克,893,把,3853
83011000,挂锁,309,荷兰,5,千克,52,把,2493
83011000,挂锁,318,芬兰,9,千克,9,把,249
83011000,挂锁,429,墨西哥,456,千克,3174,把,26086
83012010,机动车用中央控制门锁,305,法国,136,千克,680,套,30694
83012010,机动车用中央控制门锁,307,意大利,36819,千克,68360,套,1279853
83012010,机动车用中央控制门锁,312,西班牙,1,千克,6,套,191
83012010,机动车用中央控制门锁,315,奥地利,8,千克,13,套,1572
83012010,机动车用中央控制门锁,327,波兰,108,千克,171,套,7203
83012010,机动车用中央控制门锁,429,墨西哥,158,千克,212,套,16681
83012010,机动车用中央控制门锁,501,加拿大,12788,千克,19834,套,467369
83012090,机动车用其他锁,137,土耳其,0,千克,2,套,10
83012090,机动车用其他锁,301,比利时,0,千克,1,套,5
83012090,机动车用其他锁,305,法国,295,千克,691,套,18046
83012090,机动车用其他锁,307,意大利,17249,千克,39902,套,525789
83012090,机动车用其他锁,309,荷兰,97,千克,136,套,4648
83012090,机动车用其他锁,312,西班牙,1523,千克,10336,套,78286
83012090,机动车用其他锁,316,保加利亚,1277,千克,2290,套,35189
83012090,机动车用其他锁,318,芬兰,24,千克,100,套,938
83012090,机动车用其他锁,327,波兰,71,千克,253,套,8144
83012090,机动车用其他锁,429,墨西哥,73565,千克,96338,套,1614855
83012090,机动车用其他锁,501,加拿大,661,千克,1680,套,11883
83013000,家具用锁,305,法国,12,千克,114,个,1135
83013000,家具用锁,307,意大利,182,千克,271,个,8387
83013000,家具用锁,315,奥地利,2,千克,6,个,1048
83013000,家具用锁,318,芬兰,6,千克,33,个,267
83013000,家具用锁,321,匈牙利,3,千克,10,个,360
83013000,家具用锁,327,波兰,2,千克,19,个,169
83013000,家具用锁,350,斯洛文尼亚,4,千克,54,个,8042
83014000,未列名锁,129,菲律宾,27786,千克,11256,个,635962
83014000,未列名锁,137,土耳其,2660,千克,24735,个,37614
83014000,未列名锁,138,阿联酋,4,千克,2,个,194
83014000,未列名锁,301,比利时,2397,千克,8429,个,65906
83014000,未列名锁,305,法国,1812,千克,13887,个,325770
83014000,未列名锁,306,爱尔兰,0,千克,2,个,500
83014000,未列名锁,307,意大利,2954,千克,7795,个,97281
83014000,未列名锁,309,荷兰,432,千克,117,个,7049
83014000,未列名锁,312,西班牙,465,千克,1530,个,115494
83014000,未列名锁,315,奥地利,5102,千克,7643,个,52961
83014000,未列名锁,316,保加利亚,37,千克,319,个,5262
83014000,未列名锁,318,芬兰,35,千克,464,个,2307
83014000,未列名锁,321,匈牙利,39,千克,52,个,4657
83014000,未列名锁,326,挪威,123,千克,63,个,65128
83014000,未列名锁,327,波兰,424,千克,2320,个,20595
83014000,未列名锁,410,巴西,5,千克,1,个,1112
83014000,未列名锁,429,墨西哥,622,千克,5678,个,32178
83014000,未列名锁,501,加拿大,314,千克,7052,个,47977
83015000,带锁的扣环及扣环框架,301,比利时,373,千克,0,—,7611
83015000,带锁的扣环及扣环框架,305,法国,7,千克,0,—,6736
83015000,带锁的扣环及扣环框架,307,意大利,9,千克,0,—,5272
83015000,带锁的扣环及扣环框架,309,荷兰,6,千克,0,—,441
83015000,带锁的扣环及扣环框架,312,西班牙,0,千克,0,—,35
83015000,带锁的扣环及扣环框架,315,奥地利,12,千克,0,—,5281
83015000,带锁的扣环及扣环框架,410,巴西,1,千克,0,—,52
83015000,带锁的扣环及扣环框架,429,墨西哥,4,千克,0,—,876
83016000,锁的零件,129,菲律宾,2438,千克,0,—,80506
83016000,锁的零件,137,土耳其,1129,千克,0,—,25093
83016000,锁的零件,301,比利时,8572,千克,0,—,212360
83016000,锁的零件,305,法国,2609,千克,0,—,114197
83016000,锁的零件,306,爱尔兰,2,千克,0,—,250
83016000,锁的零件,307,意大利,9610,千克,0,—,178663
83016000,锁的零件,309,荷兰,3,千克,0,—,2808
83016000,锁的零件,312,西班牙,20428,千克,0,—,1349852
83016000,锁的零件,315,奥地利,978,千克,0,—,18215
83016000,锁的零件,316,保加利亚,110,千克,0,—,29764
83016000,锁的零件,318,芬兰,116,千克,0,—,12075
83016000,锁的零件,321,匈牙利,1785,千克,0,—,31323
83016000,锁的零件,326,挪威,0,千克,0,—,24
83016000,锁的零件,327,波兰,22378,千克,0,—,970855
83016000,锁的零件,350,斯洛文尼亚,31303,千克,0,—,935247
83016000,锁的零件,410,巴西,178,千克,0,—,2259
83016000,锁的零件,429,墨西哥,83989,千克,0,—,1464470
83016000,锁的零件,501,加拿大,3688,千克,0,—,122489
83017000,钥匙,129,菲律宾,0,千克,0,—,1075
83017000,钥匙,137,土耳其,97,千克,0,—,1878
83017000,钥匙,301,比利时,10,千克,0,—,465
83017000,钥匙,305,法国,110,千克,0,—,19595
83017000,钥匙,307,意大利,336,千克,0,—,25551
83017000,钥匙,309,荷兰,12,千克,0,—,2818
83017000,钥匙,310,希腊,0,千克,0,—,2
83017000,钥匙,312,西班牙,520,千克,0,—,29282
83017000,钥匙,315,奥地利,2,千克,0,—,35
83017000,钥匙,321,匈牙利,0,千克,0,—,262
83017000,钥匙,326,挪威,871,千克,0,—,147949
83017000,钥匙,327,波兰,0,千克,0,—,41
83017000,钥匙,350,斯洛文尼亚,18,千克,0,—,7902
83017000,钥匙,429,墨西哥,7106,千克,0,—,122626
83017000,钥匙,501,加拿大,13,千克,0,—,2610
83021000,贱金属制铰链（折叶）,129,菲律宾,0,千克,0,—,16
83021000,贱金属制铰链（折叶）,137,土耳其,1551,千克,0,—,15050
83021000,贱金属制铰链（折叶）,138,阿联酋,1,千克,0,—,90
83021000,贱金属制铰链（折叶）,244,南非,1,千克,0,—,143
83021000,贱金属制铰链（折叶）,301,比利时,3325,千克,0,—,107238
83021000,贱金属制铰链（折叶）,305,法国,2018,千克,0,—,34989
83021000,贱金属制铰链（折叶）,306,爱尔兰,0,千克,0,—,483
83021000,贱金属制铰链（折叶）,307,意大利,155189,千克,0,—,4468688
83021000,贱金属制铰链（折叶）,309,荷兰,8,千克,0,—,364
83021000,贱金属制铰链（折叶）,312,西班牙,166516,千克,0,—,1824959
83021000,贱金属制铰链（折叶）,315,奥地利,1393582,千克,0,—,13380333
83021000,贱金属制铰链（折叶）,316,保加利亚,13706,千克,0,—,115901
83021000,贱金属制铰链（折叶）,318,芬兰,21,千克,0,—,2038
83021000,贱金属制铰链（折叶）,321,匈牙利,6084,千克,0,—,97180
83021000,贱金属制铰链（折叶）,327,波兰,60524,千克,0,—,927943
83021000,贱金属制铰链（折叶）,336,立陶宛,2,千克,0,—,20
83021000,贱金属制铰链（折叶）,350,斯洛文尼亚,6621,千克,0,—,59619
83021000,贱金属制铰链（折叶）,410,巴西,392,千克,0,—,3450
83021000,贱金属制铰链（折叶）,429,墨西哥,10719,千克,0,—,145365
83021000,贱金属制铰链（折叶）,501,加拿大,65393,千克,0,—,549233
83022000,贱金属制小脚轮,137,土耳其,893,千克,0,—,8215
83022000,贱金属制小脚轮,138,阿联酋,10,千克,0,—,32
83022000,贱金属制小脚轮,244,南非,468,千克,0,—,2490
83022000,贱金属制小脚轮,301,比利时,7,千克,0,—,117
83022000,贱金属制小脚轮,305,法国,5460,千克,0,—,92719
83022000,贱金属制小脚轮,307,意大利,33431,千克,0,—,143151
83022000,贱金属制小脚轮,309,荷兰,22623,千克,0,—,220195
83022000,贱金属制小脚轮,310,希腊,83,千克,0,—,1264
83022000,贱金属制小脚轮,315,奥地利,46,千克,0,—,1954
83022000,贱金属制小脚轮,318,芬兰,38,千克,0,—,2635
83022000,贱金属制小脚轮,321,匈牙利,2020,千克,0,—,71049
83022000,贱金属制小脚轮,429,墨西哥,10,千克,0,—,183
83022000,贱金属制小脚轮,501,加拿大,3259,千克,0,—,26924
83023000,其他机动车辆用的贱金...,305,法国,7766,千克,0,—,119807
83023000,其他机动车辆用的贱金...,307,意大利,9133,千克,0,—,148789
83023000,其他机动车辆用的贱金...,309,荷兰,734,千克,0,—,6536
83023000,其他机动车辆用的贱金...,312,西班牙,1785,千克,0,—,34325
83023000,其他机动车辆用的贱金...,315,奥地利,47971,千克,0,—,153858
83023000,其他机动车辆用的贱金...,316,保加利亚,1,千克,0,—,83
83023000,其他机动车辆用的贱金...,321,匈牙利,22,千克,0,—,5325
83023000,其他机动车辆用的贱金...,327,波兰,32021,千克,0,—,167992
83023000,其他机动车辆用的贱金...,350,斯洛文尼亚,1,千克,0,—,134
83023000,其他机动车辆用的贱金...,429,墨西哥,1035,千克,0,—,10674
83023000,其他机动车辆用的贱金...,501,加拿大,439,千克,0,—,3655
83024100,建筑用其他贱金属制附...,129,菲律宾,2548,千克,0,—,12268
83024100,建筑用其他贱金属制附...,137,土耳其,6864,千克,0,—,84601
83024100,建筑用其他贱金属制附...,138,阿联酋,2,千克,0,—,164
83024100,建筑用其他贱金属制附...,301,比利时,26909,千克,0,—,961687
83024100,建筑用其他贱金属制附...,305,法国,10066,千克,0,—,94607
83024100,建筑用其他贱金属制附...,307,意大利,79797,千克,0,—,1466472
83024100,建筑用其他贱金属制附...,309,荷兰,3978,千克,0,—,8374
83024100,建筑用其他贱金属制附...,315,奥地利,67695,千克,0,—,571687
83024100,建筑用其他贱金属制附...,316,保加利亚,1339,千克,0,—,17900
83024100,建筑用其他贱金属制附...,318,芬兰,50,千克,0,—,5259
83024100,建筑用其他贱金属制附...,321,匈牙利,64522,千克,0,—,496811
83024100,建筑用其他贱金属制附...,327,波兰,7,千克,0,—,289
83024100,建筑用其他贱金属制附...,336,立陶宛,28,千克,0,—,1574
83024100,建筑用其他贱金属制附...,350,斯洛文尼亚,1200,千克,0,—,10053
83024100,建筑用其他贱金属制附...,429,墨西哥,2865,千克,0,—,49702
83024100,建筑用其他贱金属制附...,501,加拿大,7,千克,0,—,2260
83024200,家具用其他贱金属制附...,129,菲律宾,478,千克,0,—,10409
83024200,家具用其他贱金属制附...,137,土耳其,1478,千克,0,—,12883
83024200,家具用其他贱金属制附...,244,南非,0,千克,0,—,155
83024200,家具用其他贱金属制附...,301,比利时,705,千克,0,—,3152
83024200,家具用其他贱金属制附...,305,法国,111,千克,0,—,13029
83024200,家具用其他贱金属制附...,307,意大利,120888,千克,0,—,1543191
83024200,家具用其他贱金属制附...,309,荷兰,21,千克,0,—,681
83024200,家具用其他贱金属制附...,310,希腊,17,千克,0,—,150
83024200,家具用其他贱金属制附...,312,西班牙,27689,千克,0,—,198715
83024200,家具用其他贱金属制附...,315,奥地利,2051478,千克,0,—,11739947
83024200,家具用其他贱金属制附...,316,保加利亚,28,千克,0,—,193
83024200,家具用其他贱金属制附...,318,芬兰,1340,千克,0,—,9843
83024200,家具用其他贱金属制附...,321,匈牙利,1253,千克,0,—,15927
83024200,家具用其他贱金属制附...,327,波兰,170,千克,0,—,4702
83024200,家具用其他贱金属制附...,336,立陶宛,2982,千克,0,—,41395
83024200,家具用其他贱金属制附...,350,斯洛文尼亚,11158,千克,0,—,76510
83024200,家具用其他贱金属制附...,429,墨西哥,398,千克,0,—,5272
83024200,家具用其他贱金属制附...,501,加拿大,514,千克,0,—,8292
83024900,鞍具、衣箱、盒子等其...,129,菲律宾,4049,千克,0,—,17423
83024900,鞍具、衣箱、盒子等其...,137,土耳其,1675,千克,0,—,41202
83024900,鞍具、衣箱、盒子等其...,301,比利时,23,千克,0,—,9570
83024900,鞍具、衣箱、盒子等其...,305,法国,172,千克,0,—,184711
83024900,鞍具、衣箱、盒子等其...,306,爱尔兰,6,千克,0,—,3416
83024900,鞍具、衣箱、盒子等其...,307,意大利,14613,千克,0,—,170701
83024900,鞍具、衣箱、盒子等其...,309,荷兰,13,千克,0,—,3643
83024900,鞍具、衣箱、盒子等其...,312,西班牙,52,千克,0,—,1734
83024900,鞍具、衣箱、盒子等其...,315,奥地利,21,千克,0,—,19767
83024900,鞍具、衣箱、盒子等其...,318,芬兰,2,千克,0,—,333
83024900,鞍具、衣箱、盒子等其...,321,匈牙利,94,千克,0,—,7783
83024900,鞍具、衣箱、盒子等其...,326,挪威,52,千克,0,—,4885
83024900,鞍具、衣箱、盒子等其...,327,波兰,10429,千克,0,—,68963
83024900,鞍具、衣箱、盒子等其...,410,巴西,10,千克,0,—,18118
83024900,鞍具、衣箱、盒子等其...,429,墨西哥,4860,千克,0,—,152030
83024900,鞍具、衣箱、盒子等其...,435,波多黎各,0,千克,0,—,918
83024900,鞍具、衣箱、盒子等其...,501,加拿大,356,千克,0,—,20904
83025000,贱金属制帽架、帽钩、...,127,巴基斯坦,3,千克,0,—,142
83025000,贱金属制帽架、帽钩、...,137,土耳其,399,千克,0,—,3505
83025000,贱金属制帽架、帽钩、...,301,比利时,5,千克,0,—,79
83025000,贱金属制帽架、帽钩、...,305,法国,32,千克,0,—,10367
83025000,贱金属制帽架、帽钩、...,307,意大利,457,千克,0,—,18548
83025000,贱金属制帽架、帽钩、...,309,荷兰,0,千克,0,—,54
83025000,贱金属制帽架、帽钩、...,315,奥地利,8,千克,0,—,40
83025000,贱金属制帽架、帽钩、...,318,芬兰,178,千克,0,—,3290
83025000,贱金属制帽架、帽钩、...,321,匈牙利,9,千克,0,—,329
83025000,贱金属制帽架、帽钩、...,327,波兰,3,千克,0,—,314
83025000,贱金属制帽架、帽钩、...,350,斯洛文尼亚,305,千克,0,—,8677
83025000,贱金属制帽架、帽钩、...,429,墨西哥,16,千克,0,—,1303
83025000,贱金属制帽架、帽钩、...,501,加拿大,200,千克,0,—,3862
83026000,贱金属制自动闭门器,138,阿联酋,1,千克,2,个,118
83026000,贱金属制自动闭门器,301,比利时,11,千克,391,个,30
83026000,贱金属制自动闭门器,305,法国,5,千克,10,个,2361
83026000,贱金属制自动闭门器,307,意大利,105,千克,60,个,9308
83026000,贱金属制自动闭门器,309,荷兰,389,千克,91,个,16417
83026000,贱金属制自动闭门器,315,奥地利,10,千克,35,个,935
83026000,贱金属制自动闭门器,318,芬兰,165,千克,101,个,11228
83026000,贱金属制自动闭门器,350,斯洛文尼亚,16,千克,216,个,643
83030000,装甲加强的贱金属保险...,307,意大利,536,千克,4,个,43423
83030000,装甲加强的贱金属保险...,429,墨西哥,200,千克,4,个,1506
83040000,贱金属档案柜、文件篮...,301,比利时,4,千克,0,—,133
83040000,贱金属档案柜、文件篮...,305,法国,1,千克,0,—,1097
83040000,贱金属档案柜、文件篮...,307,意大利,17,千克,0,—,766
83040000,贱金属档案柜、文件篮...,310,希腊,26,千克,0,—,264
83040000,贱金属档案柜、文件篮...,321,匈牙利,4,千克,0,—,191
83040000,贱金属档案柜、文件篮...,327,波兰,4,千克,0,—,1599
83052000,贱金属制成条钉书钉,312,西班牙,16,千克,0,—,111
83052000,贱金属制成条钉书钉,315,奥地利,828,千克,0,—,7254
83059000,贱金属信夹、文件夹、...,305,法国,1,千克,0,—,7
83059000,贱金属信夹、文件夹、...,315,奥地利,15,千克,0,—,921
83061000,非电动的贱金属铃、钟...,127,巴基斯坦,1,千克,0,—,320
83061000,非电动的贱金属铃、钟...,301,比利时,161,千克,0,—,1340
83061000,非电动的贱金属铃、钟...,305,法国,77,千克,0,—,13533
83061000,非电动的贱金属铃、钟...,307,意大利,0,千克,0,—,65
83061000,非电动的贱金属铃、钟...,501,加拿大,47,千克,0,—,2349
83062100,镀贵金属的雕塑像及其...,137,土耳其,2,千克,0,—,213
83062100,镀贵金属的雕塑像及其...,305,法国,21,千克,0,—,14838
83062100,镀贵金属的雕塑像及其...,307,意大利,83,千克,0,—,5786
83062100,镀贵金属的雕塑像及其...,312,西班牙,4,千克,0,—,138
83062100,镀贵金属的雕塑像及其...,410,巴西,1,千克,0,—,346
83062990,未列名贱金属雕塑像及...,127,巴基斯坦,55,千克,0,—,18
83062990,未列名贱金属雕塑像及...,137,土耳其,7,千克,0,—,132
83062990,未列名贱金属雕塑像及...,301,比利时,1911,千克,0,—,28250
83062990,未列名贱金属雕塑像及...,305,法国,1655,千克,0,—,154291
83062990,未列名贱金属雕塑像及...,307,意大利,1133,千克,0,—,97952
83062990,未列名贱金属雕塑像及...,309,荷兰,20,千克,0,—,9735
83062990,未列名贱金属雕塑像及...,312,西班牙,12,千克,0,—,516
83062990,未列名贱金属雕塑像及...,315,奥地利,123,千克,0,—,14061
83062990,未列名贱金属雕塑像及...,327,波兰,17,千克,0,—,4940
83062990,未列名贱金属雕塑像及...,336,立陶宛,236,千克,0,—,3479
83062990,未列名贱金属雕塑像及...,350,斯洛文尼亚,12,千克,0,—,13824
83062990,未列名贱金属雕塑像及...,410,巴西,2,千克,0,—,64
83062990,未列名贱金属雕塑像及...,429,墨西哥,6,千克,0,—,320
83062990,未列名贱金属雕塑像及...,501,加拿大,36,千克,0,—,1178
83063000,贱金属的相框、画框及...,305,法国,171,千克,0,—,10470
83063000,贱金属的相框、画框及...,307,意大利,380,千克,0,—,22773
83063000,贱金属的相框、画框及...,309,荷兰,1,千克,0,—,399
83063000,贱金属的相框、画框及...,350,斯洛文尼亚,1,千克,0,—,59
83071000,钢铁制软管，不论是否...,127,巴基斯坦,12,千克,0,—,715
83071000,钢铁制软管，不论是否...,137,土耳其,1661,千克,0,—,113135
83071000,钢铁制软管，不论是否...,244,南非,105,千克,0,—,3944
83071000,钢铁制软管，不论是否...,301,比利时,1698,千克,0,—,70690
83071000,钢铁制软管，不论是否...,305,法国,1478,千克,0,—,221712
83071000,钢铁制软管，不论是否...,307,意大利,1000,千克,0,—,47443
83071000,钢铁制软管，不论是否...,309,荷兰,1060,千克,0,—,190960
83071000,钢铁制软管，不论是否...,312,西班牙,1338,千克,0,—,44843
83071000,钢铁制软管，不论是否...,315,奥地利,397,千克,0,—,19877
83071000,钢铁制软管，不论是否...,318,芬兰,182,千克,0,—,7951
83071000,钢铁制软管，不论是否...,321,匈牙利,0,千克,0,—,85
83071000,钢铁制软管，不论是否...,326,挪威,50,千克,0,—,869
83071000,钢铁制软管，不论是否...,327,波兰,82,千克,0,—,1905
83071000,钢铁制软管，不论是否...,429,墨西哥,892,千克,0,—,31476
83071000,钢铁制软管，不论是否...,501,加拿大,305,千克,0,—,23148
83079000,其他贱金属制软管，不...,305,法国,151,千克,0,—,260864
83079000,其他贱金属制软管，不...,307,意大利,3,千克,0,—,3055
83079000,其他贱金属制软管，不...,309,荷兰,20,千克,0,—,262
83079000,其他贱金属制软管，不...,315,奥地利,5,千克,0,—,4462
83079000,其他贱金属制软管，不...,327,波兰,9,千克,0,—,8419
83079000,其他贱金属制软管，不...,429,墨西哥,114,千克,0,—,3518
83081000,贱金属制钩、环、眼,129,菲律宾,3,千克,0,—,183
83081000,贱金属制钩、环、眼,137,土耳其,3,千克,0,—,171
83081000,贱金属制钩、环、眼,244,南非,0,千克,0,—,8
83081000,贱金属制钩、环、眼,305,法国,326,千克,0,—,37745
83081000,贱金属制钩、环、眼,307,意大利,11923,千克,0,—,259146
83081000,贱金属制钩、环、眼,312,西班牙,6155,千克,0,—,67824
83081000,贱金属制钩、环、眼,315,奥地利,321,千克,0,—,21208
83081000,贱金属制钩、环、眼,318,芬兰,150,千克,0,—,152
83081000,贱金属制钩、环、眼,327,波兰,21,千克,0,—,1765
83081000,贱金属制钩、环、眼,429,墨西哥,0,千克,0,—,856
83081000,贱金属制钩、环、眼,501,加拿大,1,千克,0,—,687
83082000,贱金属制的管形铆钉及...,137,土耳其,39,千克,0,—,1773
83082000,贱金属制的管形铆钉及...,301,比利时,0,千克,0,—,0
83082000,贱金属制的管形铆钉及...,305,法国,3471,千克,0,—,67248
83082000,贱金属制的管形铆钉及...,307,意大利,671,千克,0,—,26340
83082000,贱金属制的管形铆钉及...,309,荷兰,21,千克,0,—,2386
83082000,贱金属制的管形铆钉及...,312,西班牙,28,千克,0,—,1450
83082000,贱金属制的管形铆钉及...,315,奥地利,2083,千克,0,—,20199
83082000,贱金属制的管形铆钉及...,321,匈牙利,306,千克,0,—,5256
83082000,贱金属制的管形铆钉及...,429,墨西哥,44,千克,0,—,1741
83082000,贱金属制的管形铆钉及...,501,加拿大,1,千克,0,—,76
83089000,其他贱金属制扣及类似...,129,菲律宾,0,千克,0,—,26
83089000,其他贱金属制扣及类似...,137,土耳其,4,千克,0,—,99
83089000,其他贱金属制扣及类似...,305,法国,649,千克,0,—,1073578
83089000,其他贱金属制扣及类似...,307,意大利,1993,千克,0,—,619080
83089000,其他贱金属制扣及类似...,309,荷兰,1,千克,0,—,140
83089000,其他贱金属制扣及类似...,312,西班牙,0,千克,0,—,5010
83089000,其他贱金属制扣及类似...,315,奥地利,56,千克,0,—,873
83089000,其他贱金属制扣及类似...,429,墨西哥,1,千克,0,—,231
83091000,贱金属制冠形瓶塞,301,比利时,56,千克,0,—,73
83091000,贱金属制冠形瓶塞,305,法国,28,千克,0,—,1249
83099000,贱金属制其他塞、盖、...,137,土耳其,4,千克,0,—,205
83099000,贱金属制其他塞、盖、...,244,南非,1,千克,0,—,63
83099000,贱金属制其他塞、盖、...,301,比利时,853,千克,0,—,99040
83099000,贱金属制其他塞、盖、...,305,法国,1714,千克,0,—,160165
83099000,贱金属制其他塞、盖、...,307,意大利,45783,千克,0,—,706878
83099000,贱金属制其他塞、盖、...,309,荷兰,36953,千克,0,—,160386
83099000,贱金属制其他塞、盖、...,312,西班牙,2130,千克,0,—,49180
83099000,贱金属制其他塞、盖、...,315,奥地利,29,千克,0,—,3655
83099000,贱金属制其他塞、盖、...,318,芬兰,1005,千克,0,—,8657
83099000,贱金属制其他塞、盖、...,321,匈牙利,144,千克,0,—,2865
83099000,贱金属制其他塞、盖、...,327,波兰,5862,千克,0,—,40101
83099000,贱金属制其他塞、盖、...,410,巴西,5,千克,0,—,354
83099000,贱金属制其他塞、盖、...,429,墨西哥,101,千克,0,—,4662
83099000,贱金属制其他塞、盖、...,501,加拿大,1406,千克,0,—,29863
83100000,贱金属标志牌、铭牌、...,129,菲律宾,0,千克,0,—,66
83100000,贱金属标志牌、铭牌、...,137,土耳其,40,千克,0,—,1
83100000,贱金属标志牌、铭牌、...,244,南非,0,千克,0,—,35
83100000,贱金属标志牌、铭牌、...,301,比利时,72,千克,0,—,4793
83100000,贱金属标志牌、铭牌、...,305,法国,336,千克,0,—,143451
83100000,贱金属标志牌、铭牌、...,306,爱尔兰,11,千克,0,—,3221
83100000,贱金属标志牌、铭牌、...,307,意大利,453,千克,0,—,173197
83100000,贱金属标志牌、铭牌、...,309,荷兰,163,千克,0,—,23411
83100000,贱金属标志牌、铭牌、...,312,西班牙,372,千克,0,—,97521
83100000,贱金属标志牌、铭牌、...,315,奥地利,5291,千克,0,—,80472
83100000,贱金属标志牌、铭牌、...,318,芬兰,7,千克,0,—,1787
83100000,贱金属标志牌、铭牌、...,321,匈牙利,14,千克,0,—,1568
83100000,贱金属标志牌、铭牌、...,326,挪威,52,千克,0,—,163
83100000,贱金属标志牌、铭牌、...,327,波兰,40,千克,0,—,2678
83100000,贱金属标志牌、铭牌、...,410,巴西,2,千克,0,—,133
83100000,贱金属标志牌、铭牌、...,501,加拿大,240,千克,0,—,30467
83111000,焊剂涂面的贱金属电极...,305,法国,0,千克,0,—,358
83111000,焊剂涂面的贱金属电极...,307,意大利,17812,千克,0,—,186858
83111000,焊剂涂面的贱金属电极...,309,荷兰,20243,千克,0,—,313487
83111000,焊剂涂面的贱金属电极...,312,西班牙,4,千克,0,—,4897
83111000,焊剂涂面的贱金属电极...,315,奥地利,301640,千克,0,—,1694544
83111000,焊剂涂面的贱金属电极...,429,墨西哥,816,千克,0,—,27557
83112000,焊剂为芯的贱金属制焊...,129,菲律宾,15,千克,0,—,62853
83112000,焊剂为芯的贱金属制焊...,305,法国,740,千克,0,—,43295
83112000,焊剂为芯的贱金属制焊...,307,意大利,1938,千克,0,—,7505
83112000,焊剂为芯的贱金属制焊...,309,荷兰,2110,千克,0,—,19174
83112000,焊剂为芯的贱金属制焊...,315,奥地利,33241,千克,0,—,229744
83112000,焊剂为芯的贱金属制焊...,326,挪威,65,千克,0,—,307
83112000,焊剂为芯的贱金属制焊...,327,波兰,1792,千克,0,—,3865
83112000,焊剂为芯的贱金属制焊...,501,加拿大,5443,千克,0,—,29160
83113000,焊剂涂面或做芯贱金属...,305,法国,3460,千克,0,—,153577
83113000,焊剂涂面或做芯贱金属...,306,爱尔兰,400,千克,0,—,17724
83113000,焊剂涂面或做芯贱金属...,307,意大利,154,千克,0,—,12896
83113000,焊剂涂面或做芯贱金属...,309,荷兰,19,千克,0,—,5259
83113000,焊剂涂面或做芯贱金属...,321,匈牙利,24,千克,0,—,3744
83113000,焊剂涂面或做芯贱金属...,326,挪威,137,千克,0,—,592
83113000,焊剂涂面或做芯贱金属...,327,波兰,20,千克,0,—,2015
83113000,焊剂涂面或做芯贱金属...,429,墨西哥,232,千克,0,—,27621
83113000,焊剂涂面或做芯贱金属...,501,加拿大,218,千克,0,—,16463
83119000,其他贱金属焊条等；贱...,305,法国,1280,千克,0,—,16435
83119000,其他贱金属焊条等；贱...,307,意大利,20173,千克,0,—,301308
83119000,其他贱金属焊条等；贱...,309,荷兰,1,千克,0,—,141
83119000,其他贱金属焊条等；贱...,327,波兰,60,千克,0,—,2567
83119000,其他贱金属焊条等；贱...,429,墨西哥,21,千克,0,—,2606
84013090,未辐照燃料元件的零件,305,法国,95571,千克,0,—,26720114
84013090,未辐照燃料元件的零件,501,加拿大,610,千克,0,—,205238
84021200,蒸发量≤45吨/时的...,307,意大利,4,台,3,千克,530
84029000,蒸汽及过热水锅炉零件,307,意大利,1045,千克,0,—,6701
84029000,蒸汽及过热水锅炉零件,309,荷兰,24,千克,0,—,4271
84029000,蒸汽及过热水锅炉零件,318,芬兰,60,千克,0,—,3143
84029000,蒸汽及过热水锅炉零件,321,匈牙利,1750,千克,0,—,47600
84029000,蒸汽及过热水锅炉零件,326,挪威,1,千克,0,—,1956
84031010,家用型集中供暖用的热...,137,土耳其,7202,台,264255,千克,3114114
84031010,家用型集中供暖用的热...,301,比利时,26,台,4348,千克,76245
84031010,家用型集中供暖用的热...,305,法国,288,台,11300,千克,203002
84031010,家用型集中供暖用的热...,307,意大利,8694,台,277903,千克,3747530
84031010,家用型集中供暖用的热...,309,荷兰,84,台,5880,千克,153273
84031010,家用型集中供暖用的热...,327,波兰,1652,台,54226,千克,771927
84031090,其他集中供暖用的热水...,307,意大利,20,台,7625,千克,159652
84031090,其他集中供暖用的热水...,309,荷兰,1,台,25,千克,2981
84031090,其他集中供暖用的热水...,315,奥地利,7,台,87710,千克,850027
84039000,集中供暖用的热水锅炉...,137,土耳其,427,千克,0,—,3931
84039000,集中供暖用的热水锅炉...,305,法国,9566,千克,0,—,278615
84039000,集中供暖用的热水锅炉...,307,意大利,7032,千克,0,—,99796
84039000,集中供暖用的热水锅炉...,309,荷兰,5660,千克,0,—,67303
84039000,集中供暖用的热水锅炉...,327,波兰,66,千克,0,—,1627
84041020,集中供暖用锅炉的辅助...,137,土耳其,46,千克,0,—,2531
84042000,水蒸汽或其他蒸汽动力...,137,土耳其,265,千克,0,—,1552
84051000,煤气发生器；乙炔发生...,305,法国,35,千克,0,—,70699
84051000,煤气发生器；乙炔发生...,318,芬兰,23,千克,0,—,25042
84068200,输出功率≤40兆瓦的...,307,意大利,1,台,244,千克,304701
84069000,汽轮机零件,307,意大利,207502,千克,0,—,3637286
84069000,汽轮机零件,327,波兰,27859,千克,0,—,520712
84071010,功率≤298kw航空...,307,意大利,4,台,94,千克,10278
84071010,功率≤298kw航空...,315,奥地利,38,台,4213,千克,1531625
84071010,功率≤298kw航空...,501,加拿大,1,台,4,千克,1182
84072900,船舶用其他点燃往复或...,315,奥地利,4,台,252,千克,14905
84073200,车用往复活塞发动机，...,307,意大利,19,台,436,千克,35455
84073300,车用往复活塞发动机，...,307,意大利,6,台,388,千克,43102
84073410,3000ml≥排量＞...,305,法国,486,台,53847,千克,1104760
84073410,3000ml≥排量＞...,307,意大利,7,台,754,千克,50631
84073410,3000ml≥排量＞...,312,西班牙,570,台,56427,千克,1376877
84073410,3000ml≥排量＞...,321,匈牙利,571,台,93861,千克,4642564
84073410,3000ml≥排量＞...,410,巴西,18,台,1778,千克,134456
84073410,3000ml≥排量＞...,429,墨西哥,40,台,3872,千克,110070
84073410,3000ml≥排量＞...,501,加拿大,1,台,155,千克,4376
84073420,排量＞3000ml车...,307,意大利,14,台,1985,千克,67897
84073420,排量＞3000ml车...,321,匈牙利,2,台,354,千克,31899
84073420,排量＞3000ml车...,429,墨西哥,4,台,791,千克,19490
84079090,未列名点燃式活塞内燃...,305,法国,5,台,120,千克,12400
84079090,未列名点燃式活塞内燃...,307,意大利,2,台,20,千克,816
84079090,未列名点燃式活塞内燃...,501,加拿大,6,台,86565,千克,2540581
84081000,船舶用柴油机,301,比利时,1,台,19641,千克,745004
84081000,船舶用柴油机,305,法国,15,台,4884,千克,171427
84081000,船舶用柴油机,307,意大利,10,台,237710,千克,4491605
84081000,船舶用柴油机,315,奥地利,3,台,1116,千克,96672
84081000,船舶用柴油机,318,芬兰,1,台,63655,千克,1218806
84082010,车用柴油机，P≥13...,307,意大利,45,台,29692,千克,281667
84082090,其他车辆用柴油机,305,法国,11,台,1735,千克,66366
84082090,其他车辆用柴油机,307,意大利,35,台,21313,千克,180667
84082090,其他车辆用柴油机,318,芬兰,1,台,509,千克,8979
84082090,其他车辆用柴油机,429,墨西哥,1,台,618,千克,10956
84089010,机车用柴油机,327,波兰,4,台,13717,千克,597368
84089091,其他输出功率≤14k...,307,意大利,250,台,11825,千克,314409
84089092,其他14kw＜输出功...,307,意大利,202,台,64489,千克,878631
84089092,其他14kw＜输出功...,315,奥地利,2,台,482,千克,187107
84089092,其他14kw＜输出功...,429,墨西哥,20,台,8620,千克,141481
84089092,其他14kw＜输出功...,501,加拿大,6,台,1805,千克,15561
84089093,其他输出功率≥132...,305,法国,179,台,191027,千克,2784392
84089093,其他输出功率≥132...,307,意大利,119,台,75487,千克,916591
84089093,其他输出功率≥132...,410,巴西,6,台,3618,千克,92825
84091000,航空器发动机零件,305,法国,7,千克,0,—,18893
84091000,航空器发动机零件,307,意大利,9,千克,0,—,29161
84091000,航空器发动机零件,315,奥地利,70,千克,0,—,37995
84091000,航空器发动机零件,321,匈牙利,2,千克,0,—,2224
84091000,航空器发动机零件,327,波兰,24,千克,0,—,4128
84091000,航空器发动机零件,501,加拿大,0,千克,0,—,14
84099110,船舶用点燃式活塞内燃...,129,菲律宾,0,千克,0,—,120
84099110,船舶用点燃式活塞内燃...,305,法国,3,千克,0,—,492
84099110,船舶用点燃式活塞内燃...,307,意大利,115,千克,0,—,34990
84099110,船舶用点燃式活塞内燃...,309,荷兰,1114,千克,0,—,122874
84099110,船舶用点燃式活塞内燃...,310,希腊,133,千克,0,—,13903
84099110,船舶用点燃式活塞内燃...,312,西班牙,56,千克,0,—,11538
84099110,船舶用点燃式活塞内燃...,315,奥地利,44,千克,0,—,15816
84099110,船舶用点燃式活塞内燃...,318,芬兰,42,千克,0,—,8703
84099110,船舶用点燃式活塞内燃...,327,波兰,15,千克,0,—,1433
84099110,船舶用点燃式活塞内燃...,410,巴西,3,千克,0,—,1129
84099110,船舶用点燃式活塞内燃...,429,墨西哥,1123,千克,0,—,138811
84099110,船舶用点燃式活塞内燃...,501,加拿大,4,千克,0,—,77
84099191,电控燃油喷射装置,137,土耳其,2,千克,25,套,438
84099191,电控燃油喷射装置,327,波兰,11264,千克,7560,套,1005677
84099199,其他点燃式活塞内燃发...,127,巴基斯坦,43,千克,0,—,648
84099199,其他点燃式活塞内燃发...,129,菲律宾,10890,千克,0,—,689378
84099199,其他点燃式活塞内燃发...,137,土耳其,35242,千克,0,—,2278269
84099199,其他点燃式活塞内燃发...,138,阿联酋,55,千克,0,—,11749
84099199,其他点燃式活塞内燃发...,244,南非,1211,千克,0,—,28058
84099199,其他点燃式活塞内燃发...,301,比利时,7486,千克,0,—,274729
84099199,其他点燃式活塞内燃发...,305,法国,81133,千克,0,—,2748567
84099199,其他点燃式活塞内燃发...,306,爱尔兰,0,千克,0,—,19
84099199,其他点燃式活塞内燃发...,307,意大利,64486,千克,0,—,5878778
84099199,其他点燃式活塞内燃发...,309,荷兰,82,千克,0,—,14047
84099199,其他点燃式活塞内燃发...,310,希腊,30,千克,0,—,4087
84099199,其他点燃式活塞内燃发...,312,西班牙,6897,千克,0,—,290364
84099199,其他点燃式活塞内燃发...,315,奥地利,170672,千克,0,—,3962584
84099199,其他点燃式活塞内燃发...,316,保加利亚,33298,千克,0,—,417626
84099199,其他点燃式活塞内燃发...,321,匈牙利,3774,千克,0,—,196105
84099199,其他点燃式活塞内燃发...,327,波兰,56107,千克,0,—,1711611
84099199,其他点燃式活塞内燃发...,336,立陶宛,12,千克,0,—,719
84099199,其他点燃式活塞内燃发...,340,白俄罗斯,0,千克,0,—,8
84099199,其他点燃式活塞内燃发...,350,斯洛文尼亚,1299,千克,0,—,56993
84099199,其他点燃式活塞内燃发...,410,巴西,128632,千克,0,—,2960850
84099199,其他点燃式活塞内燃发...,415,哥斯达黎加,1,千克,0,—,39
84099199,其他点燃式活塞内燃发...,429,墨西哥,44471,千克,0,—,1329989
84099199,其他点燃式活塞内燃发...,501,加拿大,19790,千克,0,—,353257
84099910,船舶用柴油机的零件,137,土耳其,1058,千克,0,—,65922
84099910,船舶用柴油机的零件,301,比利时,620,千克,0,—,9929
84099910,船舶用柴油机的零件,305,法国,3876,千克,0,—,349977
84099910,船舶用柴油机的零件,306,爱尔兰,0,千克,0,—,14
84099910,船舶用柴油机的零件,307,意大利,14462,千克,0,—,1427354
84099910,船舶用柴油机的零件,309,荷兰,20001,千克,0,—,1587227
84099910,船舶用柴油机的零件,310,希腊,3788,千克,0,—,111650
84099910,船舶用柴油机的零件,312,西班牙,502,千克,0,—,65174
84099910,船舶用柴油机的零件,315,奥地利,72346,千克,0,—,1179898
84099910,船舶用柴油机的零件,318,芬兰,80401,千克,0,—,2575959
84099910,船舶用柴油机的零件,321,匈牙利,42,千克,0,—,6312
84099910,船舶用柴油机的零件,326,挪威,188,千克,0,—,78971
84099910,船舶用柴油机的零件,327,波兰,974,千克,0,—,43440
84099910,船舶用柴油机的零件,350,斯洛文尼亚,3,千克,0,—,2495
84099910,船舶用柴油机的零件,410,巴西,10,千克,0,—,7179
84099910,船舶用柴油机的零件,429,墨西哥,35,千克,0,—,2110
84099910,船舶用柴油机的零件,501,加拿大,191,千克,0,—,59633
84099910,船舶用柴油机的零件,621,马绍尔群岛,300,千克,0,—,3000
84099920,机车用柴油机的零件,307,意大利,35,千克,0,—,8613
84099920,机车用柴油机的零件,315,奥地利,88,千克,0,—,20781
84099991,P≥132.39kw...,137,土耳其,59998,千克,0,—,2785808
84099991,P≥132.39kw...,244,南非,320,千克,0,—,6850
84099991,P≥132.39kw...,301,比利时,80144,千克,0,—,350056
84099991,P≥132.39kw...,305,法国,11575,千克,0,—,1435563
84099991,P≥132.39kw...,306,爱尔兰,74,千克,0,—,7364
84099991,P≥132.39kw...,307,意大利,11813,千克,0,—,401159
84099991,P≥132.39kw...,309,荷兰,346,千克,0,—,10697
84099991,P≥132.39kw...,312,西班牙,2107,千克,0,—,134148
84099991,P≥132.39kw...,315,奥地利,14363,千克,0,—,1074237
84099991,P≥132.39kw...,318,芬兰,3550,千克,0,—,110778
84099991,P≥132.39kw...,321,匈牙利,1603,千克,0,—,169905
84099991,P≥132.39kw...,326,挪威,10,千克,0,—,1603
84099991,P≥132.39kw...,327,波兰,5747,千克,0,—,419612
84099991,P≥132.39kw...,336,立陶宛,3,千克,0,—,428
84099991,P≥132.39kw...,410,巴西,65563,千克,0,—,408485
84099991,P≥132.39kw...,429,墨西哥,36404,千克,0,—,1241720
84099991,P≥132.39kw...,501,加拿大,1043,千克,0,—,22254
84099999,未列名柴油机的零件,129,菲律宾,0,千克,0,—,7
84099999,未列名柴油机的零件,137,土耳其,67121,千克,0,—,2390038
84099999,未列名柴油机的零件,244,南非,25,千克,0,—,1335
84099999,未列名柴油机的零件,301,比利时,590,千克,0,—,7654
84099999,未列名柴油机的零件,305,法国,5645,千克,0,—,666465
84099999,未列名柴油机的零件,306,爱尔兰,5,千克,0,—,391
84099999,未列名柴油机的零件,307,意大利,14295,千克,0,—,434892
84099999,未列名柴油机的零件,309,荷兰,260,千克,0,—,4331
84099999,未列名柴油机的零件,312,西班牙,213012,千克,0,—,923299
84099999,未列名柴油机的零件,315,奥地利,105,千克,0,—,1746
84099999,未列名柴油机的零件,318,芬兰,2205,千克,0,—,114142
84099999,未列名柴油机的零件,321,匈牙利,1724,千克,0,—,231280
84099999,未列名柴油机的零件,326,挪威,0,千克,0,—,268
84099999,未列名柴油机的零件,327,波兰,1507,千克,0,—,87627
84099999,未列名柴油机的零件,336,立陶宛,1,千克,0,—,126
84099999,未列名柴油机的零件,350,斯洛文尼亚,4,千克,0,—,1667
84099999,未列名柴油机的零件,410,巴西,376216,千克,0,—,1755653
84099999,未列名柴油机的零件,429,墨西哥,38679,千克,0,—,390269
84099999,未列名柴油机的零件,501,加拿大,1193,千克,0,—,76100
84109010,水轮机及水轮的调节器,327,波兰,405,千克,5,套,148853
84111110,涡轮风扇喷气发动机，...,501,加拿大,1,台,200,千克,390000
84111210,涡轮风扇喷气发动机，...,305,法国,6,台,24310,千克,64175320
84111210,涡轮风扇喷气发动机，...,501,加拿大,1,台,539,千克,3868628
84118100,其他燃气轮机，P≤5...,305,法国,3,台,795,千克,3199120
84119100,涡轮喷气发动机或涡轮...,137,土耳其,54,千克,0,—,840785
84119100,涡轮喷气发动机或涡轮...,301,比利时,4,千克,0,—,122945
84119100,涡轮喷气发动机或涡轮...,305,法国,27068,千克,0,—,23331676
84119100,涡轮喷气发动机或涡轮...,307,意大利,2549,千克,0,—,4730332
84119100,涡轮喷气发动机或涡轮...,309,荷兰,48,千克,0,—,217534
84119100,涡轮喷气发动机或涡轮...,312,西班牙,2,千克,0,—,483
84119100,涡轮喷气发动机或涡轮...,315,奥地利,190,千克,0,—,219374
84119100,涡轮喷气发动机或涡轮...,318,芬兰,4,千克,0,—,13530
84119100,涡轮喷气发动机或涡轮...,321,匈牙利,1,千克,0,—,6532
84119100,涡轮喷气发动机或涡轮...,326,挪威,29,千克,0,—,548809
84119100,涡轮喷气发动机或涡轮...,327,波兰,1375,千克,0,—,1575571
84119100,涡轮喷气发动机或涡轮...,429,墨西哥,1617,千克,0,—,2879810
84119100,涡轮喷气发动机或涡轮...,501,加拿大,979,千克,0,—,4604941
84119910,涡轮轴发动机用零件,301,比利时,1,千克,0,—,3664
84119910,涡轮轴发动机用零件,305,法国,205,千克,0,—,124574
84119910,涡轮轴发动机用零件,307,意大利,7,千克,0,—,828
84119910,涡轮轴发动机用零件,327,波兰,1,千克,0,—,3524
84119910,涡轮轴发动机用零件,429,墨西哥,141,千克,0,—,539329
84119990,未列名燃气轮机的零件,305,法国,27490,千克,0,—,6139284
84119990,未列名燃气轮机的零件,307,意大利,116112,千克,0,—,10788370
84119990,未列名燃气轮机的零件,321,匈牙利,3596,千克,0,—,1693266
84119990,未列名燃气轮机的零件,501,加拿大,1,千克,0,—,195
84122100,直线作用（液压缸）的...,129,菲律宾,11,台,205,千克,40614
84122100,直线作用（液压缸）的...,137,土耳其,31,台,5120,千克,44765
84122100,直线作用（液压缸）的...,244,南非,4,台,113,千克,4932
84122100,直线作用（液压缸）的...,301,比利时,50,台,149,千克,4930
84122100,直线作用（液压缸）的...,305,法国,13287,台,51122,千克,1285718
84122100,直线作用（液压缸）的...,306,爱尔兰,756,台,48930,千克,371357
84122100,直线作用（液压缸）的...,307,意大利,1782,台,57164,千克,937312
84122100,直线作用（液压缸）的...,309,荷兰,336,台,4698,千克,103334
84122100,直线作用（液压缸）的...,312,西班牙,146,台,6392,千克,153827
84122100,直线作用（液压缸）的...,315,奥地利,231,台,28264,千克,1069942
84122100,直线作用（液压缸）的...,316,保加利亚,195,台,10969,千克,115538
84122100,直线作用（液压缸）的...,318,芬兰,142,台,5848,千克,182696
84122100,直线作用（液压缸）的...,321,匈牙利,822,台,322,千克,13654
84122100,直线作用（液压缸）的...,326,挪威,21,台,76,千克,10947
84122100,直线作用（液压缸）的...,327,波兰,213,台,9750,千克,242483
84122100,直线作用（液压缸）的...,410,巴西,6920,台,2850,千克,73558
84122100,直线作用（液压缸）的...,429,墨西哥,164,台,356,千克,13370
84122100,直线作用（液压缸）的...,501,加拿大,116,台,720,千克,57601
84122910,液压马达,137,土耳其,3041,台,104188,千克,2732258
84122910,液压马达,301,比利时,3,台,55,千克,5422
84122910,液压马达,305,法国,985,台,59713,千克,1227832
84122910,液压马达,306,爱尔兰,15,台,557,千克,19015
84122910,液压马达,307,意大利,5845,台,177150,千克,3833407
84122910,液压马达,309,荷兰,18,台,533,千克,40039
84122910,液压马达,310,希腊,2,台,860,千克,16489
84122910,液压马达,312,西班牙,12,台,419,千克,32490
84122910,液压马达,315,奥地利,7,台,114,千克,8734
84122910,液压马达,316,保加利亚,408,台,8972,千克,158228
84122910,液压马达,318,芬兰,7,台,1865,千克,59712
84122910,液压马达,321,匈牙利,1,台,3,千克,259
84122910,液压马达,327,波兰,726,台,6127,千克,221169
84122910,液压马达,410,巴西,163,台,281,千克,15236
84122910,液压马达,429,墨西哥,1,台,3,千克,189
84122910,液压马达,501,加拿大,10,台,441,千克,75629
84122990,其他液压动力装置,129,菲律宾,8,台,103,千克,242590
84122990,其他液压动力装置,305,法国,17,台,3000,千克,231692
84122990,其他液压动力装置,307,意大利,1443,台,14479,千克,369791
84122990,其他液压动力装置,309,荷兰,23,台,155960,千克,4920966
84122990,其他液压动力装置,312,西班牙,1,台,100,千克,7811
84122990,其他液压动力装置,315,奥地利,9,台,39192,千克,1283356
84122990,其他液压动力装置,318,芬兰,131,台,6605,千克,530435
84122990,其他液压动力装置,321,匈牙利,25,台,13,千克,2200
84122990,其他液压动力装置,326,挪威,2,台,1751,千克,44461
84122990,其他液压动力装置,327,波兰,9,台,10744,千克,483031
84122990,其他液压动力装置,501,加拿大,2,台,122,千克,2018
84123100,直线作用（气压缸）的...,137,土耳其,10,台,65,千克,3387
84123100,直线作用（气压缸）的...,244,南非,1,台,1,千克,390
84123100,直线作用（气压缸）的...,301,比利时,16,台,35,千克,5528
84123100,直线作用（气压缸）的...,305,法国,1046,台,3418,千克,183820
84123100,直线作用（气压缸）的...,307,意大利,8263,台,36835,千克,1538760
84123100,直线作用（气压缸）的...,309,荷兰,169,台,277,千克,63216
84123100,直线作用（气压缸）的...,312,西班牙,75,台,173,千克,8907
84123100,直线作用（气压缸）的...,315,奥地利,153,台,88,千克,10423
84123100,直线作用（气压缸）的...,318,芬兰,71,台,413,千克,74545
84123100,直线作用（气压缸）的...,321,匈牙利,13346,台,7539,千克,376596
84123100,直线作用（气压缸）的...,326,挪威,4,台,333,千克,15786
84123100,直线作用（气压缸）的...,327,波兰,270,台,1041,千克,73006
84123100,直线作用（气压缸）的...,350,斯洛文尼亚,10,台,0,千克,103
84123100,直线作用（气压缸）的...,410,巴西,48,台,505,千克,16294
84123100,直线作用（气压缸）的...,429,墨西哥,1310,台,373,千克,30793
84123100,直线作用（气压缸）的...,501,加拿大,72,台,1330,千克,143356
84123900,其他气压动力装置,305,法国,75,台,1110,千克,27014
84123900,其他气压动力装置,307,意大利,4369,台,34973,千克,757224
84123900,其他气压动力装置,309,荷兰,29,台,536,千克,21758
84123900,其他气压动力装置,312,西班牙,342,台,300,千克,17000
84123900,其他气压动力装置,315,奥地利,7,台,26,千克,10073
84123900,其他气压动力装置,318,芬兰,3,台,25,千克,3596
84123900,其他气压动力装置,321,匈牙利,64,台,147,千克,24959
84123900,其他气压动力装置,327,波兰,169,台,750,千克,52752
84123900,其他气压动力装置,429,墨西哥,1,台,1,千克,388
84123900,其他气压动力装置,501,加拿大,6,台,14,千克,13023
84128000,未列名发动机及动力装...,301,比利时,119,台,237,千克,3867
84128000,未列名发动机及动力装...,305,法国,1531,台,710,千克,79197
84128000,未列名发动机及动力装...,307,意大利,78842,台,1728,千克,157612
84128000,未列名发动机及动力装...,315,奥地利,2,台,103,千克,17843
84128000,未列名发动机及动力装...,316,保加利亚,39,台,3480,千克,156520
84128000,未列名发动机及动力装...,318,芬兰,1,台,13,千克,748
84128000,未列名发动机及动力装...,321,匈牙利,1326,台,708,千克,106919
84128000,未列名发动机及动力装...,410,巴西,1,台,23,千克,403
84128000,未列名发动机及动力装...,429,墨西哥,2,台,0,千克,206
84128000,未列名发动机及动力装...,501,加拿大,15,台,3,千克,17100
84129010,航空器及航天器喷气发...,321,匈牙利,0,千克,0,—,730
84129010,航空器及航天器喷气发...,501,加拿大,0,千克,0,—,115
84129090,8412其他发动机及...,137,土耳其,2586,千克,0,—,28304
84129090,8412其他发动机及...,138,阿联酋,1710,千克,0,—,15670
84129090,8412其他发动机及...,244,南非,310,千克,0,—,702
84129090,8412其他发动机及...,301,比利时,607,千克,0,—,18442
84129090,8412其他发动机及...,305,法国,50509,千克,0,—,1904263
84129090,8412其他发动机及...,307,意大利,64123,千克,0,—,861805
84129090,8412其他发动机及...,309,荷兰,13960,千克,0,—,163777
84129090,8412其他发动机及...,312,西班牙,84624,千克,0,—,487754
84129090,8412其他发动机及...,315,奥地利,8951,千克,0,—,174183
84129090,8412其他发动机及...,316,保加利亚,2,千克,0,—,448
84129090,8412其他发动机及...,318,芬兰,560,千克,0,—,80514
84129090,8412其他发动机及...,321,匈牙利,4758,千克,0,—,174393
84129090,8412其他发动机及...,326,挪威,945,千克,0,—,32703
84129090,8412其他发动机及...,327,波兰,19148,千克,0,—,87972
84129090,8412其他发动机及...,350,斯洛文尼亚,2548,千克,0,—,65075
84129090,8412其他发动机及...,410,巴西,3656,千克,0,—,48520
84129090,8412其他发动机及...,429,墨西哥,388,千克,0,—,133085
84129090,8412其他发动机及...,501,加拿大,97,千克,0,—,15927
84131100,分装燃料或润滑油的计...,301,比利时,1,台,18,千克,1729
84131100,分装燃料或润滑油的计...,307,意大利,8,台,84,千克,5052
84131100,分装燃料或润滑油的计...,312,西班牙,5,台,21,千克,1322
84131900,其他装有或可装计量装...,305,法国,4667,台,10450,千克,1459442
84131900,其他装有或可装计量装...,306,爱尔兰,5642,台,1759,千克,143594
84131900,其他装有或可装计量装...,307,意大利,845,台,4929,千克,232811
84131900,其他装有或可装计量装...,309,荷兰,804,台,141,千克,12909
84131900,其他装有或可装计量装...,312,西班牙,3405,台,182,千克,5974
84131900,其他装有或可装计量装...,315,奥地利,2,台,513,千克,117109
84131900,其他装有或可装计量装...,318,芬兰,5923,台,5354,千克,555101
84131900,其他装有或可装计量装...,327,波兰,3436,台,3968,千克,561790
84131900,其他装有或可装计量装...,501,加拿大,11,台,34,千克,17312
84132000,手泵，但装有或可装计...,137,土耳其,5,台,1,千克,155
84132000,手泵，但装有或可装计...,305,法国,3003404,台,6238,千克,233980
84132000,手泵，但装有或可装计...,307,意大利,21873,台,9028,千克,288806
84132000,手泵，但装有或可装计...,309,荷兰,1465356,台,15794,千克,217600
84132000,手泵，但装有或可装计...,310,希腊,1,台,2,千克,151
84132000,手泵，但装有或可装计...,312,西班牙,68,台,159,千克,13378
84132000,手泵，但装有或可装计...,315,奥地利,7,台,96,千克,24900
84132000,手泵，但装有或可装计...,318,芬兰,2,台,13,千克,816
84132000,手泵，但装有或可装计...,326,挪威,21,台,460,千克,85620
84132000,手泵，但装有或可装计...,327,波兰,110,台,64,千克,1592
84132000,手泵，但装有或可装计...,429,墨西哥,1707,台,119,千克,3026
84132000,手泵，但装有或可装计...,501,加拿大,9,台,4,千克,480
84133021,输出P≥132.39...,137,土耳其,38,台,19,千克,986
84133021,输出P≥132.39...,305,法国,95,台,67,千克,11791
84133021,输出P≥132.39...,307,意大利,1304,台,11965,千克,955006
84133021,输出P≥132.39...,312,西班牙,6,台,4,千克,2615
84133021,输出P≥132.39...,315,奥地利,221,台,12052,千克,1154151
84133021,输出P≥132.39...,318,芬兰,4,台,14996,千克,433210
84133021,输出P≥132.39...,321,匈牙利,40,台,175,千克,12740
84133021,输出P≥132.39...,327,波兰,1412,台,1041,千克,114849
84133021,输出P≥132.39...,410,巴西,483,台,142,千克,7699
84133021,输出P≥132.39...,429,墨西哥,2113,台,4056,千克,531308
84133021,输出P≥132.39...,501,加拿大,4,台,22,千克,289
84133029,其他活塞式内燃发动机...,129,菲律宾,216,台,114,千克,4042
84133029,其他活塞式内燃发动机...,137,土耳其,2010,台,554,千克,13590
84133029,其他活塞式内燃发动机...,301,比利时,1,台,5,千克,125
84133029,其他活塞式内燃发动机...,305,法国,119,台,176,千克,14221
84133029,其他活塞式内燃发动机...,307,意大利,6071,台,33587,千克,928055
84133029,其他活塞式内燃发动机...,309,荷兰,2,台,485,千克,8290
84133029,其他活塞式内燃发动机...,312,西班牙,163,台,2922,千克,120208
84133029,其他活塞式内燃发动机...,315,奥地利,80,台,19,千克,33488
84133029,其他活塞式内燃发动机...,321,匈牙利,679,台,2666,千克,136880
84133029,其他活塞式内燃发动机...,327,波兰,612,台,592,千克,37327
84133029,其他活塞式内燃发动机...,410,巴西,6799,台,6352,千克,311547
84133029,其他活塞式内燃发动机...,429,墨西哥,2831,台,958,千克,54119
84133029,其他活塞式内燃发动机...,501,加拿大,1,台,1,千克,1077
84133030,活塞式内燃发动机的润...,137,土耳其,348,台,517,千克,41476
84133030,活塞式内燃发动机的润...,301,比利时,158,台,1611,千克,28641
84133030,活塞式内燃发动机的润...,305,法国,536,台,1229,千克,67930
84133030,活塞式内燃发动机的润...,306,爱尔兰,2,台,1,千克,3037
84133030,活塞式内燃发动机的润...,307,意大利,3080,台,5295,千克,138039
84133030,活塞式内燃发动机的润...,309,荷兰,2,台,102,千克,4315
84133030,活塞式内燃发动机的润...,315,奥地利,26,台,176,千克,56418
84133030,活塞式内燃发动机的润...,318,芬兰,1,台,3,千克,1687
84133030,活塞式内燃发动机的润...,321,匈牙利,224,台,335,千克,34451
84133030,活塞式内燃发动机的润...,410,巴西,41,台,5,千克,728
84133030,活塞式内燃发动机的润...,429,墨西哥,8,台,552,千克,70746
84133030,活塞式内燃发动机的润...,501,加拿大,17,台,29,千克,333
84133090,活塞式内燃发动机用冷...,301,比利时,449,台,8469,千克,59760
84133090,活塞式内燃发动机用冷...,305,法国,743,台,1003,千克,85464
84133090,活塞式内燃发动机用冷...,307,意大利,9065,台,12696,千克,757499
84133090,活塞式内燃发动机用冷...,312,西班牙,160,台,257,千克,4681
84133090,活塞式内燃发动机用冷...,315,奥地利,596,台,1400,千克,64080
84133090,活塞式内燃发动机用冷...,321,匈牙利,175,台,217,千克,27068
84133090,活塞式内燃发动机用冷...,327,波兰,36,台,107,千克,12053
84133090,活塞式内燃发动机用冷...,410,巴西,180,台,920,千克,35184
84133090,活塞式内燃发动机用冷...,429,墨西哥,12139,台,7676,千克,728025
84133090,活塞式内燃发动机用冷...,501,加拿大,63,台,198,千克,5590
84134000,混凝土泵,307,意大利,4,台,4614,千克,176886
84135010,气动往复式排液泵,301,比利时,3,台,36,千克,4913
84135010,气动往复式排液泵,305,法国,177,台,345,千克,185500
84135010,气动往复式排液泵,306,爱尔兰,11,台,383,千克,7672
84135010,气动往复式排液泵,307,意大利,1013,台,8412,千克,352401
84135010,气动往复式排液泵,309,荷兰,35,台,555,千克,45429
84135010,气动往复式排液泵,310,希腊,1,台,13,千克,400
84135010,气动往复式排液泵,312,西班牙,65,台,7870,千克,114676
84135010,气动往复式排液泵,318,芬兰,3,台,25,千克,2123
84135010,气动往复式排液泵,327,波兰,45,台,1983,千克,39026
84135010,气动往复式排液泵,429,墨西哥,844,台,427,千克,17624
84135020,电动往复式排液泵,301,比利时,19,台,44,千克,27894
84135020,电动往复式排液泵,305,法国,710,台,3279,千克,163543
84135020,电动往复式排液泵,306,爱尔兰,211,台,38,千克,14952
84135020,电动往复式排液泵,307,意大利,212608,台,109112,千克,2426308
84135020,电动往复式排液泵,309,荷兰,18,台,726,千克,64539
84135020,电动往复式排液泵,312,西班牙,4,台,784,千克,30430
84135020,电动往复式排液泵,315,奥地利,1507,台,6563,千克,594810
84135020,电动往复式排液泵,318,芬兰,3,台,682,千克,93925
84135020,电动往复式排液泵,321,匈牙利,16,台,11,千克,3734
84135020,电动往复式排液泵,326,挪威,14,台,451,千克,12599
84135020,电动往复式排液泵,327,波兰,15,台,296,千克,3807
84135020,电动往复式排液泵,350,斯洛文尼亚,502,台,76,千克,14918
84135020,电动往复式排液泵,410,巴西,3,台,5,千克,2094
84135020,电动往复式排液泵,429,墨西哥,3432,台,10043,千克,182631
84135031,液压往复式柱塞泵,137,土耳其,13,台,104,千克,11373
84135031,液压往复式柱塞泵,301,比利时,11,台,1720,千克,82195
84135031,液压往复式柱塞泵,305,法国,6446,台,21286,千克,1780638
84135031,液压往复式柱塞泵,307,意大利,36375,台,232780,千克,3930279
84135031,液压往复式柱塞泵,309,荷兰,18,台,404,千克,40311
84135031,液压往复式柱塞泵,315,奥地利,18,台,96,千克,79927
84135031,液压往复式柱塞泵,316,保加利亚,2,台,10,千克,1797
84135031,液压往复式柱塞泵,318,芬兰,23,台,636,千克,109659
84135031,液压往复式柱塞泵,321,匈牙利,1,台,496,千克,14343
84135031,液压往复式柱塞泵,327,波兰,15,台,14,千克,471
84135031,液压往复式柱塞泵,410,巴西,43,台,43,千克,5528
84135031,液压往复式柱塞泵,429,墨西哥,129,台,2098,千克,76080
84135031,液压往复式柱塞泵,501,加拿大,15,台,1180,千克,69686
84135039,其他液压往复式排液泵,137,土耳其,36,台,1098,千克,20120
84135039,其他液压往复式排液泵,301,比利时,5,台,37,千克,885
84135039,其他液压往复式排液泵,305,法国,63,台,3771,千克,142033
84135039,其他液压往复式排液泵,307,意大利,473,台,5910,千克,167040
84135039,其他液压往复式排液泵,315,奥地利,16,台,363,千克,80919
84135039,其他液压往复式排液泵,318,芬兰,44,台,988,千克,29564
84135039,其他液压往复式排液泵,321,匈牙利,3,台,40,千克,1974
84135039,其他液压往复式排液泵,326,挪威,1,台,14,千克,3283
84135039,其他液压往复式排液泵,327,波兰,1,台,1,千克,160
84135039,其他液压往复式排液泵,350,斯洛文尼亚,20,台,3,千克,265
84135039,其他液压往复式排液泵,410,巴西,6,台,1341,千克,77915
84135039,其他液压往复式排液泵,429,墨西哥,115,台,1776,千克,48900
84135090,未列名往复式排液泵,305,法国,9,台,25,千克,24983
84135090,未列名往复式排液泵,307,意大利,523,台,10035,千克,322346
84135090,未列名往复式排液泵,312,西班牙,26,台,195,千克,8398
84135090,未列名往复式排液泵,315,奥地利,200,台,214,千克,25010
84135090,未列名往复式排液泵,316,保加利亚,23,台,123,千克,16605
84135090,未列名往复式排液泵,318,芬兰,1,台,300,千克,11833
84135090,未列名往复式排液泵,326,挪威,1,台,0,千克,162
84135090,未列名往复式排液泵,327,波兰,2,台,2,千克,109
84135090,未列名往复式排液泵,429,墨西哥,70,台,106,千克,13311
84136021,电动回转式齿轮泵,301,比利时,187,台,21154,千克,269516
84136021,电动回转式齿轮泵,305,法国,3418,台,15453,千克,474460
84136021,电动回转式齿轮泵,306,爱尔兰,26,台,80,千克,10026
84136021,电动回转式齿轮泵,307,意大利,163943,台,49385,千克,5558010
84136021,电动回转式齿轮泵,309,荷兰,6,台,24,千克,67027
84136021,电动回转式齿轮泵,312,西班牙,110,台,4789,千克,81617
84136021,电动回转式齿轮泵,315,奥地利,6,台,116,千克,5805
84136021,电动回转式齿轮泵,316,保加利亚,4,台,21,千克,4295
84136021,电动回转式齿轮泵,318,芬兰,9,台,203,千克,16000
84136021,电动回转式齿轮泵,321,匈牙利,1,台,15,千克,753
84136021,电动回转式齿轮泵,326,挪威,6,台,92,千克,11522
84136021,电动回转式齿轮泵,327,波兰,24000,台,30240,千克,4072835
84136021,电动回转式齿轮泵,340,白俄罗斯,126,台,1304,千克,32543
84136021,电动回转式齿轮泵,410,巴西,7,台,88,千克,6085
84136021,电动回转式齿轮泵,429,墨西哥,80,台,1225,千克,37408
84136021,电动回转式齿轮泵,501,加拿大,4,台,49,千克,7198
84136022,液压回转式齿轮泵,137,土耳其,232,台,1581,千克,40171
84136022,液压回转式齿轮泵,301,比利时,8,台,106,千克,106815
84136022,液压回转式齿轮泵,305,法国,513,台,1976,千克,94344
84136022,液压回转式齿轮泵,306,爱尔兰,165,台,700,千克,34187
84136022,液压回转式齿轮泵,307,意大利,14354,台,30062,千克,1043342
84136022,液压回转式齿轮泵,309,荷兰,54,台,116,千克,11321
84136022,液压回转式齿轮泵,315,奥地利,4,台,62,千克,10016
84136022,液压回转式齿轮泵,316,保加利亚,16,台,79,千克,2530
84136022,液压回转式齿轮泵,321,匈牙利,5,台,12,千克,1482
84136022,液压回转式齿轮泵,327,波兰,2,台,100,千克,700
84136022,液压回转式齿轮泵,410,巴西,114,台,142,千克,8691
84136022,液压回转式齿轮泵,429,墨西哥,11,台,250,千克,15436
84136022,液压回转式齿轮泵,501,加拿大,3,台,64,千克,9946
84136029,其他回转式齿轮泵,137,土耳其,1,台,13,千克,286
84136029,其他回转式齿轮泵,301,比利时,8,台,108,千克,11000
84136029,其他回转式齿轮泵,305,法国,45,台,37,千克,4699
84136029,其他回转式齿轮泵,306,爱尔兰,11,台,78,千克,4614
84136029,其他回转式齿轮泵,307,意大利,2047,台,5968,千克,238523
84136029,其他回转式齿轮泵,309,荷兰,4,台,133,千克,5312
84136029,其他回转式齿轮泵,312,西班牙,54,台,2962,千克,55694
84136029,其他回转式齿轮泵,316,保加利亚,95,台,311,千克,7692
84136029,其他回转式齿轮泵,429,墨西哥,2,台,72,千克,4153
84136029,其他回转式齿轮泵,501,加拿大,7,台,52,千克,1027
84136031,电动回转式叶片泵,137,土耳其,1805,台,962,千克,7095
84136031,电动回转式叶片泵,301,比利时,2,台,38,千克,3343
84136031,电动回转式叶片泵,305,法国,76,台,6913,千克,141866
84136031,电动回转式叶片泵,306,爱尔兰,6,台,4,千克,2274
84136031,电动回转式叶片泵,307,意大利,1412,台,3395,千克,115920
84136031,电动回转式叶片泵,309,荷兰,9,台,169,千克,50673
84136031,电动回转式叶片泵,312,西班牙,8,台,107,千克,3758
84136031,电动回转式叶片泵,315,奥地利,2,台,32,千克,2686
84136031,电动回转式叶片泵,318,芬兰,1,台,65,千克,3291
84136031,电动回转式叶片泵,326,挪威,2,台,13,千克,1435
84136031,电动回转式叶片泵,350,斯洛文尼亚,1,台,2,千克,519
84136031,电动回转式叶片泵,429,墨西哥,4079,台,4145,千克,76833
84136031,电动回转式叶片泵,501,加拿大,16,台,11,千克,10111
84136032,液压回转式叶片泵,305,法国,5,台,141,千克,21655
84136032,液压回转式叶片泵,307,意大利,278,台,1660,千克,28352
84136032,液压回转式叶片泵,312,西班牙,12,台,262,千克,4855
84136032,液压回转式叶片泵,327,波兰,189,台,2448,千克,148611
84136039,其他回转式叶片泵,305,法国,56,台,409,千克,23520
84136039,其他回转式叶片泵,307,意大利,101,台,1138,千克,78967
84136039,其他回转式叶片泵,312,西班牙,1,台,2,千克,268
84136039,其他回转式叶片泵,316,保加利亚,423,台,949,千克,170303
84136039,其他回转式叶片泵,327,波兰,34,台,87,千克,14163
84136039,其他回转式叶片泵,410,巴西,3,台,3,千克,380
84136039,其他回转式叶片泵,429,墨西哥,960,台,950,千克,30720
84136040,回转式螺杆泵,305,法国,45,台,60,千克,3665
84136040,回转式螺杆泵,307,意大利,3213,台,49376,千克,1651092
84136040,回转式螺杆泵,309,荷兰,12,台,10094,千克,364422
84136040,回转式螺杆泵,312,西班牙,9,台,2102,千克,27398
84136040,回转式螺杆泵,315,奥地利,548,台,11248,千克,516983
84136040,回转式螺杆泵,326,挪威,2,台,3880,千克,26668
84136040,回转式螺杆泵,327,波兰,1,台,135,千克,1931
84136040,回转式螺杆泵,410,巴西,7,台,2526,千克,164595
84136040,回转式螺杆泵,501,加拿大,4,台,9,千克,1007
84136050,回转式径向柱塞泵,307,意大利,17,台,341,千克,17700
84136050,回转式径向柱塞泵,309,荷兰,2,台,12,千克,1264
84136050,回转式径向柱塞泵,318,芬兰,2,台,320,千克,487
84136050,回转式径向柱塞泵,321,匈牙利,3,台,69,千克,3025
84136050,回转式径向柱塞泵,429,墨西哥,13,台,44,千克,2132
84136050,回转式径向柱塞泵,501,加拿大,2,台,33,千克,2066
84136060,回转式轴向柱塞泵,137,土耳其,449,台,107458,千克,2914816
84136060,回转式轴向柱塞泵,305,法国,23,台,395,千克,23023
84136060,回转式轴向柱塞泵,307,意大利,1134,台,15228,千克,345733
84136060,回转式轴向柱塞泵,309,荷兰,1,台,11,千克,319
84136060,回转式轴向柱塞泵,312,西班牙,1,台,78,千克,2867
84136060,回转式轴向柱塞泵,315,奥地利,11,台,1519,千克,97309
84136060,回转式轴向柱塞泵,318,芬兰,8,台,64,千克,9302
84136060,回转式轴向柱塞泵,321,匈牙利,50,台,47,千克,12262
84136060,回转式轴向柱塞泵,410,巴西,1,台,15,千克,1879
84136060,回转式轴向柱塞泵,429,墨西哥,5,台,24,千克,3851
84136090,其他回转式排液泵,137,土耳其,1134,台,1314,千克,75688
84136090,其他回转式排液泵,305,法国,59,台,3534,千克,152843
84136090,其他回转式排液泵,306,爱尔兰,1672,台,1679,千克,493592
84136090,其他回转式排液泵,307,意大利,259,台,1648,千克,100556
84136090,其他回转式排液泵,309,荷兰,37,台,2665,千克,165784
84136090,其他回转式排液泵,315,奥地利,18,台,418,千克,19447
84136090,其他回转式排液泵,316,保加利亚,26,台,148,千克,5548
84136090,其他回转式排液泵,321,匈牙利,28,台,146,千克,5487
84136090,其他回转式排液泵,326,挪威,34,台,149,千克,11150
84136090,其他回转式排液泵,327,波兰,8,台,14,千克,2335
84136090,其他回转式排液泵,410,巴西,5,台,39,千克,3375
84136090,其他回转式排液泵,429,墨西哥,40,台,322,千克,20032
84136090,其他回转式排液泵,501,加拿大,4,台,26,千克,2504
84137010,转速≥10000转/...,305,法国,3000,台,255,千克,9087
84137010,转速≥10000转/...,307,意大利,23117,台,2285,千克,55714
84137010,转速≥10000转/...,315,奥地利,8,台,26,千克,2119
84137010,转速≥10000转/...,318,芬兰,3,台,38,千克,3965
84137010,转速≥10000转/...,429,墨西哥,77,台,54,千克,4994
84137091,转速＜10000转/...,138,阿联酋,6,台,619,千克,22007
84137091,转速＜10000转/...,305,法国,35,台,5431,千克,227506
84137091,转速＜10000转/...,306,爱尔兰,25,台,3992,千克,90775
84137091,转速＜10000转/...,307,意大利,2075,台,24457,千克,424902
84137091,转速＜10000转/...,315,奥地利,2,台,93,千克,5143
84137091,转速＜10000转/...,321,匈牙利,1484,台,50202,千克,1104272
84137091,转速＜10000转/...,327,波兰,6,台,180,千克,9874
84137091,转速＜10000转/...,429,墨西哥,65,台,199,千克,3939
84137091,转速＜10000转/...,501,加拿大,2,台,46,千克,4102
84137099,转速＜10000转/...,137,土耳其,60,台,3,千克,4324
84137099,转速＜10000转/...,301,比利时,6,台,9310,千克,52781
84137099,转速＜10000转/...,305,法国,55113,台,126372,千克,4324948
84137099,转速＜10000转/...,306,爱尔兰,372,台,151,千克,19241
84137099,转速＜10000转/...,307,意大利,10269,台,212284,千克,4846881
84137099,转速＜10000转/...,309,荷兰,195,台,20883,千克,852761
84137099,转速＜10000转/...,310,希腊,4,台,154,千克,2120
84137099,转速＜10000转/...,312,西班牙,1394,台,34882,千克,1465154
84137099,转速＜10000转/...,315,奥地利,9,台,895,千克,54737
84137099,转速＜10000转/...,318,芬兰,7,台,197,千克,7086
84137099,转速＜10000转/...,321,匈牙利,1319,台,32568,千克,634937
84137099,转速＜10000转/...,326,挪威,24,台,48434,千克,2489482
84137099,转速＜10000转/...,327,波兰,62,台,5864,千克,526109
84137099,转速＜10000转/...,350,斯洛文尼亚,45,台,28,千克,515
84137099,转速＜10000转/...,410,巴西,9,台,105574,千克,3778644
84137099,转速＜10000转/...,429,墨西哥,4490,台,26611,千克,338144
84137099,转速＜10000转/...,501,加拿大,85,台,3885,千克,136574
84138100,未列名液体泵,137,土耳其,8,台,6,千克,514
84138100,未列名液体泵,227,马达加斯加,2,台,1,千克,57
84138100,未列名液体泵,244,南非,1,台,106,千克,4423
84138100,未列名液体泵,301,比利时,38,台,23,千克,168069
84138100,未列名液体泵,305,法国,82,台,2166,千克,87332
84138100,未列名液体泵,306,爱尔兰,22,台,14,千克,7512
84138100,未列名液体泵,307,意大利,1857,台,13990,千克,433694
84138100,未列名液体泵,309,荷兰,20,台,1353,千克,31151
84138100,未列名液体泵,310,希腊,5,台,382,千克,6945
84138100,未列名液体泵,312,西班牙,16,台,418,千克,17811
84138100,未列名液体泵,315,奥地利,4,台,1334,千克,162476
84138100,未列名液体泵,318,芬兰,4,台,67,千克,1857
84138100,未列名液体泵,321,匈牙利,1189,台,1037,千克,51204
84138100,未列名液体泵,326,挪威,23,台,11000,千克,459317
84138100,未列名液体泵,327,波兰,12,台,734,千克,19076
84138100,未列名液体泵,429,墨西哥,359,台,993,千克,30477
84138100,未列名液体泵,501,加拿大,2,台,237,千克,24030
84138200,液体提升机,307,意大利,52,台,730,千克,24680
84139100,液体泵零件,129,菲律宾,1642,千克,0,—,13307
84139100,液体泵零件,137,土耳其,44708,千克,0,—,362558
84139100,液体泵零件,138,阿联酋,264,千克,0,—,13222
84139100,液体泵零件,244,南非,9912,千克,0,—,82991
84139100,液体泵零件,301,比利时,2173,千克,0,—,181903
84139100,液体泵零件,305,法国,36117,千克,0,—,1412760
84139100,液体泵零件,306,爱尔兰,349,千克,0,—,96832
84139100,液体泵零件,307,意大利,157739,千克,0,—,3748054
84139100,液体泵零件,309,荷兰,27113,千克,0,—,1211856
84139100,液体泵零件,310,希腊,172,千克,0,—,10381
84139100,液体泵零件,312,西班牙,35731,千克,0,—,1027950
84139100,液体泵零件,315,奥地利,46959,千克,0,—,2676852
84139100,液体泵零件,318,芬兰,1723,千克,0,—,57838
84139100,液体泵零件,321,匈牙利,54365,千克,0,—,1506486
84139100,液体泵零件,326,挪威,384,千克,0,—,96851
84139100,液体泵零件,327,波兰,48388,千克,0,—,1324534
84139100,液体泵零件,350,斯洛文尼亚,3149,千克,0,—,466635
84139100,液体泵零件,410,巴西,11301,千克,0,—,223398
84139100,液体泵零件,429,墨西哥,3598,千克,0,—,152228
84139100,液体泵零件,501,加拿大,23723,千克,0,—,388130
84139200,液体提升机零件,321,匈牙利,5,千克,0,—,342
84141000,真空泵,137,土耳其,4,台,4,千克,664
84141000,真空泵,301,比利时,16,台,2153,千克,49967
84141000,真空泵,305,法国,11599,台,72063,千克,3663440
84141000,真空泵,307,意大利,1085,台,24578,千克,1141808
84141000,真空泵,309,荷兰,30,台,1643,千克,160973
84141000,真空泵,312,西班牙,33,台,9046,千克,121506
84141000,真空泵,315,奥地利,79,台,825,千克,40963
84141000,真空泵,316,保加利亚,2322,台,2032,千克,174031
84141000,真空泵,318,芬兰,1,台,2,千克,153
84141000,真空泵,321,匈牙利,7393,台,914,千克,344382
84141000,真空泵,326,挪威,1,台,238,千克,21442
84141000,真空泵,327,波兰,3,台,595,千克,21691
84141000,真空泵,350,斯洛文尼亚,607,台,1001,千克,40504
84141000,真空泵,429,墨西哥,899,台,1831,千克,63770
84141000,真空泵,501,加拿大,4,台,460,千克,12251
84142000,手动或脚踏式空气泵,137,土耳其,3,台,8,千克,132
84142000,手动或脚踏式空气泵,305,法国,15,台,15,千克,2096
84142000,手动或脚踏式空气泵,307,意大利,64,台,452,千克,11821
84142000,手动或脚踏式空气泵,309,荷兰,2,台,3,千克,502
84142000,手动或脚踏式空气泵,312,西班牙,558,台,159,千克,7649
84142000,手动或脚踏式空气泵,350,斯洛文尼亚,3,台,9,千克,432
84142000,手动或脚踏式空气泵,501,加拿大,132,台,11,千克,2508
84143011,冷藏、冷冻箱压缩机，...,137,土耳其,15,台,98,千克,992
84143011,冷藏、冷冻箱压缩机，...,307,意大利,23,台,196,千克,1293
84143011,冷藏、冷冻箱压缩机，...,410,巴西,4022,台,42399,千克,159574
84143012,0.4kw＜电动机额...,137,土耳其,36,台,690,千克,11088
84143012,0.4kw＜电动机额...,305,法国,5218,台,128487,千克,955871
84143012,0.4kw＜电动机额...,307,意大利,12,台,489,千克,5633
84143012,0.4kw＜电动机额...,312,西班牙,780,台,16910,千克,102396
84143012,0.4kw＜电动机额...,350,斯洛文尼亚,2412,台,44652,千克,225324
84143012,0.4kw＜电动机额...,410,巴西,9959,台,108257,千克,415790
84143013,0.4kw＜电动机额...,305,法国,360,台,8626,千克,99774
84143013,0.4kw＜电动机额...,307,意大利,5,台,113,千克,2558
84143013,0.4kw＜电动机额...,309,荷兰,1,台,12,千克,233
84143013,0.4kw＜电动机额...,410,巴西,20,台,231,千克,3054
84143013,0.4kw＜电动机额...,429,墨西哥,80,台,2358,千克,17145
84143014,电动机额定功率＞5k...,301,比利时,3,台,800,千克,9566
84143014,电动机额定功率＞5k...,305,法国,353,台,15717,千克,160670
84143014,电动机额定功率＞5k...,307,意大利,2,台,330,千克,22352
84143015,电动机额定功率＞5k...,305,法国,115,台,5844,千克,48906
84143015,电动机额定功率＞5k...,307,意大利,852,台,151471,千克,1256638
84143015,电动机额定功率＞5k...,429,墨西哥,7,台,1315,千克,32813
84143019,电机驱动的其他制冷设...,129,菲律宾,94,台,11108,千克,468537
84143019,电机驱动的其他制冷设...,305,法国,2743,台,63547,千克,424640
84143019,电机驱动的其他制冷设...,307,意大利,399,台,16050,千克,127864
84143019,电机驱动的其他制冷设...,410,巴西,1580,台,13106,千克,70500
84143019,电机驱动的其他制冷设...,429,墨西哥,576,台,16881,千克,167672
84143090,非电动机驱动的制冷设...,129,菲律宾,1,台,5,千克,475
84143090,非电动机驱动的制冷设...,305,法国,248,台,1444,千克,99842
84143090,非电动机驱动的制冷设...,307,意大利,53,台,988,千克,26747
84143090,非电动机驱动的制冷设...,309,荷兰,3698,台,13982,千克,103827
84143090,非电动机驱动的制冷设...,321,匈牙利,52,台,311,千克,12140
84143090,非电动机驱动的制冷设...,327,波兰,429,台,2575,千克,152395
84143090,非电动机驱动的制冷设...,429,墨西哥,8,台,33,千克,3665
84144000,装在拖车底盘上的空气...,137,土耳其,141,台,2658,千克,21532
84144000,装在拖车底盘上的空气...,307,意大利,1,台,38,千克,1321
84145110,输出功率≤125瓦的...,312,西班牙,2,台,16,千克,339
84145120,输出功率≤125瓦的...,309,荷兰,16,台,144,千克,3211
84145120,输出功率≤125瓦的...,321,匈牙利,18,台,10,千克,4965
84145120,输出功率≤125瓦的...,327,波兰,2,台,50,千克,1196
84145130,输出功率≤125瓦的...,301,比利时,5,台,5,千克,484
84145130,输出功率≤125瓦的...,307,意大利,6,台,13,千克,502
84145192,输出功率≤125瓦的...,312,西班牙,1,台,6,千克,138
84145193,输出功率≤125瓦的...,305,法国,1,台,1,千克,31
84145193,输出功率≤125瓦的...,501,加拿大,5,台,1,千克,174
84145199,输出功率≤125瓦的...,129,菲律宾,11794,台,2039,千克,111834
84145199,输出功率≤125瓦的...,305,法国,89,台,210,千克,15297
84145199,输出功率≤125瓦的...,307,意大利,6073,台,6716,千克,221714
84145199,输出功率≤125瓦的...,309,荷兰,3,台,69,千克,3769
84145199,输出功率≤125瓦的...,312,西班牙,1,台,1,千克,72
84145199,输出功率≤125瓦的...,313,阿尔巴尼亚,819,台,346,千克,6289
84145199,输出功率≤125瓦的...,315,奥地利,1,台,4,千克,219
84145199,输出功率≤125瓦的...,318,芬兰,31,台,48,千克,5119
84145199,输出功率≤125瓦的...,321,匈牙利,57555,台,24367,千克,1026274
84145199,输出功率≤125瓦的...,327,波兰,2,台,850,千克,10000
84145199,输出功率≤125瓦的...,350,斯洛文尼亚,192,台,164,千克,4541
84145199,输出功率≤125瓦的...,429,墨西哥,100,台,8,千克,5874
84145199,输出功率≤125瓦的...,621,马绍尔群岛,2,台,6800,千克,69882
84145920,其他换气扇,305,法国,2,台,26,千克,118037
84145920,其他换气扇,309,荷兰,13,台,33,千克,1663
84145930,离心通风机,129,菲律宾,3263,台,639,千克,29833
84145930,离心通风机,301,比利时,14,台,1648,千克,34193
84145930,离心通风机,305,法国,621,台,26898,千克,866149
84145930,离心通风机,307,意大利,18238,台,80051,千克,816977
84145930,离心通风机,309,荷兰,38,台,4895,千克,148759
84145930,离心通风机,312,西班牙,912,台,29865,千克,512031
84145930,离心通风机,315,奥地利,32,台,707,千克,55428
84145930,离心通风机,318,芬兰,3,台,10953,千克,258494
84145930,离心通风机,321,匈牙利,14914,台,22150,千克,512258
84145930,离心通风机,326,挪威,1,台,81,千克,5839
84145930,离心通风机,327,波兰,43,台,10589,千克,257658
84145930,离心通风机,350,斯洛文尼亚,793,台,9415,千克,371697
84145930,离心通风机,429,墨西哥,9521,台,2798,千克,113909
84145930,离心通风机,501,加拿大,11,台,458,千克,21026
84145990,未列名风机、风扇,129,菲律宾,1835986,台,102251,千克,12837758
84145990,未列名风机、风扇,137,土耳其,1,台,4,千克,369
84145990,未列名风机、风扇,301,比利时,1852,台,11254,千克,713063
84145990,未列名风机、风扇,305,法国,2250,台,5274,千克,300720
84145990,未列名风机、风扇,306,爱尔兰,1205,台,536,千克,10049
84145990,未列名风机、风扇,307,意大利,109273,台,501843,千克,6685063
84145990,未列名风机、风扇,309,荷兰,461,台,5198,千克,186947
84145990,未列名风机、风扇,312,西班牙,225,台,1063,千克,34335
84145990,未列名风机、风扇,315,奥地利,46841,台,22419,千克,499455
84145990,未列名风机、风扇,318,芬兰,245,台,23330,千克,993531
84145990,未列名风机、风扇,321,匈牙利,19282,台,6056,千克,525568
84145990,未列名风机、风扇,326,挪威,2,台,0,千克,98
84145990,未列名风机、风扇,327,波兰,178,台,10059,千克,243469
84145990,未列名风机、风扇,350,斯洛文尼亚,40,台,119,千克,3948
84145990,未列名风机、风扇,429,墨西哥,510,台,1188,千克,59616
84145990,未列名风机、风扇,501,加拿大,805,台,583,千克,56878
84146010,抽油烟机，罩平面最大...,305,法国,187,台,9180,千克,203585
84146010,抽油烟机，罩平面最大...,307,意大利,65,台,2391,千克,64311
84146010,抽油烟机，罩平面最大...,312,西班牙,1,台,8,千克,143
84146010,抽油烟机，罩平面最大...,350,斯洛文尼亚,3,台,47,千克,510
84146010,抽油烟机，罩平面最大...,429,墨西哥,1,台,6,千克,237
84146090,其他罩平面最大边长≤...,305,法国,5,台,296,千克,14621
84146090,其他罩平面最大边长≤...,307,意大利,19,台,1014,千克,36056
84146090,其他罩平面最大边长≤...,312,西班牙,5,台,175,千克,2161
84146090,其他罩平面最大边长≤...,336,立陶宛,20,台,8,千克,9155
84148020,二氧化碳压缩机,307,意大利,210,台,34291,千克,441244
84148020,二氧化碳压缩机,410,巴西,2,台,231632,千克,13066910
84148030,发动机用增压器（涡轮...,137,土耳其,2,台,26,千克,287
84148030,发动机用增压器（涡轮...,301,比利时,3,台,60,千克,2932
84148030,发动机用增压器（涡轮...,305,法国,40,台,323,千克,13419
84148030,发动机用增压器（涡轮...,307,意大利,173,台,1432,千克,245820
84148030,发动机用增压器（涡轮...,309,荷兰,37,台,326,千克,52134
84148030,发动机用增压器（涡轮...,312,西班牙,596,台,5573,千克,174380
84148030,发动机用增压器（涡轮...,315,奥地利,5699,台,26887,千克,1534120
84148030,发动机用增压器（涡轮...,321,匈牙利,4,台,51,千克,6297
84148030,发动机用增压器（涡轮...,327,波兰,1843,台,15461,千克,608023
84148030,发动机用增压器（涡轮...,410,巴西,4,台,51,千克,5343
84148030,发动机用增压器（涡轮...,429,墨西哥,251,台,7746,千克,467337
84148030,发动机用增压器（涡轮...,501,加拿大,1,台,3,千克,145
84148041,螺杆空压机,301,比利时,16,台,45164,千克,1369559
84148041,螺杆空压机,305,法国,81,台,5336,千克,304495
84148041,螺杆空压机,307,意大利,73,台,2358,千克,52979
84148041,螺杆空压机,318,芬兰,3,台,4716,千克,103598
84148041,螺杆空压机,326,挪威,1,台,1100,千克,11150
84148049,未列名空气及其他气体...,129,菲律宾,33,台,5282,千克,336523
84148049,未列名空气及其他气体...,301,比利时,57,台,24557,千克,704044
84148049,未列名空气及其他气体...,305,法国,17,台,58565,千克,2581620
84148049,未列名空气及其他气体...,307,意大利,157,台,1083972,千克,42561276
84148049,未列名空气及其他气体...,309,荷兰,4,台,683,千克,35576
84148049,未列名空气及其他气体...,310,希腊,2,台,15,千克,32
84148049,未列名空气及其他气体...,315,奥地利,583,台,349,千克,18242
84148049,未列名空气及其他气体...,318,芬兰,5,台,1002,千克,27912
84148049,未列名空气及其他气体...,326,挪威,10,台,7237,千克,149843
84148049,未列名空气及其他气体...,327,波兰,472,台,292,千克,36265
84148049,未列名空气及其他气体...,410,巴西,2,台,207782,千克,10530575
84148049,未列名空气及其他气体...,429,墨西哥,503,台,10604,千克,727481
84148090,其他空气泵，通风罩、...,129,菲律宾,29,台,2958,千克,105815
84148090,其他空气泵，通风罩、...,137,土耳其,1,台,160,千克,9116
84148090,其他空气泵，通风罩、...,301,比利时,7,台,868,千克,75545
84148090,其他空气泵，通风罩、...,305,法国,79,台,70441,千克,4428069
84148090,其他空气泵，通风罩、...,306,爱尔兰,1,台,0,千克,207
84148090,其他空气泵，通风罩、...,307,意大利,229,台,31519,千克,1151297
84148090,其他空气泵，通风罩、...,309,荷兰,34,台,7333,千克,204083
84148090,其他空气泵，通风罩、...,312,西班牙,202,台,356,千克,18354
84148090,其他空气泵，通风罩、...,315,奥地利,19838,台,24032,千克,846610
84148090,其他空气泵，通风罩、...,318,芬兰,2,台,2,千克,152
84148090,其他空气泵，通风罩、...,321,匈牙利,364,台,1768,千克,174379
84148090,其他空气泵，通风罩、...,326,挪威,6,台,6819,千克,94388
84148090,其他空气泵，通风罩、...,327,波兰,3159,台,1854,千克,104223
84148090,其他空气泵，通风罩、...,429,墨西哥,49,台,42,千克,5795
84148090,其他空气泵，通风罩、...,501,加拿大,4,台,2,千克,2639
84149011,84143011至8...,137,土耳其,1687,千克,0,—,29735
84149011,84143011至8...,305,法国,0,千克,0,—,33
84149011,84143011至8...,307,意大利,471,千克,0,—,92599
84149011,84143011至8...,315,奥地利,30,千克,0,—,12545
84149019,84143011至8...,129,菲律宾,1648,千克,0,—,13261
84149019,84143011至8...,137,土耳其,1513,千克,0,—,21090
84149019,84143011至8...,301,比利时,19685,千克,0,—,220340
84149019,84143011至8...,305,法国,291,千克,0,—,107814
84149019,84143011至8...,307,意大利,15925,千克,0,—,183647
84149019,84143011至8...,315,奥地利,38,千克,0,—,1520
84149019,84143011至8...,321,匈牙利,15,千克,0,—,574
84149019,84143011至8...,326,挪威,3,千克,0,—,1098
84149019,84143011至8...,327,波兰,660,千克,0,—,15189
84149019,84143011至8...,350,斯洛文尼亚,60,千克,0,—,6489
84149019,84143011至8...,410,巴西,6863,千克,0,—,96328
84149019,84143011至8...,429,墨西哥,102,千克,0,—,18261
84149019,84143011至8...,501,加拿大,1241,千克,0,—,31429
84149020,84145110至8...,137,土耳其,4,千克,0,—,106
84149020,84145110至8...,301,比利时,453,千克,0,—,4213
84149020,84145110至8...,305,法国,547,千克,0,—,17538
84149020,84145110至8...,307,意大利,4571,千克,0,—,68202
84149020,84145110至8...,309,荷兰,7,千克,0,—,990
84149020,84145110至8...,312,西班牙,563,千克,0,—,31312
84149020,84145110至8...,321,匈牙利,5,千克,0,—,191
84149020,84145110至8...,350,斯洛文尼亚,456,千克,0,—,6041
84149020,84145110至8...,429,墨西哥,5,千克,0,—,59
84149020,84145110至8...,501,加拿大,69,千克,0,—,4057
84149090,8414所列其他机器...,108,塞浦路斯,21,千克,0,—,888
84149090,8414所列其他机器...,127,巴基斯坦,311,千克,0,—,8206
84149090,8414所列其他机器...,129,菲律宾,1,千克,0,—,22
84149090,8414所列其他机器...,137,土耳其,1867,千克,0,—,58786
84149090,8414所列其他机器...,244,南非,44,千克,0,—,684
84149090,8414所列其他机器...,301,比利时,76394,千克,0,—,3005090
84149090,8414所列其他机器...,305,法国,21530,千克,0,—,1727010
84149090,8414所列其他机器...,306,爱尔兰,14783,千克,0,—,1581046
84149090,8414所列其他机器...,307,意大利,205573,千克,0,—,3934112
84149090,8414所列其他机器...,309,荷兰,13853,千克,0,—,480753
84149090,8414所列其他机器...,310,希腊,34,千克,0,—,2748
84149090,8414所列其他机器...,312,西班牙,4428,千克,0,—,52779
84149090,8414所列其他机器...,315,奥地利,10773,千克,0,—,543520
84149090,8414所列其他机器...,316,保加利亚,4967,千克,0,—,41148
84149090,8414所列其他机器...,318,芬兰,4908,千克,0,—,206368
84149090,8414所列其他机器...,321,匈牙利,9609,千克,0,—,476382
84149090,8414所列其他机器...,326,挪威,370,千克,0,—,16492
84149090,8414所列其他机器...,327,波兰,3036,千克,0,—,172399
84149090,8414所列其他机器...,336,立陶宛,36568,千克,0,—,299541
84149090,8414所列其他机器...,350,斯洛文尼亚,5260,千克,0,—,112683
84149090,8414所列其他机器...,410,巴西,314,千克,0,—,19467
84149090,8414所列其他机器...,429,墨西哥,13928,千克,0,—,573465
84149090,8414所列其他机器...,501,加拿大,1470,千克,0,—,36137
84151010,独立窗式、壁式、置于...,310,希腊,1,台,18,千克,349
84151010,独立窗式、壁式、置于...,410,巴西,1,台,23,千克,432
84151022,制冷量＞4000大卡...,307,意大利,28,台,44618,千克,1313872
84151022,制冷量＞4000大卡...,309,荷兰,12,台,2085,千克,152619
84152000,机动车辆上供人使用的...,305,法国,1,台,8,千克,261
84152000,机动车辆上供人使用的...,307,意大利,2,台,120,千克,4944
84152000,机动车辆上供人使用的...,312,西班牙,3502,台,25632,千克,701258
84152000,机动车辆上供人使用的...,327,波兰,7,台,1098,千克,55938
84152000,机动车辆上供人使用的...,410,巴西,48,台,984,千克,53247
84158110,装冷热换向阀空调器，...,307,意大利,6,台,150,千克,13400
84158120,装冷热换向阀空调器，...,307,意大利,8,台,2932,千克,74919
84158210,其他空气调节器，制冷...,307,意大利,1,台,30,千克,651
84158220,其他空气调节器，制冷...,118,科威特,7,台,3033,千克,5250
84158220,其他空气调节器，制冷...,501,加拿大,4,台,18060,千克,672485
84158300,未装有制冷装置的空气...,138,阿联酋,2,台,1200,千克,7360
84158300,未装有制冷装置的空气...,307,意大利,22,台,7125,千克,123122
84158300,未装有制冷装置的空气...,309,荷兰,1,台,17835,千克,375449
84158300,未装有制冷装置的空气...,312,西班牙,21,台,36,千克,16868
84159010,84151010、8...,129,菲律宾,37,千克,0,—,760
84159010,84151010、8...,138,阿联酋,19,千克,0,—,3453
84159010,84151010、8...,305,法国,5526,千克,0,—,545069
84159010,84151010、8...,307,意大利,7793,千克,0,—,64413
84159010,84151010、8...,309,荷兰,40,千克,0,—,6500
84159010,84151010、8...,312,西班牙,70,千克,0,—,2650
84159010,84151010、8...,315,奥地利,65,千克,0,—,4778
84159010,84151010、8...,318,芬兰,12,千克,0,—,130
84159010,84151010、8...,327,波兰,21,千克,0,—,837
84159010,84151010、8...,429,墨西哥,17,千克,0,—,28026
84159010,84151010、8...,501,加拿大,4,千克,0,—,615
84159090,84151022、8...,129,菲律宾,6162,千克,0,—,90569
84159090,84151022、8...,137,土耳其,36,千克,0,—,1159
84159090,84151022、8...,244,南非,42,千克,0,—,5444
84159090,84151022、8...,301,比利时,29,千克,0,—,889
84159090,84151022、8...,305,法国,3955,千克,0,—,245269
84159090,84151022、8...,306,爱尔兰,0,千克,0,—,2
84159090,84151022、8...,307,意大利,19097,千克,0,—,467665
84159090,84151022、8...,309,荷兰,1014,千克,0,—,87247
84159090,84151022、8...,312,西班牙,2615,千克,0,—,39787
84159090,84151022、8...,315,奥地利,4336,千克,0,—,370506
84159090,84151022、8...,316,保加利亚,0,千克,0,—,39
84159090,84151022、8...,321,匈牙利,1834,千克,0,—,68847
84159090,84151022、8...,326,挪威,516,千克,0,—,10843
84159090,84151022、8...,327,波兰,42328,千克,0,—,3135636
84159090,84151022、8...,350,斯洛文尼亚,1960,千克,0,—,40938
84159090,84151022、8...,410,巴西,38,千克,0,—,27361
84159090,84151022、8...,429,墨西哥,17004,千克,0,—,980528
84159090,84151022、8...,501,加拿大,2811,千克,0,—,54160
84161000,使用液体燃料的炉用燃...,305,法国,9890,千克,0,—,366606
84161000,使用液体燃料的炉用燃...,307,意大利,27560,千克,0,—,774972
84161000,使用液体燃料的炉用燃...,309,荷兰,114,千克,0,—,19941
84161000,使用液体燃料的炉用燃...,326,挪威,867,千克,0,—,29079
84162011,使用天然气的炉用燃烧...,301,比利时,2228,千克,0,—,223676
84162011,使用天然气的炉用燃烧...,305,法国,831,千克,0,—,151860
84162011,使用天然气的炉用燃烧...,307,意大利,183498,千克,0,—,6043441
84162011,使用天然气的炉用燃烧...,312,西班牙,3900,千克,0,—,64920
84162011,使用天然气的炉用燃烧...,315,奥地利,2815,千克,0,—,167466
84162011,使用天然气的炉用燃烧...,429,墨西哥,4890,千克,0,—,48354
84162019,使用其他气体燃料的炉...,315,奥地利,1422,千克,0,—,134730
84162019,使用其他气体燃料的炉...,501,加拿大,4123,千克,0,—,234840
84162090,使用粉状固体燃料的炉...,307,意大利,2338,千克,0,—,112529
84169000,品目8416的零件,301,比利时,301,千克,0,—,15011
84169000,品目8416的零件,305,法国,56,千克,0,—,2639
84169000,品目8416的零件,307,意大利,104123,千克,0,—,1366834
84169000,品目8416的零件,309,荷兰,2204,千克,0,—,959621
84169000,品目8416的零件,312,西班牙,1308,千克,0,—,43207
84169000,品目8416的零件,315,奥地利,1470,千克,0,—,177134
84169000,品目8416的零件,318,芬兰,22,千克,0,—,15752
84169000,品目8416的零件,321,匈牙利,136,千克,0,—,7523
84169000,品目8416的零件,326,挪威,10,千克,0,—,423
84169000,品目8416的零件,429,墨西哥,45,千克,0,—,6286
84169000,品目8416的零件,501,加拿大,2587,千克,0,—,414965
84172000,面包房用烤炉及烘箱，...,307,意大利,4,台,3050,千克,12552
84178090,未列名非电热的工业或...,307,意大利,15,台,2211,千克,57982
84179090,品目84.17其他设...,137,土耳其,9540,千克,0,—,103160
84179090,品目84.17其他设...,301,比利时,18,千克,0,—,531
84179090,品目84.17其他设...,305,法国,264,千克,0,—,79893
84179090,品目84.17其他设...,307,意大利,11889,千克,0,—,241905
84179090,品目84.17其他设...,312,西班牙,2,千克,0,—,1995
84179090,品目84.17其他设...,315,奥地利,14351,千克,0,—,159285
84179090,品目84.17其他设...,326,挪威,128,千克,0,—,3794
84181010,各自装门的冷藏-冷冻...,137,土耳其,2117,台,261250,千克,2173735
84181010,各自装门的冷藏-冷冻...,305,法国,1,台,71,千克,652
84181010,各自装门的冷藏-冷冻...,307,意大利,38,台,5308,千克,94213
84181010,各自装门的冷藏-冷冻...,312,西班牙,1,台,120,千克,795
84181010,各自装门的冷藏-冷冻...,315,奥地利,11,台,1775,千克,33116
84181020,200L＜容积≤50...,137,土耳其,839,台,84109,千克,735624
84181020,200L＜容积≤50...,305,法国,2,台,132,千克,1998
84181020,200L＜容积≤50...,307,意大利,721,台,45764,千克,351907
84181020,200L＜容积≤50...,315,奥地利,36,台,3972,千克,61524
84181020,200L＜容积≤50...,318,芬兰,4,台,217,千克,1800
84181020,200L＜容积≤50...,327,波兰,2,台,150,千克,1849
84181020,200L＜容积≤50...,350,斯洛文尼亚,4,台,364,千克,2390
84181020,200L＜容积≤50...,501,加拿大,1,台,35,千克,1358
84181030,容积≤200L的冷藏...,307,意大利,1,台,45,千克,815
84181030,容积≤200L的冷藏...,318,芬兰,3,台,65,千克,600
84182110,容积＞150L的压缩...,137,土耳其,157,台,21492,千克,354948
84182110,容积＞150L的压缩...,307,意大利,13,台,1985,千克,45627
84182110,容积＞150L的压缩...,312,西班牙,422,台,31231,千克,396685
84182110,容积＞150L的压缩...,315,奥地利,52,台,7064,千克,148785
84182110,容积＞150L的压缩...,316,保加利亚,456,台,34967,千克,311913
84182110,容积＞150L的压缩...,318,芬兰,2,台,253,千克,4700
84182120,50L＜容积≤150...,137,土耳其,5,台,167,千克,4570
84182120,50L＜容积≤150...,307,意大利,8,台,188,千克,7386
84182120,50L＜容积≤150...,312,西班牙,1,台,17,千克,130
84182120,50L＜容积≤150...,315,奥地利,267,台,12921,千克,375861
84182120,50L＜容积≤150...,321,匈牙利,10,台,270,千克,7408
84182130,容积≤50L的压缩式...,307,意大利,491,台,11979,千克,294597
84183010,T≤-40℃的柜式冷...,315,奥地利,5,台,462,千克,56449
84183021,T＞-40℃的柜式冷...,307,意大利,8,台,1063,千克,37814
84184021,T＞-40℃的立式冷...,307,意大利,1,台,176,千克,4374
84184021,T＞-40℃的立式冷...,309,荷兰,1,台,400,千克,15293
84184021,T＞-40℃的立式冷...,315,奥地利,8,台,1056,千克,17622
84184029,T＞-40℃的立式冷...,137,土耳其,89,台,7227,千克,82478
84184029,T＞-40℃的立式冷...,307,意大利,2,台,269,千克,8242
84184029,T＞-40℃的立式冷...,312,西班牙,298,台,22663,千克,273830
84184029,T＞-40℃的立式冷...,315,奥地利,10,台,860,千克,9146
84185000,用于存储和展示的其他...,137,土耳其,1,台,150,千克,2218
84185000,用于存储和展示的其他...,305,法国,3,台,276,千克,12537
84185000,用于存储和展示的其他...,307,意大利,51,台,6351,千克,301489
84185000,用于存储和展示的其他...,309,荷兰,3,台,1200,千克,49138
84185000,用于存储和展示的其他...,310,希腊,6,台,693,千克,47523
84185000,用于存储和展示的其他...,315,奥地利,189,台,12659,千克,226092
84185000,用于存储和展示的其他...,318,芬兰,1,台,123,千克,2500
84186120,压缩式热泵,305,法国,1,台,78,千克,2090
84186120,压缩式热泵,307,意大利,6,台,199,千克,4830
84186920,其他制冷机组,129,菲律宾,4,台,530,千克,41170
84186920,其他制冷机组,305,法国,2,台,605,千克,15965
84186920,其他制冷机组,307,意大利,5,台,2376,千克,104810
84186920,其他制冷机组,309,荷兰,1,台,365,千克,8400
84186920,其他制冷机组,310,希腊,1,台,190,千克,3444
84186920,其他制冷机组,315,奥地利,2,台,55,千克,3523
84186920,其他制冷机组,318,芬兰,1,台,1410,千克,804411
84186920,其他制冷机组,327,波兰,2,台,2916,千克,229307
84186920,其他制冷机组,429,墨西哥,59,台,4050,千克,57184
84186990,未列名制冷设备,305,法国,7,台,25711,千克,2986249
84186990,未列名制冷设备,307,意大利,572,台,43670,千克,1268259
84186990,未列名制冷设备,309,荷兰,4,台,7208,千克,589662
84186990,未列名制冷设备,312,西班牙,47,台,904,千克,16065
84186990,未列名制冷设备,315,奥地利,1,台,37,千克,9247
84186990,未列名制冷设备,318,芬兰,8,台,3977,千克,914575
84186990,未列名制冷设备,327,波兰,1,台,170,千克,5500
84186990,未列名制冷设备,429,墨西哥,30,台,3003,千克,86500
84186990,未列名制冷设备,501,加拿大,7,台,411,千克,83103
84189100,冷藏或冷冻设备专用的...,307,意大利,9334,千克,0,—,30543
84189910,制冷机组及热泵的零件,305,法国,3606,千克,0,—,59393
84189910,制冷机组及热泵的零件,306,爱尔兰,1512,千克,0,—,7613
84189910,制冷机组及热泵的零件,307,意大利,697,千克,0,—,14805
84189910,制冷机组及热泵的零件,312,西班牙,530,千克,0,—,6735
84189910,制冷机组及热泵的零件,315,奥地利,30167,千克,0,—,995781
84189910,制冷机组及热泵的零件,327,波兰,10,千克,0,—,335
84189910,制冷机组及热泵的零件,429,墨西哥,254,千克,0,—,20198
84189991,T≤-40℃的冷冻设...,307,意大利,0,千克,0,—,365
84189992,T＞-40℃，容积＞...,129,菲律宾,2594,千克,0,—,42644
84189992,T＞-40℃，容积＞...,137,土耳其,336,千克,0,—,1200
84189992,T＞-40℃，容积＞...,307,意大利,200,千克,0,—,1551
84189992,T＞-40℃，容积＞...,429,墨西哥,333,千克,0,—,9024
84189999,品目8418设备的未...,129,菲律宾,841,千克,0,—,16751
84189999,品目8418设备的未...,137,土耳其,1567,千克,0,—,31941
84189999,品目8418设备的未...,301,比利时,6,千克,0,—,1220
84189999,品目8418设备的未...,305,法国,12,千克,0,—,12188
84189999,品目8418设备的未...,307,意大利,7836,千克,0,—,383750
84189999,品目8418设备的未...,312,西班牙,160,千克,0,—,1668
84189999,品目8418设备的未...,315,奥地利,1195,千克,0,—,14825
84189999,品目8418设备的未...,316,保加利亚,1,千克,0,—,3
84189999,品目8418设备的未...,318,芬兰,0,千克,0,—,150
84189999,品目8418设备的未...,327,波兰,38,千克,0,—,1475
84189999,品目8418设备的未...,350,斯洛文尼亚,14876,千克,0,—,103705
84189999,品目8418设备的未...,408,玻利维亚,20,千克,0,—,817
84189999,品目8418设备的未...,429,墨西哥,6119,千克,0,—,201103
84189999,品目8418设备的未...,501,加拿大,47,千克,0,—,3068
84191100,燃气快速热水器,429,墨西哥,6,台,150,千克,1687
84191910,太阳能热水器,312,西班牙,3,台,285,千克,1998
84191990,其他非电热的快速热水...,307,意大利,3,台,220,千克,3321
84192000,医用或实验室用消毒器...,127,巴基斯坦,31,台,7,千克,81
84192000,医用或实验室用消毒器...,305,法国,6,台,7801,千克,915899
84192000,医用或实验室用消毒器...,307,意大利,20,台,19134,千克,1442202
84192000,医用或实验室用消毒器...,315,奥地利,3,台,30,千克,13473
84192000,医用或实验室用消毒器...,350,斯洛文尼亚,32,台,23547,千克,1631350
84192000,医用或实验室用消毒器...,501,加拿大,13,台,6257,千克,414263
84193200,木材、纸浆、纸或纸板...,307,意大利,1,台,10,千克,1288
84193200,木材、纸浆、纸或纸板...,318,芬兰,8,台,172640,千克,1616778
84193990,未列名干燥器,301,比利时,23,台,665,千克,49846
84193990,未列名干燥器,305,法国,115,台,493,千克,162930
84193990,未列名干燥器,307,意大利,43,台,111636,千克,6467773
84193990,未列名干燥器,309,荷兰,2,台,18990,千克,1171283
84193990,未列名干燥器,310,希腊,1,台,40,千克,548
84193990,未列名干燥器,312,西班牙,4,台,1210,千克,283533
84193990,未列名干燥器,318,芬兰,1,台,3,千克,1755
84193990,未列名干燥器,326,挪威,1,台,60,千克,1700
84193990,未列名干燥器,340,白俄罗斯,1,台,70,千克,5923
84193990,未列名干燥器,350,斯洛文尼亚,2,台,200,千克,10326
84193990,未列名干燥器,501,加拿大,1,台,6,千克,6971
84194020,精馏塔,138,阿联酋,2,台,91348,千克,1047000
84194090,其他蒸馏或精馏设备,301,比利时,1,台,620,千克,48142
84194090,其他蒸馏或精馏设备,307,意大利,5,台,20684,千克,1081431
84195000,热交换装置,129,菲律宾,3,台,96,千克,10308
84195000,热交换装置,137,土耳其,98,台,5605,千克,115945
84195000,热交换装置,301,比利时,145,台,14634,千克,902537
84195000,热交换装置,305,法国,3072,台,157370,千克,7431994
84195000,热交换装置,306,爱尔兰,1,台,0,千克,236
84195000,热交换装置,307,意大利,13512,台,88159,千克,2079870
84195000,热交换装置,309,荷兰,92,台,26030,千克,1168279
84195000,热交换装置,312,西班牙,5,台,1393,千克,63354
84195000,热交换装置,315,奥地利,3,台,667,千克,18804
84195000,热交换装置,318,芬兰,32,台,16223,千克,932977
84195000,热交换装置,321,匈牙利,1471,台,7789,千克,77978
84195000,热交换装置,326,挪威,2,台,9,千克,1039
84195000,热交换装置,327,波兰,35,台,4456,千克,338562
84195000,热交换装置,350,斯洛文尼亚,11,台,2193,千克,119713
84195000,热交换装置,410,巴西,21,台,393,千克,9120
84195000,热交换装置,429,墨西哥,267,台,9548,千克,722268
84195000,热交换装置,501,加拿大,12,台,551,千克,57731
84196090,未列名液化空气或其他...,326,挪威,1,台,3833,千克,229000
84198100,加工热饮料或烹调、加...,137,土耳其,6,台,282,千克,3745
84198100,加工热饮料或烹调、加...,305,法国,9,台,587,千克,30181
84198100,加工热饮料或烹调、加...,307,意大利,1893,台,97200,千克,6028671
84198100,加工热饮料或烹调、加...,309,荷兰,52,台,4505,千克,420993
84198100,加工热饮料或烹调、加...,312,西班牙,107,台,6418,千克,212898
84198100,加工热饮料或烹调、加...,315,奥地利,1,台,6,千克,393
84198100,加工热饮料或烹调、加...,318,芬兰,8,台,1708,千克,93416
84198100,加工热饮料或烹调、加...,327,波兰,1,台,1,千克,41
84198100,加工热饮料或烹调、加...,501,加拿大,46,台,16498,千克,405948
84198910,加氢反应器,305,法国,3,台,1559,千克,446980
84198990,未列名利用温度变化处...,129,菲律宾,1,台,0,千克,294
84198990,未列名利用温度变化处...,301,比利时,87,台,882,千克,84041
84198990,未列名利用温度变化处...,305,法国,702,台,14317,千克,1374093
84198990,未列名利用温度变化处...,306,爱尔兰,1,台,1,千克,1218
84198990,未列名利用温度变化处...,307,意大利,189,台,424460,千克,9147501
84198990,未列名利用温度变化处...,309,荷兰,10,台,1003,千克,404975
84198990,未列名利用温度变化处...,312,西班牙,185,台,696,千克,29333
84198990,未列名利用温度变化处...,315,奥地利,131,台,407978,千克,6901317
84198990,未列名利用温度变化处...,321,匈牙利,34,台,596,千克,77673
84198990,未列名利用温度变化处...,326,挪威,82,台,6483,千克,57950
84198990,未列名利用温度变化处...,327,波兰,161,台,961,千克,43669
84198990,未列名利用温度变化处...,350,斯洛文尼亚,2,台,21,千克,525
84198990,未列名利用温度变化处...,429,墨西哥,70,台,526,千克,38310
84198990,未列名利用温度变化处...,501,加拿大,8,台,4036,千克,150709
84199010,热水器零件,305,法国,535,千克,0,—,16338
84199010,热水器零件,307,意大利,1177,千克,0,—,42441
84199010,热水器零件,309,荷兰,20,千克,0,—,556
84199010,热水器零件,312,西班牙,60,千克,0,—,40488
84199010,热水器零件,326,挪威,6,千克,0,—,1683
84199010,热水器零件,429,墨西哥,29,千克,0,—,1652
84199090,品目8419其他设备...,129,菲律宾,101,千克,0,—,82630
84199090,品目8419其他设备...,137,土耳其,9,千克,0,—,5646
84199090,品目8419其他设备...,301,比利时,144,千克,0,—,26024
84199090,品目8419其他设备...,305,法国,15989,千克,0,—,1131569
84199090,品目8419其他设备...,306,爱尔兰,1,千克,0,—,119
84199090,品目8419其他设备...,307,意大利,167926,千克,0,—,4626922
84199090,品目8419其他设备...,309,荷兰,2550,千克,0,—,166601
84199090,品目8419其他设备...,310,希腊,39,千克,0,—,3692
84199090,品目8419其他设备...,312,西班牙,331,千克,0,—,11557
84199090,品目8419其他设备...,315,奥地利,12731,千克,0,—,622623
84199090,品目8419其他设备...,318,芬兰,41439,千克,0,—,486591
84199090,品目8419其他设备...,321,匈牙利,47,千克,0,—,4041
84199090,品目8419其他设备...,326,挪威,4,千克,0,—,5186
84199090,品目8419其他设备...,327,波兰,470,千克,0,—,20465
84199090,品目8419其他设备...,429,墨西哥,2174,千克,0,—,106794
84199090,品目8419其他设备...,501,加拿大,2896,千克,0,—,873096
84201000,砑光机或其他滚压机器,307,意大利,3,台,17165,千克,522193
84201000,砑光机或其他滚压机器,310,希腊,1,台,280,千克,9238
84201000,砑光机或其他滚压机器,312,西班牙,1,台,290,千克,45221
84201000,砑光机或其他滚压机器,429,墨西哥,4,台,474,千克,28856
84201000,砑光机或其他滚压机器,501,加拿大,1,台,2059,千克,110893
84209100,滚筒,305,法国,6,个,159,千克,11164
84209100,滚筒,307,意大利,7,个,1451,千克,50739
84209100,滚筒,318,芬兰,17,个,527886,千克,9271594
84209900,砑光机或其他滚压机器...,301,比利时,1,千克,0,—,1879
84209900,砑光机或其他滚压机器...,307,意大利,6743,千克,0,—,95947
84209900,砑光机或其他滚压机器...,315,奥地利,398,千克,0,—,25107
84209900,砑光机或其他滚压机器...,318,芬兰,1241,千克,0,—,49667
84211290,干衣量＞10公斤的干...,307,意大利,1,台,295,千克,22689
84211290,干衣量＞10公斤的干...,350,斯洛文尼亚,3,台,170,千克,4548
84211910,脱水机,327,波兰,4,台,32,千克,2833
84211920,固液分离机,307,意大利,6,台,7993,千克,218156
84211920,固液分离机,315,奥地利,3,台,2934,千克,102592
84211920,固液分离机,327,波兰,7,台,5774,千克,278545
84211990,未列名离心机，包括离...,301,比利时,101,台,106,千克,5361
84211990,未列名离心机，包括离...,305,法国,21,台,207,千克,9791
84211990,未列名离心机，包括离...,307,意大利,21,台,215,千克,83840
84211990,未列名离心机，包括离...,309,荷兰,1,台,855,千克,33517
84211990,未列名离心机，包括离...,312,西班牙,20,台,233,千克,48600
84211990,未列名离心机，包括离...,315,奥地利,1,台,1,千克,452
84211990,未列名离心机，包括离...,318,芬兰,3,台,900,千克,137498
84211990,未列名离心机，包括离...,327,波兰,1,台,198,千克,9225
84211990,未列名离心机，包括离...,429,墨西哥,1028,台,7143,千克,153453
84211990,未列名离心机，包括离...,501,加拿大,2,台,40,千克,111939
84212110,家用型水的过滤、净化...,137,土耳其,47,台,447,千克,8943
84212110,家用型水的过滤、净化...,301,比利时,675,台,13205,千克,247617
84212110,家用型水的过滤、净化...,305,法国,11,台,3,千克,341
84212110,家用型水的过滤、净化...,307,意大利,5541,台,10424,千克,210000
84212110,家用型水的过滤、净化...,309,荷兰,8,台,5,千克,312
84212110,家用型水的过滤、净化...,312,西班牙,1,台,0,千克,14
84212110,家用型水的过滤、净化...,315,奥地利,443,台,289,千克,31179
84212110,家用型水的过滤、净化...,321,匈牙利,4,台,3,千克,94
84212110,家用型水的过滤、净化...,327,波兰,544,台,986,千克,23766
84212110,家用型水的过滤、净化...,429,墨西哥,6641,台,3549,千克,168141
84212110,家用型水的过滤、净化...,625,瓦利斯和富图纳,1,台,1,千克,310
84212191,船舶压载水处理设备,305,法国,3,台,14467,千克,839091
84212191,船舶压载水处理设备,309,荷兰,1,台,1515,千克,107254
84212191,船舶压载水处理设备,310,希腊,6,台,19516,千克,1525332
84212191,船舶压载水处理设备,326,挪威,1,台,1646,千克,160515
84212199,其他非家用型水的过滤...,129,菲律宾,12,台,41,千克,10688
84212199,其他非家用型水的过滤...,137,土耳其,5,台,49,千克,2198
84212199,其他非家用型水的过滤...,138,阿联酋,256,台,20480,千克,288613
84212199,其他非家用型水的过滤...,301,比利时,25,台,307,千克,10387
84212199,其他非家用型水的过滤...,305,法国,1034,台,16496,千克,1931896
84212199,其他非家用型水的过滤...,306,爱尔兰,7,台,1,千克,510
84212199,其他非家用型水的过滤...,307,意大利,4392,台,147479,千克,1886795
84212199,其他非家用型水的过滤...,309,荷兰,122,台,4499,千克,246673
84212199,其他非家用型水的过滤...,310,希腊,3,台,3660,千克,8331
84212199,其他非家用型水的过滤...,312,西班牙,18,台,6435,千克,210677
84212199,其他非家用型水的过滤...,315,奥地利,2,台,0,千克,22
84212199,其他非家用型水的过滤...,321,匈牙利,64,台,66055,千克,2736434
84212199,其他非家用型水的过滤...,327,波兰,9,台,394,千克,7708
84212199,其他非家用型水的过滤...,350,斯洛文尼亚,4,台,137,千克,3069
84212199,其他非家用型水的过滤...,429,墨西哥,4845,台,3635,千克,53361
84212199,其他非家用型水的过滤...,501,加拿大,25,台,81168,千克,908767
84212200,过滤或净化饮料用的机...,305,法国,80,台,202,千克,19129
84212200,过滤或净化饮料用的机...,306,爱尔兰,7,台,0,千克,133
84212200,过滤或净化饮料用的机...,307,意大利,21,台,1792,千克,103247
84212200,过滤或净化饮料用的机...,321,匈牙利,57,台,51,千克,4286
84212300,内燃发动机的过滤器,129,菲律宾,693,个,541,千克,24917
84212300,内燃发动机的过滤器,137,土耳其,11458,个,12809,千克,450747
84212300,内燃发动机的过滤器,138,阿联酋,34,个,95,千克,1139
84212300,内燃发动机的过滤器,301,比利时,6,个,8,千克,118
84212300,内燃发动机的过滤器,305,法国,21024,个,12014,千克,412867
84212300,内燃发动机的过滤器,307,意大利,4942,个,4637,千克,196725
84212300,内燃发动机的过滤器,310,希腊,1,个,21,千克,1414
84212300,内燃发动机的过滤器,312,西班牙,25,个,3,千克,818
84212300,内燃发动机的过滤器,315,奥地利,39958,个,7573,千克,495162
84212300,内燃发动机的过滤器,316,保加利亚,3748,个,700,千克,28674
84212300,内燃发动机的过滤器,318,芬兰,913,个,1095,千克,14974
84212300,内燃发动机的过滤器,321,匈牙利,86,个,29,千克,3551
84212300,内燃发动机的过滤器,326,挪威,6,个,5,千克,1257
84212300,内燃发动机的过滤器,327,波兰,15456,个,9150,千克,163037
84212300,内燃发动机的过滤器,350,斯洛文尼亚,545,个,327,千克,25623
84212300,内燃发动机的过滤器,410,巴西,72,个,49,千克,3869
84212300,内燃发动机的过滤器,415,哥斯达黎加,2,个,1,千克,39
84212300,内燃发动机的过滤器,429,墨西哥,112424,个,96098,千克,1126631
84212300,内燃发动机的过滤器,501,加拿大,239,个,91,千克,7692
84212910,压滤机,307,意大利,3,个,4320,千克,89754
84212910,压滤机,309,荷兰,3,个,2150,千克,139449
84212990,未列名液体过滤、净化...,108,塞浦路斯,51,个,25,千克,501
84212990,未列名液体过滤、净化...,129,菲律宾,11325,个,21563,千克,399946
84212990,未列名液体过滤、净化...,137,土耳其,2710,个,1310,千克,33313
84212990,未列名液体过滤、净化...,138,阿联酋,2,个,350,千克,24376
84212990,未列名液体过滤、净化...,244,南非,1,个,28,千克,2956
84212990,未列名液体过滤、净化...,301,比利时,387,个,375,千克,10411
84212990,未列名液体过滤、净化...,305,法国,148352,个,43886,千克,4331887
84212990,未列名液体过滤、净化...,306,爱尔兰,1127468,个,7758,千克,1855493
84212990,未列名液体过滤、净化...,307,意大利,822358,个,191798,千克,5628074
84212990,未列名液体过滤、净化...,309,荷兰,833,个,4433,千克,307582
84212990,未列名液体过滤、净化...,310,希腊,1,个,1,千克,37
84212990,未列名液体过滤、净化...,312,西班牙,61371,个,16903,千克,1149920
84212990,未列名液体过滤、净化...,315,奥地利,339,个,2262,千克,169019
84212990,未列名液体过滤、净化...,318,芬兰,153989,个,4831,千克,106105
84212990,未列名液体过滤、净化...,321,匈牙利,24019,个,346,千克,19739
84212990,未列名液体过滤、净化...,326,挪威,19,个,46550,千克,1362976
84212990,未列名液体过滤、净化...,327,波兰,82155,个,6449,千克,123576
84212990,未列名液体过滤、净化...,350,斯洛文尼亚,231,个,483,千克,13606
84212990,未列名液体过滤、净化...,410,巴西,26,个,28,千克,373
84212990,未列名液体过滤、净化...,429,墨西哥,213829,个,65368,千克,1145293
84212990,未列名液体过滤、净化...,435,波多黎各,1552,个,2,千克,6114
84212990,未列名液体过滤、净化...,501,加拿大,41,个,4610,千克,543987
84213100,内燃发动机的进气过滤...,129,菲律宾,1992,个,511,千克,16531
84213100,内燃发动机的进气过滤...,137,土耳其,5550,个,2570,千克,35078
84213100,内燃发动机的进气过滤...,301,比利时,50,个,51,千克,3867
84213100,内燃发动机的进气过滤...,305,法国,5369,个,4785,千克,92357
84213100,内燃发动机的进气过滤...,307,意大利,4176,个,2539,千克,161574
84213100,内燃发动机的进气过滤...,309,荷兰,20,个,4,千克,47
84213100,内燃发动机的进气过滤...,312,西班牙,80,个,216,千克,5005
84213100,内燃发动机的进气过滤...,315,奥地利,12018,个,5805,千克,90438
84213100,内燃发动机的进气过滤...,316,保加利亚,30,个,5,千克,156
84213100,内燃发动机的进气过滤...,318,芬兰,6,个,21,千克,1074
84213100,内燃发动机的进气过滤...,321,匈牙利,177,个,414,千克,20004
84213100,内燃发动机的进气过滤...,327,波兰,30915,个,1147,千克,18125
84213100,内燃发动机的进气过滤...,410,巴西,2,个,3,千克,116
84213100,内燃发动机的进气过滤...,429,墨西哥,6687,个,34482,千克,583371
84213100,内燃发动机的进气过滤...,501,加拿大,20,个,40,千克,2614
84213910,家用型气体的过滤、净...,129,菲律宾,8,个,40,千克,3353
84213910,家用型气体的过滤、净...,307,意大利,3907,个,3267,千克,110867
84213910,家用型气体的过滤、净...,309,荷兰,17,个,1572,千克,47410
84213910,家用型气体的过滤、净...,315,奥地利,8,个,24,千克,7229
84213910,家用型气体的过滤、净...,327,波兰,1035,个,502,千克,36761
84213922,工业用袋式除尘器,307,意大利,1,个,11515,千克,103588
84213923,工业用旋风式除尘器,312,西班牙,1,个,11,千克,1198
84213929,其他工业用除尘器,301,比利时,6,个,876,千克,244231
84213929,其他工业用除尘器,305,法国,12,个,220,千克,27192
84213929,其他工业用除尘器,307,意大利,23,个,412,千克,9093
84213929,其他工业用除尘器,501,加拿大,2,个,1,千克,92
84213930,内燃发动机排气过滤及...,137,土耳其,34,个,30,千克,769
84213930,内燃发动机排气过滤及...,244,南非,160,个,442,千克,16034
84213930,内燃发动机排气过滤及...,301,比利时,2,个,35,千克,3053
84213930,内燃发动机排气过滤及...,305,法国,91,个,79,千克,6347
84213930,内燃发动机排气过滤及...,307,意大利,2825,个,11502,千克,554494
84213930,内燃发动机排气过滤及...,309,荷兰,8,个,41061,千克,4936670
84213930,内燃发动机排气过滤及...,312,西班牙,322,个,33,千克,2450
84213930,内燃发动机排气过滤及...,315,奥地利,41,个,6,千克,493
84213930,内燃发动机排气过滤及...,318,芬兰,7,个,21642,千克,614080
84213930,内燃发动机排气过滤及...,327,波兰,27,个,7,千克,639
84213930,内燃发动机排气过滤及...,429,墨西哥,9236,个,47274,千克,2135591
84213930,内燃发动机排气过滤及...,501,加拿大,621,个,6220,千克,164943
84213940,烟气脱硫装置,318,芬兰,1,个,21898,千克,938480
84213940,烟气脱硫装置,501,加拿大,515,个,616,千克,10300
84213950,烟气脱硝装置,315,奥地利,3168,个,30600,千克,272578
84213990,其他非家用型气体的过...,108,塞浦路斯,2,个,1,千克,28
84213990,其他非家用型气体的过...,129,菲律宾,1980,个,511,千克,28666
84213990,其他非家用型气体的过...,137,土耳其,13923,个,1640,千克,79953
84213990,其他非家用型气体的过...,138,阿联酋,2,个,32412,千克,342251
84213990,其他非家用型气体的过...,244,南非,647,个,122,千克,8307
84213990,其他非家用型气体的过...,301,比利时,184,个,7724,千克,457401
84213990,其他非家用型气体的过...,305,法国,6365,个,4627,千克,352679
84213990,其他非家用型气体的过...,306,爱尔兰,1926,个,1747,千克,325749
84213990,其他非家用型气体的过...,307,意大利,275580,个,75970,千克,3810775
84213990,其他非家用型气体的过...,309,荷兰,5129,个,4681,千克,1193335
84213990,其他非家用型气体的过...,312,西班牙,159,个,463,千克,20323
84213990,其他非家用型气体的过...,315,奥地利,563,个,1383,千克,1298246
84213990,其他非家用型气体的过...,318,芬兰,43,个,27,千克,2281
84213990,其他非家用型气体的过...,321,匈牙利,4044,个,3372,千克,149972
84213990,其他非家用型气体的过...,326,挪威,20,个,45881,千克,2117159
84213990,其他非家用型气体的过...,327,波兰,58016,个,31210,千克,906198
84213990,其他非家用型气体的过...,336,立陶宛,47020,个,3378,千克,77076
84213990,其他非家用型气体的过...,350,斯洛文尼亚,403,个,1551,千克,62835
84213990,其他非家用型气体的过...,410,巴西,176,个,33,千克,1081
84213990,其他非家用型气体的过...,429,墨西哥,47044,个,21421,千克,1888825
84213990,其他非家用型气体的过...,435,波多黎各,1714,个,209,千克,42253
84213990,其他非家用型气体的过...,501,加拿大,501,个,273,千克,54253
84219110,干衣量≤10公斤的干...,137,土耳其,9,千克,0,—,61
84219110,干衣量≤10公斤的干...,307,意大利,24,千克,0,—,309
84219190,其他离心机（包括离心...,137,土耳其,146,千克,0,—,9228
84219190,其他离心机（包括离心...,305,法国,738,千克,0,—,74875
84219190,其他离心机（包括离心...,306,爱尔兰,66,千克,0,—,23803
84219190,其他离心机（包括离心...,307,意大利,1319,千克,0,—,343520
84219190,其他离心机（包括离心...,309,荷兰,204,千克,0,—,3898
84219190,其他离心机（包括离心...,310,希腊,2,千克,0,—,7540
84219190,其他离心机（包括离心...,312,西班牙,1622,千克,0,—,172368
84219190,其他离心机（包括离心...,315,奥地利,91,千克,0,—,11492
84219190,其他离心机（包括离心...,318,芬兰,114,千克,0,—,9101
84219190,其他离心机（包括离心...,321,匈牙利,0,千克,0,—,14
84219190,其他离心机（包括离心...,327,波兰,992,千克,0,—,34920
84219190,其他离心机（包括离心...,429,墨西哥,4,千克,0,—,724
84219190,其他离心机（包括离心...,501,加拿大,26,千克,0,—,12062
84219910,家用型过滤、净化装置...,137,土耳其,44,千克,0,—,3971
84219910,家用型过滤、净化装置...,305,法国,355,千克,0,—,28629
84219910,家用型过滤、净化装置...,307,意大利,2555,千克,0,—,56049
84219910,家用型过滤、净化装置...,309,荷兰,3,千克,0,—,243
84219910,家用型过滤、净化装置...,315,奥地利,4421,千克,0,—,74385
84219910,家用型过滤、净化装置...,350,斯洛文尼亚,39,千克,0,—,1923
84219910,家用型过滤、净化装置...,429,墨西哥,35433,千克,0,—,772846
84219910,家用型过滤、净化装置...,501,加拿大,51265,千克,0,—,512707
84219990,品目8421未列名机...,129,菲律宾,39965,千克,0,—,541385
84219990,品目8421未列名机...,137,土耳其,15690,千克,0,—,117685
84219990,品目8421未列名机...,138,阿联酋,8,千克,0,—,152
84219990,品目8421未列名机...,244,南非,1,千克,0,—,228
84219990,品目8421未列名机...,301,比利时,3370,千克,0,—,191017
84219990,品目8421未列名机...,305,法国,39050,千克,0,—,3887706
84219990,品目8421未列名机...,306,爱尔兰,2678,千克,0,—,176083
84219990,品目8421未列名机...,307,意大利,103656,千克,0,—,3035945
84219990,品目8421未列名机...,309,荷兰,96409,千克,0,—,2925265
84219990,品目8421未列名机...,310,希腊,13045,千克,0,—,706430
84219990,品目8421未列名机...,312,西班牙,7224,千克,0,—,102925
84219990,品目8421未列名机...,315,奥地利,30667,千克,0,—,2409089
84219990,品目8421未列名机...,316,保加利亚,67,千克,0,—,1361
84219990,品目8421未列名机...,318,芬兰,213,千克,0,—,23550
84219990,品目8421未列名机...,321,匈牙利,5439,千克,0,—,188864
84219990,品目8421未列名机...,326,挪威,160,千克,0,—,31007
84219990,品目8421未列名机...,327,波兰,33393,千克,0,—,699694
84219990,品目8421未列名机...,336,立陶宛,2,千克,0,—,210
84219990,品目8421未列名机...,350,斯洛文尼亚,1037,千克,0,—,76317
84219990,品目8421未列名机...,410,巴西,725,千克,0,—,16799
84219990,品目8421未列名机...,429,墨西哥,56726,千克,0,—,1466582
84219990,品目8421未列名机...,431,尼加拉瓜,10,千克,0,—,101
84219990,品目8421未列名机...,435,波多黎各,9,千克,0,—,7888
84219990,品目8421未列名机...,501,加拿大,112820,千克,0,—,867135
84221100,家用型洗碟机,137,土耳其,216,台,8381,千克,49101
84221100,家用型洗碟机,305,法国,4,台,220,千克,2651
84221100,家用型洗碟机,307,意大利,1107,台,42437,千克,461211
84221100,家用型洗碟机,312,西班牙,7920,台,196055,千克,3374910
84221100,家用型洗碟机,327,波兰,87,台,3500,千克,20167
84221100,家用型洗碟机,350,斯洛文尼亚,131,台,5742,千克,54154
84221900,非家用型洗碟机,307,意大利,207,台,11934,千克,208746
84221900,非家用型洗碟机,310,希腊,4,台,280,千克,8384
84221900,非家用型洗碟机,318,芬兰,2,台,190,千克,6800
84221900,非家用型洗碟机,501,加拿大,1,台,290,千克,10331
84222000,瓶子或其他容器的洗涤...,307,意大利,1,台,1774,千克,99468
84222000,瓶子或其他容器的洗涤...,309,荷兰,2,台,7380,千克,428284
84222000,瓶子或其他容器的洗涤...,501,加拿大,1,台,1245,千克,217745
84223010,饮料及液体食品罐装设...,305,法国,1,台,1628,千克,219652
84223010,饮料及液体食品罐装设...,307,意大利,16,台,187684,千克,11793207
84223030,其他灌装机、包装机,137,土耳其,2,台,12,千克,549
84223030,其他灌装机、包装机,307,意大利,2,台,3500,千克,268516
84223030,其他灌装机、包装机,309,荷兰,2,台,19938,千克,1080219
84223030,其他灌装机、包装机,312,西班牙,3,台,15765,千克,2301086
84223030,其他灌装机、包装机,501,加拿大,1,台,2,千克,196
84223090,其他容器装封、贴标签...,301,比利时,1,台,115,千克,159029
84223090,其他容器装封、贴标签...,305,法国,25,台,1119,千克,218321
84223090,其他容器装封、贴标签...,307,意大利,19,台,34632,千克,6517066
84223090,其他容器装封、贴标签...,309,荷兰,1,台,90,千克,36568
84223090,其他容器装封、贴标签...,312,西班牙,6,台,3840,千克,587662
84223090,其他容器装封、贴标签...,316,保加利亚,1,台,6850,千克,773609
84224000,其他包装或打包机器（...,305,法国,15,台,8860,千克,945022
84224000,其他包装或打包机器（...,306,爱尔兰,1,台,256,千克,8600
84224000,其他包装或打包机器（...,307,意大利,108,台,93484,千克,7864497
84224000,其他包装或打包机器（...,309,荷兰,6,台,21340,千克,1885075
84224000,其他包装或打包机器（...,312,西班牙,2,台,6295,千克,237839
84224000,其他包装或打包机器（...,316,保加利亚,1,台,19858,千克,5606507
84224000,其他包装或打包机器（...,318,芬兰,3,台,6955,千克,309277
84224000,其他包装或打包机器（...,350,斯洛文尼亚,50,台,272,千克,4125
84229010,洗碟机零件,137,土耳其,303,千克,0,—,3688
84229010,洗碟机零件,307,意大利,36742,千克,0,—,527787
84229010,洗碟机零件,312,西班牙,411,千克,0,—,6139
84229010,洗碟机零件,315,奥地利,1011,千克,0,—,36109
84229010,洗碟机零件,318,芬兰,55,千克,0,—,13500
84229010,洗碟机零件,327,波兰,19152,千克,0,—,212043
84229010,洗碟机零件,350,斯洛文尼亚,706,千克,0,—,33521
84229020,饮料及液体食品罐装设...,301,比利时,27,千克,0,—,5414
84229020,饮料及液体食品罐装设...,305,法国,157,千克,0,—,66727
84229020,饮料及液体食品罐装设...,307,意大利,1164,千克,0,—,599307
84229020,饮料及液体食品罐装设...,309,荷兰,0,千克,0,—,423
84229020,饮料及液体食品罐装设...,312,西班牙,6,千克,0,—,305
84229020,饮料及液体食品罐装设...,315,奥地利,2711,千克,0,—,446263
84229020,饮料及液体食品罐装设...,316,保加利亚,0,千克,0,—,28
84229020,饮料及液体食品罐装设...,321,匈牙利,14,千克,0,—,1065
84229020,饮料及液体食品罐装设...,326,挪威,15,千克,0,—,291
84229020,饮料及液体食品罐装设...,327,波兰,9,千克,0,—,2946
84229020,饮料及液体食品罐装设...,429,墨西哥,1,千克,0,—,751
84229090,品目8422其他机器...,129,菲律宾,0,千克,0,—,2689
84229090,品目8422其他机器...,301,比利时,27,千克,0,—,41746
84229090,品目8422其他机器...,305,法国,356,千克,0,—,158091
84229090,品目8422其他机器...,307,意大利,20309,千克,0,—,2273176
84229090,品目8422其他机器...,309,荷兰,2279,千克,0,—,255347
84229090,品目8422其他机器...,312,西班牙,200,千克,0,—,38519
84229090,品目8422其他机器...,315,奥地利,138,千克,0,—,40950
84229090,品目8422其他机器...,316,保加利亚,13,千克,0,—,2272
84229090,品目8422其他机器...,318,芬兰,13,千克,0,—,4731
84229090,品目8422其他机器...,321,匈牙利,6,千克,0,—,2305
84229090,品目8422其他机器...,327,波兰,146,千克,0,—,41941
84229090,品目8422其他机器...,336,立陶宛,2,千克,0,—,101
84229090,品目8422其他机器...,350,斯洛文尼亚,5,千克,0,—,1702
84229090,品目8422其他机器...,410,巴西,1,千克,0,—,235
84229090,品目8422其他机器...,429,墨西哥,16,千克,0,—,17974
84229090,品目8422其他机器...,501,加拿大,504,千克,0,—,214522
84231000,体重计，包括婴儿秤；...,307,意大利,5,台,29,千克,733
84232010,电子皮带秤,244,南非,1,台,480,千克,12246
84232010,电子皮带秤,305,法国,6,台,6,千克,680
84232010,电子皮带秤,307,意大利,1,台,648,千克,79626
84232010,电子皮带秤,318,芬兰,2,台,230,千克,14317
84232090,其他输送带上连续称货...,307,意大利,1,台,240,千克,134197
84232090,其他输送带上连续称货...,501,加拿大,11,台,431,千克,14622
84233010,定量包装秤,318,芬兰,1,台,1,千克,654
84233030,配料秤,305,法国,1,台,3799,千克,54550
84233030,配料秤,307,意大利,100,台,37787,千克,1799440
84233090,其他恒定秤、物料定量...,307,意大利,4,台,880,千克,107390
84238120,弹簧秤,307,意大利,4,台,16,千克,506
84238190,未列名衡器，最大称量...,306,爱尔兰,1,台,1084,千克,85054
84238190,未列名衡器，最大称量...,307,意大利,16,台,18,千克,7680
84238190,未列名衡器，最大称量...,309,荷兰,12,台,84,千克,77583
84238190,未列名衡器，最大称量...,312,西班牙,5,台,80,千克,3840
84238190,未列名衡器，最大称量...,327,波兰,3,台,26,千克,9499
84238190,未列名衡器，最大称量...,429,墨西哥,2,台,12,千克,626
84238210,地中衡,307,意大利,34,台,1860,千克,24493
84238210,地中衡,501,加拿大,1,台,2,千克,224
84238290,未列名衡器，30kg...,305,法国,1,台,1,千克,256
84238290,未列名衡器，30kg...,307,意大利,17,台,90,千克,6861
84238290,未列名衡器，30kg...,309,荷兰,501,台,151,千克,18425
84238290,未列名衡器，30kg...,312,西班牙,1,台,1,千克,508
84238290,未列名衡器，30kg...,327,波兰,3,台,22,千克,5817
84238990,未列名最大称量＞50...,307,意大利,60,台,678,千克,8279
84238990,未列名最大称量＞50...,318,芬兰,73,台,1866,千克,4270
84239000,衡器用的各种砝码、秤...,137,土耳其,88,千克,49,台,15582
84239000,衡器用的各种砝码、秤...,244,南非,120,千克,1,台,80
84239000,衡器用的各种砝码、秤...,305,法国,203,千克,242,台,43863
84239000,衡器用的各种砝码、秤...,307,意大利,506,千克,4221,台,121928
84239000,衡器用的各种砝码、秤...,309,荷兰,134,千克,201,台,13371
84239000,衡器用的各种砝码、秤...,312,西班牙,1791,千克,13336,台,265876
84239000,衡器用的各种砝码、秤...,315,奥地利,99,千克,784,台,94068
84239000,衡器用的各种砝码、秤...,318,芬兰,129,千克,4974,台,5739
84239000,衡器用的各种砝码、秤...,321,匈牙利,2120,千克,110,台,51858
84239000,衡器用的各种砝码、秤...,327,波兰,0,千克,2,台,42
84239000,衡器用的各种砝码、秤...,429,墨西哥,6,千克,2,台,1871
84241000,灭火器，不论是否装药,305,法国,165,个,2195,千克,11055
84241000,灭火器，不论是否装药,307,意大利,6,个,592,千克,1588
84241000,灭火器，不论是否装药,312,西班牙,1,个,2,千克,389
84241000,灭火器，不论是否装药,340,白俄罗斯,196,个,3303,千克,38160
84241000,灭火器，不论是否装药,501,加拿大,1,个,5,千克,8003
84242000,喷枪及类似器具,301,比利时,14423,个,136,千克,17349
84242000,喷枪及类似器具,305,法国,1314,个,1377,千克,173912
84242000,喷枪及类似器具,307,意大利,5140,个,1646,千克,145592
84242000,喷枪及类似器具,309,荷兰,502,个,558,千克,173306
84242000,喷枪及类似器具,312,西班牙,102,个,14,千克,3666
84242000,喷枪及类似器具,315,奥地利,37,个,199,千克,29848
84242000,喷枪及类似器具,318,芬兰,1,个,120,千克,10821
84242000,喷枪及类似器具,321,匈牙利,34,个,0,千克,485
84242000,喷枪及类似器具,326,挪威,6,个,781,千克,59560
84242000,喷枪及类似器具,327,波兰,8,个,8,千克,372
84242000,喷枪及类似器具,336,立陶宛,1245,个,273,千克,7577
84242000,喷枪及类似器具,350,斯洛文尼亚,478,个,5830,千克,41855
84242000,喷枪及类似器具,501,加拿大,14,个,1610,千克,33421
84243000,喷汽机、喷砂机及类似...,129,菲律宾,2,台,4220,千克,120741
84243000,喷汽机、喷砂机及类似...,301,比利时,2,台,44,千克,979
84243000,喷汽机、喷砂机及类似...,305,法国,101,台,16306,千克,1225257
84243000,喷汽机、喷砂机及类似...,307,意大利,179,台,22735,千克,287768
84243000,喷汽机、喷砂机及类似...,309,荷兰,15,台,12482,千克,567169
84243000,喷汽机、喷砂机及类似...,321,匈牙利,78,台,8343,千克,102491
84243000,喷汽机、喷砂机及类似...,501,加拿大,5,台,36,千克,13697
84244100,便携式农业或园艺用喷...,410,巴西,120,台,1572,千克,36541
84244900,其他农业或园艺用喷雾...,137,土耳其,1,台,838,千克,31757
84244900,其他农业或园艺用喷雾...,309,荷兰,2,台,1878,千克,274112
84244900,其他农业或园艺用喷雾...,429,墨西哥,105720,台,29906,千克,541463
84248200,农业或园艺用液体或粉...,312,西班牙,1,台,260,千克,4562
84248200,农业或园艺用液体或粉...,429,墨西哥,51294,台,7817,千克,187303
84248910,家用液体或粉末的喷射...,305,法国,6,台,13,千克,3656
84248910,家用液体或粉末的喷射...,307,意大利,993,台,12817,千克,89578
84248910,家用液体或粉末的喷射...,321,匈牙利,1,台,7,千克,186
84248910,家用液体或粉末的喷射...,327,波兰,32,台,45,千克,2859
84248920,喷涂机器人,305,法国,1,台,330,千克,57541
84248991,船用洗舱机,309,荷兰,4,台,340,千克,7242
84248991,船用洗舱机,321,匈牙利,2,台,88,千克,3110
84248991,船用洗舱机,326,挪威,1,台,154,千克,8389
84248999,未列名液体或粉末的喷...,137,土耳其,5975,台,1854,千克,262965
84248999,未列名液体或粉末的喷...,301,比利时,5,台,11988,千克,1037234
84248999,未列名液体或粉末的喷...,305,法国,263,台,7601,千克,1033350
84248999,未列名液体或粉末的喷...,307,意大利,22972,台,88015,千克,2345291
84248999,未列名液体或粉末的喷...,309,荷兰,16,台,2024,千克,365155
84248999,未列名液体或粉末的喷...,312,西班牙,43,台,3238,千克,270436
84248999,未列名液体或粉末的喷...,315,奥地利,4,台,4097,千克,319467
84248999,未列名液体或粉末的喷...,318,芬兰,8,台,561,千克,13650
84248999,未列名液体或粉末的喷...,321,匈牙利,768,台,720,千克,14607
84248999,未列名液体或粉末的喷...,327,波兰,27,台,3695,千克,352287
84248999,未列名液体或粉末的喷...,429,墨西哥,3,台,2,千克,122
84248999,未列名液体或粉末的喷...,501,加拿大,141,台,1998,千克,431931
84249010,灭火器的零件,305,法国,25,千克,0,—,601
84249010,灭火器的零件,307,意大利,1297,千克,0,—,27023
84249010,灭火器的零件,501,加拿大,0,千克,0,—,479
84249020,家用液体或粉末喷射、...,305,法国,525,千克,0,—,16769
84249020,家用液体或粉末喷射、...,307,意大利,30223,千克,0,—,326330
84249020,家用液体或粉末喷射、...,429,墨西哥,2315,千克,0,—,21226
84249090,品目8424其他机器...,129,菲律宾,240,千克,0,—,40589
84249090,品目8424其他机器...,137,土耳其,124,千克,0,—,6484
84249090,品目8424其他机器...,301,比利时,1949,千克,0,—,533989
84249090,品目8424其他机器...,305,法国,2089,千克,0,—,844206
84249090,品目8424其他机器...,306,爱尔兰,2,千克,0,—,44
84249090,品目8424其他机器...,307,意大利,23234,千克,0,—,1075472
84249090,品目8424其他机器...,309,荷兰,2506,千克,0,—,122726
84249090,品目8424其他机器...,312,西班牙,6136,千克,0,—,128514
84249090,品目8424其他机器...,315,奥地利,6901,千克,0,—,921204
84249090,品目8424其他机器...,316,保加利亚,0,千克,0,—,24
84249090,品目8424其他机器...,318,芬兰,347,千克,0,—,37418
84249090,品目8424其他机器...,321,匈牙利,1687,千克,0,—,105533
84249090,品目8424其他机器...,326,挪威,50,千克,0,—,15406
84249090,品目8424其他机器...,327,波兰,17764,千克,0,—,292907
84249090,品目8424其他机器...,336,立陶宛,22,千克,0,—,746
84249090,品目8424其他机器...,350,斯洛文尼亚,1519,千克,0,—,60561
84249090,品目8424其他机器...,410,巴西,290,千克,0,—,29048
84249090,品目8424其他机器...,415,哥斯达黎加,1,千克,0,—,145
84249090,品目8424其他机器...,429,墨西哥,7977,千克,0,—,376477
84249090,品目8424其他机器...,501,加拿大,1109,千克,0,—,525518
84251100,电动的滑车及提升机,301,比利时,52,台,12388,千克,294371
84251100,电动的滑车及提升机,307,意大利,22,台,4780,千克,129596
84251100,电动的滑车及提升机,312,西班牙,82,台,80630,千克,857233
84251100,电动的滑车及提升机,318,芬兰,365,台,35660,千克,686514
84251100,电动的滑车及提升机,501,加拿大,12,台,28686,千克,2269356
84251900,非电动的滑车及提升机,244,南非,1,台,155,千克,7356
84251900,非电动的滑车及提升机,305,法国,9,台,5799,千克,257677
84251900,非电动的滑车及提升机,307,意大利,6,台,50,千克,3028
84251900,非电动的滑车及提升机,309,荷兰,1,台,422,千克,7291
84251900,非电动的滑车及提升机,312,西班牙,1,台,20,千克,444
84251900,非电动的滑车及提升机,315,奥地利,4,台,264,千克,26780
84251900,非电动的滑车及提升机,321,匈牙利,42,台,84,千克,2405
84251900,非电动的滑车及提升机,327,波兰,49,台,62457,千克,1022193
84251900,非电动的滑车及提升机,501,加拿大,8,台,720,千克,251359
84253190,其他电动的卷扬机及绞...,301,比利时,2,台,26,千克,3723
84253190,其他电动的卷扬机及绞...,305,法国,24,台,43281,千克,680653
84253190,其他电动的卷扬机及绞...,307,意大利,20,台,12972,千克,289618
84253190,其他电动的卷扬机及绞...,312,西班牙,2,台,2075,千克,54846
84253190,其他电动的卷扬机及绞...,315,奥地利,13,台,1049,千克,65586
84253190,其他电动的卷扬机及绞...,327,波兰,1,台,70,千克,6711
84253190,其他电动的卷扬机及绞...,501,加拿大,2,台,21,千克,985
84253990,其他非电动卷扬机及绞...,305,法国,6,台,847,千克,65931
84253990,其他非电动卷扬机及绞...,307,意大利,22,台,1291,千克,43967
84253990,其他非电动卷扬机及绞...,309,荷兰,16,台,192,千克,14219
84253990,其他非电动卷扬机及绞...,315,奥地利,2,台,142,千克,2296
84253990,其他非电动卷扬机及绞...,326,挪威,12,台,73705,千克,908000
84253990,其他非电动卷扬机及绞...,327,波兰,10,台,172,千克,3229
84253990,其他非电动卷扬机及绞...,429,墨西哥,1,台,3,千克,64
84253990,其他非电动卷扬机及绞...,501,加拿大,2,台,2,千克,238
84254210,其他液压千斤顶,127,巴基斯坦,2,台,71,千克,290
84254210,其他液压千斤顶,305,法国,15,台,702,千克,57761
84254210,其他液压千斤顶,307,意大利,8,台,884,千克,16204
84254210,其他液压千斤顶,309,荷兰,10,台,245,千克,63724
84254210,其他液压千斤顶,312,西班牙,4,台,146,千克,10049
84254210,其他液压千斤顶,321,匈牙利,1,台,1,千克,115
84254210,其他液压千斤顶,326,挪威,2,台,60,千克,739
84254290,提升车辆用的液压提升...,307,意大利,13,台,28380,千克,140298
84254910,未列名千斤顶,137,土耳其,7,台,106,千克,1688
84254910,未列名千斤顶,305,法国,2,台,8,千克,1131
84254910,未列名千斤顶,307,意大利,50,台,1287,千克,77107
84254910,未列名千斤顶,312,西班牙,3360,台,6657,千克,56612
84254910,未列名千斤顶,315,奥地利,239,台,3899,千克,128147
84254910,未列名千斤顶,318,芬兰,1,台,18,千克,847
84254910,未列名千斤顶,321,匈牙利,15,台,375,千克,5346
84254910,未列名千斤顶,350,斯洛文尼亚,14,台,283,千克,13415
84254910,未列名千斤顶,501,加拿大,858,台,2584,千克,46447
84254990,其他提升车辆用的提升...,307,意大利,9,台,240,千克,9021
84254990,其他提升车辆用的提升...,309,荷兰,14,台,742,千克,16610
84261190,其他固定支架的高架移...,315,奥地利,3,台,94463,千克,907135
84261930,龙门式起重机,309,荷兰,1,台,30000,千克,226697
84263000,门座式起重机及座式旋...,350,斯洛文尼亚,9,台,11540,千克,400631
84269100,供装于公路车辆的其他...,307,意大利,31,台,39896,千克,372371
84269100,供装于公路车辆的其他...,315,奥地利,8,台,52800,千克,485897
84269100,供装于公路车辆的其他...,327,波兰,1,台,600,千克,11100
84269900,未列名起重机,305,法国,2,台,73,千克,6081
84269900,未列名起重机,307,意大利,1,台,2890,千克,70000
84269900,未列名起重机,501,加拿大,3,台,2484,千克,136975
84271090,其他电动叉车及装有升...,305,法国,73,台,158408,千克,526228
84271090,其他电动叉车及装有升...,307,意大利,26,台,83962,千克,1994605
84272090,其他机动叉车其他装有...,305,法国,4,台,44710,千克,235088
84272090,其他机动叉车其他装有...,306,爱尔兰,2,台,7150,千克,94207
84272090,其他机动叉车其他装有...,307,意大利,11,台,109422,千克,2071681
84279000,未列名叉车等装有升降...,307,意大利,3,台,8115,千克,177076
84279000,未列名叉车等装有升降...,309,荷兰,1,台,376,千克,5974
84281010,载客电梯,336,立陶宛,2,台,2987,千克,49215
84281090,其他升降机及倒卸式起...,307,意大利,3,台,2958,千克,32702
84281090,其他升降机及倒卸式起...,312,西班牙,16,台,8555,千克,165887
84281090,其他升降机及倒卸式起...,315,奥地利,6,台,10650,千克,359401
84282000,气压升降机及输送机,137,土耳其,2,台,90,千克,11520
84282000,气压升降机及输送机,307,意大利,61,台,5922,千克,327114
84282000,气压升降机及输送机,309,荷兰,3,台,3433,千克,141162
84282000,气压升降机及输送机,327,波兰,6,台,4906,千克,1133229
84283200,斗式连续运送货物的升...,318,芬兰,3,台,15198,千克,349365
84283300,带式连续运送货物的升...,305,法国,16,台,1249,千克,236414
84283300,带式连续运送货物的升...,306,爱尔兰,1,台,298,千克,21493
84283300,带式连续运送货物的升...,307,意大利,31,台,116877,千克,1869595
84283300,带式连续运送货物的升...,309,荷兰,1,台,1365,千克,36442
84283300,带式连续运送货物的升...,312,西班牙,26,台,5655,千克,560566
84283300,带式连续运送货物的升...,315,奥地利,40,台,43586,千克,761123
84283300,带式连续运送货物的升...,327,波兰,2,台,13900,千克,163451
84283300,带式连续运送货物的升...,501,加拿大,2,台,1950,千克,166109
84283910,链式连续运送货物或材...,305,法国,1,台,1300,千克,31326
84283910,链式连续运送货物或材...,307,意大利,14,台,123951,千克,1097165
84283910,链式连续运送货物或材...,309,荷兰,2,台,432,千克,17508
84283910,链式连续运送货物或材...,312,西班牙,3,台,810,千克,75088
84283910,链式连续运送货物或材...,315,奥地利,4,台,5100,千克,31138
84283920,辊式连续运送货物或材...,307,意大利,12,台,41436,千克,1094721
84283920,辊式连续运送货物或材...,312,西班牙,9,台,3205,千克,249616
84283920,辊式连续运送货物或材...,315,奥地利,1,台,4995,千克,231573
84283920,辊式连续运送货物或材...,327,波兰,2,台,3976,千克,176604
84283990,未列名连续运送货物的...,129,菲律宾,2,台,1270,千克,17438
84283990,未列名连续运送货物的...,305,法国,12,台,10868,千克,278064
84283990,未列名连续运送货物的...,307,意大利,36,台,36511,千克,1029623
84283990,未列名连续运送货物的...,309,荷兰,17,台,3060,千克,32466
84283990,未列名连续运送货物的...,312,西班牙,6,台,1635,千克,150176
84283990,未列名连续运送货物的...,315,奥地利,45,台,449,千克,54251
84283990,未列名连续运送货物的...,318,芬兰,197,台,2782,千克,114961
84283990,未列名连续运送货物的...,429,墨西哥,1,台,86,千克,1697
84289039,其他装卸机械,318,芬兰,6,台,1007,千克,32995
84289040,搬运机器人,305,法国,1,台,7,千克,2290
84289040,搬运机器人,307,意大利,6,台,43124,千克,1641314
84289040,搬运机器人,312,西班牙,2,台,11130,千克,739209
84289040,搬运机器人,315,奥地利,2,台,1680,千克,64871
84289040,搬运机器人,501,加拿大,3,台,16,千克,54162
84289090,未列名升降、搬运机械,129,菲律宾,1,台,45,千克,7423
84289090,未列名升降、搬运机械,137,土耳其,2,台,110,千克,10266
84289090,未列名升降、搬运机械,305,法国,151,台,49713,千克,789804
84289090,未列名升降、搬运机械,307,意大利,395,台,146743,千克,6009838
84289090,未列名升降、搬运机械,309,荷兰,70,台,31170,千克,2637731
84289090,未列名升降、搬运机械,312,西班牙,509,台,159653,千克,2417260
84289090,未列名升降、搬运机械,315,奥地利,1,台,21341,千克,701544
84289090,未列名升降、搬运机械,318,芬兰,564,台,405126,千克,3752280
84289090,未列名升降、搬运机械,321,匈牙利,115,台,198,千克,14157
84289090,未列名升降、搬运机械,327,波兰,4,台,53083,千克,936608
84289090,未列名升降、搬运机械,350,斯洛文尼亚,4,台,320,千克,30696
84289090,未列名升降、搬运机械,410,巴西,2,台,140,千克,2704
84289090,未列名升降、搬运机械,429,墨西哥,3,台,51,千克,34935
84289090,未列名升降、搬运机械,501,加拿大,19,台,3123,千克,196825
84293090,其他铲运机,318,芬兰,2,台,52320,千克,1071330
84295100,前铲装载机,318,芬兰,2,台,66610,千克,1424784
84295212,上部360度旋转的履...,301,比利时,9,台,477030,千克,1092886
84295212,上部360度旋转的履...,307,意大利,20,台,27800,千克,360677
84295212,上部360度旋转的履...,309,荷兰,4,台,193400,千克,307509
84302000,扫雪机及吹雪机,429,墨西哥,2,台,112,千克,1143
84303130,自推进的隧道掘进机,315,奥地利,1,台,111780,千克,3479588
84303900,非自推进的采（截）煤...,305,法国,17,台,2028,千克,437035
84303900,非自推进的采（截）煤...,318,芬兰,12,台,2032,千克,211567
84303900,非自推进的采（截）煤...,429,墨西哥,3,台,534,千克,90334
84304129,其他自推进的钻机，钻...,307,意大利,4,台,66950,千克,2700520
84306100,非自推进的捣固或压实...,307,意大利,2,台,4870,千克,171187
84306100,非自推进的捣固或压实...,410,巴西,1,台,98,千克,1761
84311000,品目8425所列机械...,137,土耳其,330,千克,0,—,7132
84311000,品目8425所列机械...,244,南非,3600,千克,0,—,2005
84311000,品目8425所列机械...,301,比利时,5025,千克,0,—,55864
84311000,品目8425所列机械...,305,法国,15090,千克,0,—,59779
84311000,品目8425所列机械...,307,意大利,23219,千克,0,—,140619
84311000,品目8425所列机械...,309,荷兰,990,千克,0,—,64012
84311000,品目8425所列机械...,312,西班牙,12,千克,0,—,152
84311000,品目8425所列机械...,318,芬兰,54,千克,0,—,9406
84311000,品目8425所列机械...,321,匈牙利,4,千克,0,—,210
84311000,品目8425所列机械...,326,挪威,143,千克,0,—,15905
84311000,品目8425所列机械...,327,波兰,83,千克,0,—,9736
84311000,品目8425所列机械...,429,墨西哥,1,千克,0,—,36
84311000,品目8425所列机械...,501,加拿大,29,千克,0,—,2078
84312010,品目84.27所列机...,305,法国,3400,千克,2,个,80252
84312010,品目84.27所列机...,307,意大利,179905,千克,375,个,1288593
84312090,品目8427所列机械...,137,土耳其,3639,千克,0,—,76383
84312090,品目8427所列机械...,301,比利时,1562,千克,0,—,12528
84312090,品目8427所列机械...,305,法国,11568,千克,0,—,264427
84312090,品目8427所列机械...,306,爱尔兰,3879,千克,0,—,45656
84312090,品目8427所列机械...,307,意大利,129285,千克,0,—,2126425
84312090,品目8427所列机械...,309,荷兰,5076,千克,0,—,66399
84312090,品目8427所列机械...,312,西班牙,757,千克,0,—,7925
84312090,品目8427所列机械...,315,奥地利,178,千克,0,—,9130
84312090,品目8427所列机械...,318,芬兰,110,千克,0,—,2823
84312090,品目8427所列机械...,321,匈牙利,189,千克,0,—,12096
84312090,品目8427所列机械...,327,波兰,23970,千克,0,—,109871
84312090,品目8427所列机械...,350,斯洛文尼亚,21,千克,0,—,521
84312090,品目8427所列机械...,429,墨西哥,49,千克,0,—,1618
84312090,品目8427所列机械...,501,加拿大,249,千克,0,—,4029
84313100,升降机、倒卸式起重机...,137,土耳其,793,千克,0,—,12919
84313100,升降机、倒卸式起重机...,301,比利时,4170,千克,0,—,29564
84313100,升降机、倒卸式起重机...,305,法国,331,千克,0,—,21963
84313100,升降机、倒卸式起重机...,307,意大利,14111,千克,0,—,242564
84313100,升降机、倒卸式起重机...,309,荷兰,425,千克,0,—,12436
84313100,升降机、倒卸式起重机...,312,西班牙,12777,千克,0,—,182536
84313100,升降机、倒卸式起重机...,315,奥地利,131710,千克,0,—,1705628
84313100,升降机、倒卸式起重机...,318,芬兰,9012,千克,0,—,152483
84313100,升降机、倒卸式起重机...,321,匈牙利,6678,千克,0,—,60297
84313100,升降机、倒卸式起重机...,326,挪威,45,千克,0,—,5045
84313100,升降机、倒卸式起重机...,327,波兰,40441,千克,0,—,635618
84313100,升降机、倒卸式起重机...,410,巴西,1,千克,0,—,6115
84313100,升降机、倒卸式起重机...,429,墨西哥,28,千克,0,—,5040
84313100,升降机、倒卸式起重机...,501,加拿大,5494,千克,0,—,44813
84313900,其他8428所列机械...,137,土耳其,115367,千克,0,—,404178
84313900,其他8428所列机械...,244,南非,15143,千克,0,—,121604
84313900,其他8428所列机械...,301,比利时,48,千克,0,—,31102
84313900,其他8428所列机械...,305,法国,4370,千克,0,—,101346
84313900,其他8428所列机械...,306,爱尔兰,1,千克,0,—,3
84313900,其他8428所列机械...,307,意大利,72426,千克,0,—,1288919
84313900,其他8428所列机械...,309,荷兰,136145,千克,0,—,1663125
84313900,其他8428所列机械...,310,希腊,1461,千克,0,—,30894
84313900,其他8428所列机械...,312,西班牙,342,千克,0,—,16606
84313900,其他8428所列机械...,315,奥地利,40994,千克,0,—,422691
84313900,其他8428所列机械...,316,保加利亚,23,千克,0,—,882
84313900,其他8428所列机械...,318,芬兰,3317,千克,0,—,169255
84313900,其他8428所列机械...,321,匈牙利,1824,千克,0,—,65407
84313900,其他8428所列机械...,326,挪威,16,千克,0,—,6721
84313900,其他8428所列机械...,327,波兰,291,千克,0,—,4539
84313900,其他8428所列机械...,350,斯洛文尼亚,1,千克,0,—,524
84313900,其他8428所列机械...,429,墨西哥,40,千克,0,—,5794
84313900,其他8428所列机械...,501,加拿大,2035,千克,0,—,49414
84314100,戽斗、铲斗、抓斗及夹...,137,土耳其,75400,千克,8,个,328000
84314100,戽斗、铲斗、抓斗及夹...,305,法国,3027,千克,6,个,13900
84314100,戽斗、铲斗、抓斗及夹...,309,荷兰,24455,千克,2,个,270574
84314100,戽斗、铲斗、抓斗及夹...,318,芬兰,10680,千克,4,个,161948
84314100,戽斗、铲斗、抓斗及夹...,429,墨西哥,233,千克,1,个,917
84314200,推土机或侧铲推土机用...,429,墨西哥,1875,千克,1,个,15161
84314310,石油或天然气钻机的零...,138,阿联酋,81,千克,0,—,4921
84314310,石油或天然气钻机的零...,305,法国,2,千克,0,—,2104
84314310,石油或天然气钻机的零...,309,荷兰,50,千克,0,—,17831
84314310,石油或天然气钻机的零...,326,挪威,25,千克,0,—,14132
84314310,石油或天然气钻机的零...,327,波兰,97,千克,0,—,69104
84314310,石油或天然气钻机的零...,410,巴西,950,千克,0,—,13671
84314310,石油或天然气钻机的零...,429,墨西哥,63,千克,0,—,4506
84314310,石油或天然气钻机的零...,501,加拿大,47643,千克,0,—,872623
84314320,其他钻探机械的零件,305,法国,7252,千克,0,—,394536
84314320,其他钻探机械的零件,307,意大利,180,千克,0,—,18436
84314320,其他钻探机械的零件,501,加拿大,23395,千克,0,—,184661
84314390,凿井机械的零件,305,法国,97,千克,0,—,16158
84314390,凿井机械的零件,318,芬兰,2,千克,0,—,1646
84314390,凿井机械的零件,429,墨西哥,145,千克,0,—,5592
84314920,品目84.26、84...,137,土耳其,1108,千克,12,个,5099
84314920,品目84.26、84...,305,法国,320,千克,4,个,2181
84314920,品目84.26、84...,307,意大利,298874,千克,30138,个,2602906
84314920,品目84.26、84...,309,荷兰,1518,千克,23,个,7162
84314920,品目84.26、84...,312,西班牙,24,千克,8,个,823
84314920,品目84.26、84...,315,奥地利,116,千克,65,个,4904
84314920,品目84.26、84...,321,匈牙利,1429,千克,10,个,11645
84314920,品目84.26、84...,429,墨西哥,5640,千克,6,个,40546
84314991,矿用电铲用零件,305,法国,861,千克,0,—,69000
84314991,矿用电铲用零件,318,芬兰,0,千克,0,—,148
84314999,品目8426、842...,129,菲律宾,1342,千克,0,—,15424
84314999,品目8426、842...,137,土耳其,26314,千克,0,—,184096
84314999,品目8426、842...,239,圣多美和普林西比,706,千克,0,—,2791
84314999,品目8426、842...,244,南非,1166,千克,0,—,70237
84314999,品目8426、842...,301,比利时,69538,千克,0,—,331602
84314999,品目8426、842...,305,法国,54711,千克,0,—,1785201
84314999,品目8426、842...,307,意大利,605976,千克,0,—,5309208
84314999,品目8426、842...,309,荷兰,25935,千克,0,—,197250
84314999,品目8426、842...,312,西班牙,53700,千克,0,—,276917
84314999,品目8426、842...,313,阿尔巴尼亚,1173,千克,0,—,7387
84314999,品目8426、842...,315,奥地利,12023,千克,0,—,885440
84314999,品目8426、842...,316,保加利亚,82,千克,0,—,3073
84314999,品目8426、842...,318,芬兰,52917,千克,0,—,1527907
84314999,品目8426、842...,321,匈牙利,11000,千克,0,—,69356
84314999,品目8426、842...,326,挪威,5294,千克,0,—,965864
84314999,品目8426、842...,327,波兰,16427,千克,0,—,291769
84314999,品目8426、842...,336,立陶宛,10,千克,0,—,452
84314999,品目8426、842...,350,斯洛文尼亚,410,千克,0,—,15402
84314999,品目8426、842...,410,巴西,10656,千克,0,—,119291
84314999,品目8426、842...,429,墨西哥,20160,千克,0,—,907004
84314999,品目8426、842...,501,加拿大,9478,千克,0,—,303663
84314999,品目8426、842...,699,大洋洲其他国家(地区),26,千克,0,—,269
84322100,圆盘耙,309,荷兰,1,台,240,千克,6131
84322900,其他耙、松土机、中耕...,307,意大利,2,台,1800,千克,21579
84322900,其他耙、松土机、中耕...,309,荷兰,1,台,3000,千克,59104
84323119,其他免耕直接播种机,307,意大利,1,台,1350,千克,38592
84323139,其他免耕直接移植机（...,309,荷兰,1,台,175,千克,8430
84323911,其他谷物播种机,315,奥地利,2,台,15600,千克,165929
84324100,粪肥施肥机,315,奥地利,8,台,36602,千克,547547
84324200,化肥施肥机,305,法国,10,台,3512,千克,54950
84324200,化肥施肥机,309,荷兰,8,台,2911,千克,92626
84328090,未列名农业、园艺及林...,307,意大利,2,台,1150,千克,24440
84328090,未列名农业、园艺及林...,321,匈牙利,1,台,26,千克,260
84329000,品目8432所列机械...,137,土耳其,652,千克,0,—,2285
84329000,品目8432所列机械...,301,比利时,1,千克,0,—,14
84329000,品目8432所列机械...,305,法国,944,千克,0,—,16481
84329000,品目8432所列机械...,307,意大利,140072,千克,0,—,335683
84329000,品目8432所列机械...,309,荷兰,587,千克,0,—,14374
84329000,品目8432所列机械...,312,西班牙,22160,千克,0,—,64917
84329000,品目8432所列机械...,315,奥地利,2,千克,0,—,1448
84329000,品目8432所列机械...,327,波兰,120,千克,0,—,1127
84329000,品目8432所列机械...,410,巴西,44227,千克,0,—,85802
84329000,品目8432所列机械...,501,加拿大,48,千克,0,—,321
84331100,割刀水平旋转草坪、公...,315,奥地利,8,台,174,千克,5562
84331100,割刀水平旋转草坪、公...,501,加拿大,2,台,8,千克,150
84331900,其他草坪、公园或运动...,307,意大利,39,台,272,千克,2888
84332000,其他割草机，包括牵引...,305,法国,5,台,12059,千克,147960
84332000,其他割草机，包括牵引...,307,意大利,25,台,170,千克,3423
84332000,其他割草机，包括牵引...,315,奥地利,2,台,4400,千克,42245
84332000,其他割草机，包括牵引...,327,波兰,3,台,8940,千克,65041
84333000,其他干草切割、翻晒机...,305,法国,2,台,4920,千克,39041
84333000,其他干草切割、翻晒机...,307,意大利,2,台,2810,千克,30109
84333000,其他干草切割、翻晒机...,318,芬兰,2,台,7049,千克,69953
84333000,其他干草切割、翻晒机...,327,波兰,8,台,7560,千克,67577
84334000,草料打包机，包括收集...,301,比利时,1,台,9137,千克,77543
84334000,草料打包机，包括收集...,305,法国,8,台,70174,千克,756566
84334000,草料打包机，包括收集...,306,爱尔兰,6,台,19660,千克,199585
84334000,草料打包机，包括收集...,307,意大利,12,台,31765,千克,320376
84334000,草料打包机，包括收集...,315,奥地利,2,台,6800,千克,47814
84334000,草料打包机，包括收集...,321,匈牙利,5,台,18865,千克,184039
84334000,草料打包机，包括收集...,326,挪威,11,台,104023,千克,2436288
84335100,联合收割机,327,波兰,6,台,77226,千克,604352
84335100,联合收割机,410,巴西,1,台,13224,千克,112917
84335990,未列名收割机,137,土耳其,1,台,720,千克,7000
84335990,未列名收割机,301,比利时,3,台,53970,千克,728393
84335990,未列名收割机,307,意大利,18,台,230523,千克,3780675
84336010,蛋类清洁、分选、分级...,305,法国,1,台,700,千克,213900
84336010,蛋类清洁、分选、分级...,309,荷兰,3,台,27043,千克,1393557
84336090,水果或其他农产品的清...,307,意大利,18,台,1510,千克,418147
84339010,联合收割机的零件,301,比利时,4736,千克,0,—,18902
84339010,联合收割机的零件,305,法国,1238,千克,0,—,12136
84339010,联合收割机的零件,307,意大利,1739,千克,0,—,17594
84339010,联合收割机的零件,312,西班牙,68,千克,0,—,3213
84339010,联合收割机的零件,315,奥地利,236,千克,0,—,2899
84339010,联合收割机的零件,321,匈牙利,6240,千克,0,—,72905
84339010,联合收割机的零件,327,波兰,1443,千克,0,—,25746
84339010,联合收割机的零件,410,巴西,18109,千克,0,—,97397
84339010,联合收割机的零件,429,墨西哥,0,千克,0,—,140
84339010,联合收割机的零件,501,加拿大,751,千克,0,—,27737
84339090,其他品目8433所列...,129,菲律宾,68,千克,0,—,5569
84339090,其他品目8433所列...,137,土耳其,91,千克,0,—,1869
84339090,其他品目8433所列...,301,比利时,4552,千克,0,—,59913
84339090,其他品目8433所列...,305,法国,3670,千克,0,—,94694
84339090,其他品目8433所列...,307,意大利,37627,千克,0,—,475674
84339090,其他品目8433所列...,309,荷兰,683,千克,0,—,20638
84339090,其他品目8433所列...,312,西班牙,325,千克,0,—,8195
84339090,其他品目8433所列...,315,奥地利,384,千克,0,—,14230
84339090,其他品目8433所列...,318,芬兰,203,千克,0,—,6480
84339090,其他品目8433所列...,321,匈牙利,680,千克,0,—,17370
84339090,其他品目8433所列...,326,挪威,80,千克,0,—,798
84339090,其他品目8433所列...,327,波兰,346,千克,0,—,4575
84339090,其他品目8433所列...,410,巴西,300,千克,0,—,2878
84339090,其他品目8433所列...,429,墨西哥,31,千克,0,—,2203
84339090,其他品目8433所列...,501,加拿大,52,千克,0,—,2395
84342000,乳品加工机器,307,意大利,1,台,350,千克,66471
84349000,挤奶机及乳品加工机器...,305,法国,12,千克,0,—,1721
84349000,挤奶机及乳品加工机器...,307,意大利,931,千克,0,—,167145
84349000,挤奶机及乳品加工机器...,309,荷兰,75353,千克,0,—,773696
84349000,挤奶机及乳品加工机器...,327,波兰,2384,千克,0,—,205321
84351000,制酒、制果汁或制饮料...,305,法国,10,台,160,千克,8137
84351000,制酒、制果汁或制饮料...,307,意大利,2,台,80,千克,2026
84351000,制酒、制果汁或制饮料...,312,西班牙,10,台,3887,千克,294701
84359000,84351000所列...,305,法国,0,千克,0,—,6
84359000,84351000所列...,307,意大利,1,千克,0,—,51
84359000,84351000所列...,312,西班牙,41,千克,0,—,14751
84361000,动物饲料配制机,309,荷兰,4,台,31940,千克,111776
84361000,动物饲料配制机,501,加拿大,10,台,83150,千克,506402
84362900,家禽饲养机器,137,土耳其,2,台,184260,千克,347938
84362900,家禽饲养机器,301,比利时,2,台,56366,千克,361939
84368000,其他农、林业机器,305,法国,1,台,578,千克,26205
84368000,其他农、林业机器,307,意大利,3,台,4998,千克,127354
84368000,其他农、林业机器,309,荷兰,174,台,80194,千克,1250169
84368000,其他农、林业机器,310,希腊,2,台,520,千克,17980
84368000,其他农、林业机器,315,奥地利,3,台,5568,千克,421309
84368000,其他农、林业机器,318,芬兰,2,台,48400,千克,1128604
84368000,其他农、林业机器,321,匈牙利,5,台,5700,千克,90948
84368000,其他农、林业机器,327,波兰,4,台,750,千克,15081
84369100,家禽饲养、孵卵及育雏...,301,比利时,18800,千克,0,—,82783
84369100,家禽饲养、孵卵及育雏...,307,意大利,8948,千克,0,—,118630
84369100,家禽饲养、孵卵及育雏...,309,荷兰,272,千克,0,—,13606
84369100,家禽饲养、孵卵及育雏...,501,加拿大,164,千克,0,—,20413
84369900,品目8436所列其他...,305,法国,6230,千克,0,—,50065
84369900,品目8436所列其他...,307,意大利,4046,千克,0,—,33315
84369900,品目8436所列其他...,309,荷兰,1,千克,0,—,914
84369900,品目8436所列其他...,318,芬兰,7581,千克,0,—,367680
84369900,品目8436所列其他...,321,匈牙利,440,千克,0,—,10904
84369900,品目8436所列其他...,326,挪威,1,千克,0,—,683
84369900,品目8436所列其他...,410,巴西,3,千克,0,—,2920
84369900,品目8436所列其他...,501,加拿大,1546,千克,0,—,82069
84378000,谷物磨粉业加工机器或...,305,法国,1,台,88,千克,4345
84379000,品目8437所列机械...,137,土耳其,96200,千克,0,—,169231
84379000,品目8437所列机械...,309,荷兰,111,千克,0,—,6904
84379000,品目8437所列机械...,315,奥地利,10,千克,0,—,293
84379000,品目8437所列机械...,327,波兰,1397,千克,0,—,8520
84381000,糕点加工及生产通心粉...,301,比利时,5,台,892,千克,16027
84381000,糕点加工及生产通心粉...,305,法国,5,台,3140,千克,81316
84381000,糕点加工及生产通心粉...,307,意大利,21,台,22097,千克,1400557
84381000,糕点加工及生产通心粉...,309,荷兰,9,台,44318,千克,3357371
84381000,糕点加工及生产通心粉...,312,西班牙,6,台,1515,千克,15688
84381000,糕点加工及生产通心粉...,315,奥地利,3,台,7890,千克,662092
84382000,生产糖果、可可粉、巧...,301,比利时,2,台,93,千克,1932
84382000,生产糖果、可可粉、巧...,307,意大利,7,台,1077,千克,70221
84385000,肉类或家禽加工机器,305,法国,1,台,24,千克,893
84385000,肉类或家禽加工机器,307,意大利,18,台,8262,千克,555182
84385000,肉类或家禽加工机器,309,荷兰,10,台,124096,千克,5863111
84385000,肉类或家禽加工机器,312,西班牙,13,台,52214,千克,1659434
84385000,肉类或家禽加工机器,315,奥地利,2,台,20540,千克,1256584
84385000,肉类或家禽加工机器,318,芬兰,9,台,1611,千克,60504
84385000,肉类或家禽加工机器,501,加拿大,1,台,2780,千克,238189
84386000,水果、坚果或蔬菜加工...,301,比利时,1,台,545,千克,46019
84386000,水果、坚果或蔬菜加工...,305,法国,208,台,1585,千克,114657
84386000,水果、坚果或蔬菜加工...,307,意大利,21,台,14004,千克,922912
84386000,水果、坚果或蔬菜加工...,309,荷兰,2,台,6,千克,121
84386000,水果、坚果或蔬菜加工...,318,芬兰,1,台,18,千克,500
84388000,其他食品、饮料工业用...,137,土耳其,3,台,1680,千克,202593
84388000,其他食品、饮料工业用...,305,法国,21,台,1770,千克,49137
84388000,其他食品、饮料工业用...,307,意大利,4471,台,62899,千克,3226626
84388000,其他食品、饮料工业用...,309,荷兰,130,台,1232,千克,177215
84388000,其他食品、饮料工业用...,318,芬兰,1,台,205,千克,3000
84388000,其他食品、饮料工业用...,327,波兰,1,台,360,千克,25296
84389000,品目8438所列机械...,129,菲律宾,1,千克,0,—,299
84389000,品目8438所列机械...,137,土耳其,4300,千克,0,—,57800
84389000,品目8438所列机械...,301,比利时,18,千克,0,—,3032
84389000,品目8438所列机械...,305,法国,400,千克,0,—,40622
84389000,品目8438所列机械...,307,意大利,4610,千克,0,—,347925
84389000,品目8438所列机械...,309,荷兰,6189,千克,0,—,290054
84389000,品目8438所列机械...,312,西班牙,38,千克,0,—,15439
84389000,品目8438所列机械...,315,奥地利,84,千克,0,—,20254
84389000,品目8438所列机械...,318,芬兰,1,千克,0,—,130
84389000,品目8438所列机械...,321,匈牙利,1,千克,0,—,241
84389000,品目8438所列机械...,327,波兰,115,千克,0,—,16605
84389000,品目8438所列机械...,410,巴西,2277,千克,0,—,73917
84389000,品目8438所列机械...,501,加拿大,1,千克,0,—,140
84389000,品目8438所列机械...,699,大洋洲其他国家(地区),0,千克,0,—,47
84391000,制造纤维素纸浆的机器,315,奥地利,1,台,21404,千克,731283
84393000,纸或纸板的整理机器,318,芬兰,1,台,81074,千克,1073211
84399100,制造纤维素纸浆机器的...,305,法国,151,千克,0,—,29635
84399100,制造纤维素纸浆机器的...,315,奥地利,5395,千克,0,—,185023
84399100,制造纤维素纸浆机器的...,318,芬兰,53259,千克,0,—,1233396
84399100,制造纤维素纸浆机器的...,350,斯洛文尼亚,15,千克,0,—,765
84399100,制造纤维素纸浆机器的...,410,巴西,488,千克,0,—,15195
84399100,制造纤维素纸浆机器的...,501,加拿大,1108,千克,0,—,59284
84399900,制造或整理纸及纸板机...,305,法国,162,千克,0,—,40714
84399900,制造或整理纸及纸板机...,307,意大利,2646,千克,0,—,177102
84399900,制造或整理纸及纸板机...,312,西班牙,231,千克,0,—,18504
84399900,制造或整理纸及纸板机...,315,奥地利,4834,千克,0,—,497155
84399900,制造或整理纸及纸板机...,318,芬兰,614133,千克,0,—,11443163
84399900,制造或整理纸及纸板机...,326,挪威,21019,千克,0,—,514815
84399900,制造或整理纸及纸板机...,327,波兰,35236,千克,0,—,746733
84399900,制造或整理纸及纸板机...,501,加拿大,39,千克,0,—,7502
84401010,锁线装订机,307,意大利,6,台,23110,千克,838422
84401020,胶订机,301,比利时,3,台,2494,千克,153677
84401090,其他书本装订机器,301,比利时,7,台,3015,千克,95860
84409000,书本装订机器的零件,301,比利时,13,千克,0,—,385
84409000,书本装订机器的零件,307,意大利,13,千克,0,—,7382
84411000,切纸机,129,菲律宾,23,台,1,千克,269
84411000,切纸机,307,意大利,5,台,5552,千克,190237
84411000,切纸机,312,西班牙,6,台,417089,千克,8240042
84411000,切纸机,315,奥地利,1,台,362,千克,132000
84411000,切纸机,318,芬兰,1,台,44000,千克,1178467
84414000,纸浆、纸或纸板制品模...,312,西班牙,3,台,5000,千克,109572
84418010,纸塑铝复合软包装生产...,307,意大利,3,台,420,千克,32559
84418090,其他制造纸浆制品、纸...,307,意大利,1,台,3500,千克,316889
84419010,切纸机零件,305,法国,42,千克,0,—,820
84419010,切纸机零件,307,意大利,32552,千克,0,—,435635
84419010,切纸机零件,312,西班牙,122,千克,0,—,24857
84419010,切纸机零件,315,奥地利,76,千克,0,—,13017
84419010,切纸机零件,318,芬兰,156,千克,0,—,13897
84419010,切纸机零件,336,立陶宛,1,千克,0,—,185
84419090,其他制造（纸浆、纸或...,244,南非,100,千克,0,—,4940
84419090,其他制造（纸浆、纸或...,305,法国,47,千克,0,—,20940
84419090,其他制造（纸浆、纸或...,307,意大利,62170,千克,0,—,945891
84419090,其他制造（纸浆、纸或...,309,荷兰,14,千克,0,—,6767
84419090,其他制造（纸浆、纸或...,312,西班牙,6963,千克,0,—,313848
84419090,其他制造（纸浆、纸或...,316,保加利亚,0,千克,0,—,22
84419090,其他制造（纸浆、纸或...,318,芬兰,5,千克,0,—,4091
84419090,其他制造（纸浆、纸或...,321,匈牙利,9,千克,0,—,1542
84419090,其他制造（纸浆、纸或...,327,波兰,2,千克,0,—,101
84419090,其他制造（纸浆、纸或...,336,立陶宛,2,千克,0,—,72
84423021,计算机直接制版设备,315,奥地利,2,台,1384,千克,293390
84423021,计算机直接制版设备,429,墨西哥,3,台,20378,千克,158565
84423021,计算机直接制版设备,501,加拿大,10,台,19145,千克,190887
84424000,子目8442.30所...,307,意大利,12,千克,0,—,3013
84424000,子目8442.30所...,316,保加利亚,0,千克,0,—,31
84424000,子目8442.30所...,321,匈牙利,0,千克,0,—,255
84424000,子目8442.30所...,501,加拿大,154,千克,0,—,15681
84425000,印刷用版（片）、滚筒...,305,法国,12,千克,0,—,2254
84425000,印刷用版（片）、滚筒...,307,意大利,541,千克,0,—,27480
84425000,印刷用版（片）、滚筒...,429,墨西哥,44,千克,0,—,1755
84425000,印刷用版（片）、滚筒...,501,加拿大,18,千克,0,—,1577
84431100,卷取进料式胶印机,305,法国,2,台,209401,千克,586200
84431100,卷取进料式胶印机,312,西班牙,1,台,28,千克,7298
84431600,苯胺印刷机,307,意大利,1,台,10550,千克,481428
84431929,其他网式印刷机,350,斯洛文尼亚,1,台,7400,千克,378634
84431980,未列名印刷机,307,意大利,2,台,6070,千克,124948
84433110,有打复印及传真两种及...,129,菲律宾,1251,台,26538,千克,373503
84433110,有打复印及传真两种及...,309,荷兰,26,台,12362,千克,52954
84433110,有打复印及传真两种及...,429,墨西哥,3,台,449,千克,314
84433190,其他具有打复印及传真...,129,菲律宾,83116,台,533056,千克,8540899
84433190,其他具有打复印及传真...,309,荷兰,9,台,55,千克,512
84433212,专用于品目8471所...,129,菲律宾,7236,台,71792,千克,1288873
84433212,专用于品目8471所...,305,法国,1,台,800,千克,38444
84433212,专用于品目8471所...,310,希腊,2,台,12,千克,340
84433212,专用于品目8471所...,326,挪威,1,台,5,千克,200
84433213,专用于品目8471所...,129,菲律宾,9710,台,36844,千克,664986
84433213,专用于品目8471所...,305,法国,8,台,108,千克,100769
84433213,专用于品目8471所...,309,荷兰,1,台,130,千克,119345
84433213,专用于品目8471所...,310,希腊,2,台,20,千克,121
84433214,专用于品目84.71...,129,菲律宾,392,台,791,千克,94033
84433214,专用于品目84.71...,301,比利时,2,台,5,千克,904
84433214,专用于品目84.71...,305,法国,357,台,2314,千克,174360
84433214,专用于品目84.71...,316,保加利亚,180,台,30,千克,16794
84433219,其他专用于品目847...,129,菲律宾,21,台,33,千克,9332
84433219,其他专用于品目847...,305,法国,155,台,883,千克,94742
84433219,其他专用于品目847...,307,意大利,1,台,139,千克,30286
84433221,数字式喷墨印刷机，可...,305,法国,18,台,270,千克,83410
84433221,数字式喷墨印刷机，可...,307,意大利,5,台,33478,千克,2125299
84433221,数字式喷墨印刷机，可...,309,荷兰,5,台,533,千克,40559
84433221,数字式喷墨印刷机，可...,312,西班牙,2,台,9428,千克,356684
84433221,数字式喷墨印刷机，可...,327,波兰,126,台,450,千克,191501
84433222,数字式静电照相印刷机...,309,荷兰,5,台,4025,千克,219716
84433229,其他数字式印刷设备，...,137,土耳其,4,台,56,千克,7631
84433229,其他数字式印刷设备，...,305,法国,115,台,612,千克,61525
84433229,其他数字式印刷设备，...,309,荷兰,2,台,10,千克,3612
84433290,其他单一功能印刷、复...,129,菲律宾,25901,台,120043,千克,2835830
84433290,其他单一功能印刷、复...,307,意大利,81,台,156,千克,54263
84433931,数字式喷墨印刷机,301,比利时,1,台,10100,千克,121222
84433931,数字式喷墨印刷机,429,墨西哥,1,台,80,千克,1717
84433939,其他数字式印刷设备,129,菲律宾,8700,台,4860,千克,177075
84433939,其他数字式印刷设备,318,芬兰,1,台,5,千克,4436
84433990,其他印刷（打印）机、...,307,意大利,5,台,30,千克,1515
84433990,其他印刷（打印）机、...,316,保加利亚,3,台,0,千克,435
84433990,其他印刷（打印）机、...,415,哥斯达黎加,1,台,3,千克,393
84439190,用8442所列印版等...,137,土耳其,0,千克,16,个,0
84439190,用8442所列印版等...,301,比利时,16,千克,14,个,11202
84439190,用8442所列印版等...,305,法国,33,千克,31,个,4115
84439190,用8442所列印版等...,307,意大利,2306,千克,197,个,226352
84439190,用8442所列印版等...,309,荷兰,1953,千克,143,个,272088
84439190,用8442所列印版等...,312,西班牙,186,千克,783,个,65148
84439190,用8442所列印版等...,315,奥地利,3,千克,33,个,5151
84439190,用8442所列印版等...,321,匈牙利,4,千克,2,个,2009
84439190,用8442所列印版等...,327,波兰,204,千克,33,个,3946
84439190,用8442所列印版等...,336,立陶宛,0,千克,7,个,304
84439190,用8442所列印版等...,410,巴西,0,千克,7,个,1
84439190,用8442所列印版等...,429,墨西哥,0,千克,18,个,45
84439921,数字印刷设备用热敏打...,305,法国,2,千克,2,个,6227
84439921,数字印刷设备用热敏打...,307,意大利,3,千克,50,个,5140
84439929,数字印刷设备的其他零...,129,菲律宾,387,千克,0,—,61127
84439929,数字印刷设备的其他零...,301,比利时,3,千克,0,—,3270
84439929,数字印刷设备的其他零...,305,法国,1570,千克,0,—,833859
84439929,数字印刷设备的其他零...,306,爱尔兰,1347,千克,0,—,167377
84439929,数字印刷设备的其他零...,307,意大利,762,千克,0,—,241530
84439929,数字印刷设备的其他零...,309,荷兰,3454,千克,0,—,379724
84439929,数字印刷设备的其他零...,312,西班牙,1442,千克,0,—,335298
84439929,数字印刷设备的其他零...,315,奥地利,35,千克,0,—,120155
84439929,数字印刷设备的其他零...,316,保加利亚,6,千克,0,—,6056
84439929,数字印刷设备的其他零...,321,匈牙利,2,千克,0,—,11968
84439929,数字印刷设备的其他零...,327,波兰,117,千克,0,—,10762
84439929,数字印刷设备的其他零...,350,斯洛文尼亚,347,千克,0,—,22066
84439929,数字印刷设备的其他零...,429,墨西哥,356,千克,0,—,28363
84439929,数字印刷设备的其他零...,501,加拿大,6,千克,0,—,447
84439990,品目8443所列设备...,129,菲律宾,333572,千克,0,—,3766469
84439990,品目8443所列设备...,138,阿联酋,132,千克,0,—,29887
84439990,品目8443所列设备...,244,南非,129,千克,0,—,29083
84439990,品目8443所列设备...,301,比利时,12388,千克,0,—,303584
84439990,品目8443所列设备...,305,法国,17095,千克,0,—,1328584
84439990,品目8443所列设备...,306,爱尔兰,8180,千克,0,—,744202
84439990,品目8443所列设备...,307,意大利,8849,千克,0,—,75401
84439990,品目8443所列设备...,309,荷兰,12808,千克,0,—,3724914
84439990,品目8443所列设备...,310,希腊,41,千克,0,—,2386
84439990,品目8443所列设备...,312,西班牙,10808,千克,0,—,352436
84439990,品目8443所列设备...,315,奥地利,12916,千克,0,—,220675
84439990,品目8443所列设备...,316,保加利亚,1023,千克,0,—,179555
84439990,品目8443所列设备...,318,芬兰,0,千克,0,—,72
84439990,品目8443所列设备...,321,匈牙利,11,千克,0,—,2386
84439990,品目8443所列设备...,327,波兰,28065,千克,0,—,140569
84439990,品目8443所列设备...,350,斯洛文尼亚,309,千克,0,—,14542
84439990,品目8443所列设备...,410,巴西,1,千克,0,—,50
84439990,品目8443所列设备...,415,哥斯达黎加,0,千克,0,—,15
84439990,品目8443所列设备...,429,墨西哥,5067,千克,0,—,152657
84439990,品目8443所列设备...,501,加拿大,1,千克,0,—,1124
84440090,其他纺织化纤挤压、拉...,307,意大利,2,台,19260,千克,444314
84451120,毛纤维型梳理机,307,意大利,6,台,215329,千克,2536045
84451190,其他梳理机,305,法国,2,台,136218,千克,4040341
84451190,其他梳理机,307,意大利,1,台,34947,千克,1194429
84451220,毛精梳机,305,法国,7,台,31335,千克,336000
84451322,毛纺粗纱机,307,意大利,2,台,74787,千克,226448
84451900,纺织纤维的其他预处理...,305,法国,3,台,40238,千克,1161849
84451900,纺织纤维的其他预处理...,307,意大利,2,台,36824,千克,318046
84452090,其他纺纱机,307,意大利,2,台,24310,千克,426582
84453000,并线机或加捻机,307,意大利,1,台,2147,千克,56636
84454010,自动络筒机,307,意大利,27,台,273808,千克,5101418
84459010,整经机,307,意大利,1,台,20375,千克,374252
84459090,未列名纺织纱线的其他...,307,意大利,1,台,2040,千克,227429
84463020,织物宽度＞30cm的...,301,比利时,141,台,610756,千克,7906906
84463020,织物宽度＞30cm的...,307,意大利,28,台,140622,千克,1606528
84463050,织物宽度＞30cm的...,301,比利时,9,台,39770,千克,950668
84471100,圆筒直径≤165mm...,307,意大利,231,台,83992,千克,5068446
84479019,其他簇绒机,501,加拿大,1,台,1150,千克,7980
84479090,未列名织造花线、网眼...,315,奥地利,1,台,1528,千克,433036
84481100,多臂机或提花机及其卡...,305,法国,107581,千克,0,—,2188149
84481900,品目8444、844...,305,法国,47405,千克,0,—,830156
84481900,品目8444、844...,307,意大利,29136,千克,0,—,377828
84482090,品目8444机器及其...,301,比利时,0,千克,0,—,1384
84482090,品目8444机器及其...,307,意大利,6,千克,0,—,6455
84482090,品目8444机器及其...,312,西班牙,21,千克,0,—,4076
84482090,品目8444机器及其...,315,奥地利,40,千克,0,—,51171
84482090,品目8444机器及其...,321,匈牙利,0,千克,0,—,268
84483100,钢丝针布,301,比利时,19922,千克,0,—,445278
84483100,钢丝针布,307,意大利,5634,千克,0,—,149778
84483100,钢丝针布,309,荷兰,9244,千克,0,—,178927
84483100,钢丝针布,410,巴西,649,千克,0,—,27758
84483200,纺织纤维预处理机器的...,305,法国,3992,千克,0,—,311724
84483200,纺织纤维预处理机器的...,307,意大利,5401,千克,0,—,286246
84483200,纺织纤维预处理机器的...,309,荷兰,48,千克,0,—,1639
84483200,纺织纤维预处理机器的...,315,奥地利,7480,千克,0,—,208582
84483200,纺织纤维预处理机器的...,327,波兰,10,千克,0,—,4357
84483310,络筒绽,307,意大利,2600,个,46483,千克,915378
84483390,其他锭子、锭壳、纺丝...,305,法国,28,千克,0,—,6276
84483920,电子清纱器,307,意大利,160,个,4,千克,415
84483920,电子清纱器,321,匈牙利,600,个,47,千克,35332
84483930,空气捻接器,307,意大利,1949,个,3615,千克,282458
84483940,环锭细纱机紧密纺装置,312,西班牙,4,个,7051,千克,169255
84483990,品目8445的机器及...,137,土耳其,268,千克,0,—,8145
84483990,品目8445的机器及...,301,比利时,0,千克,0,—,130
84483990,品目8445的机器及...,305,法国,82003,千克,0,—,1988826
84483990,品目8445的机器及...,307,意大利,34957,千克,0,—,1093362
84483990,品目8445的机器及...,309,荷兰,51,千克,0,—,2678
84483990,品目8445的机器及...,312,西班牙,224,千克,0,—,5457
84483990,品目8445的机器及...,315,奥地利,3442,千克,0,—,158815
84483990,品目8445的机器及...,316,保加利亚,0,千克,0,—,183
84483990,品目8445的机器及...,321,匈牙利,630,千克,0,—,16034
84483990,品目8445的机器及...,327,波兰,30,千克,0,—,2324
84483990,品目8445的机器及...,410,巴西,0,千克,0,—,17
84484200,织机用筘、综丝及综框,301,比利时,16,千克,0,—,2812
84484200,织机用筘、综丝及综框,305,法国,3,千克,0,—,1038
84484200,织机用筘、综丝及综框,307,意大利,385,千克,0,—,35697
84484200,织机用筘、综丝及综框,315,奥地利,1,千克,0,—,539
84484920,引纬、送经装置,307,意大利,10,个,46,千克,11105
84484920,引纬、送经装置,315,奥地利,5,个,1,千克,8402
84484930,梭子,307,意大利,72,个,10,千克,69
84484990,织机及其辅助机器的未...,301,比利时,11618,千克,0,—,492854
84484990,织机及其辅助机器的未...,305,法国,90237,千克,0,—,3283797
84484990,织机及其辅助机器的未...,306,爱尔兰,59,千克,0,—,37883
84484990,织机及其辅助机器的未...,307,意大利,10060,千克,0,—,948854
84484990,织机及其辅助机器的未...,309,荷兰,994,千克,0,—,100800
84484990,织机及其辅助机器的未...,315,奥地利,13518,千克,0,—,380613
84484990,织机及其辅助机器的未...,321,匈牙利,0,千克,0,—,60
84484990,织机及其辅助机器的未...,327,波兰,0,千克,0,—,979
84485120,针织机用28号针以下...,307,意大利,3,千克,0,—,878
84485190,沉降片、未列名织针及...,307,意大利,913,千克,0,—,206564
84485900,品目8447机器及其...,137,土耳其,147,千克,0,—,4751
84485900,品目8447机器及其...,301,比利时,31,千克,0,—,3482
84485900,品目8447机器及其...,305,法国,1,千克,0,—,2234
84485900,品目8447机器及其...,307,意大利,35189,千克,0,—,1321974
84485900,品目8447机器及其...,309,荷兰,0,千克,0,—,62
84485900,品目8447机器及其...,312,西班牙,468,千克,0,—,49364
84485900,品目8447机器及其...,315,奥地利,71,千克,0,—,17858
84485900,品目8447机器及其...,350,斯洛文尼亚,148,千克,0,—,3702
84490020,水刺设备,305,法国,1,台,56413,千克,2912946
84490090,其他毡呢或无纺织物制...,305,法国,12564,千克,0,—,865352
84490090,其他毡呢或无纺织物制...,307,意大利,46120,千克,0,—,1687895
84501120,滚筒式全自动洗衣机，...,137,土耳其,1063,台,78873,千克,305047
84501120,滚筒式全自动洗衣机，...,307,意大利,464,台,35687,千克,284656
84501120,滚筒式全自动洗衣机，...,310,希腊,4,台,300,千克,11342
84501120,滚筒式全自动洗衣机，...,318,芬兰,8,台,820,千克,22900
84501120,滚筒式全自动洗衣机，...,350,斯洛文尼亚,1059,台,79814,千克,519273
84502012,干衣量超过10千克的...,137,土耳其,96,台,7656,千克,36818
84502012,干衣量超过10千克的...,305,法国,1,台,1200,千克,23380
84502012,干衣量超过10千克的...,307,意大利,2,台,98,千克,2591
84502012,干衣量超过10千克的...,310,希腊,4,台,1400,千克,64557
84502012,干衣量超过10千克的...,312,西班牙,5,台,7655,千克,76550
84502012,干衣量超过10千克的...,318,芬兰,1,台,290,千克,4200
84502012,干衣量超过10千克的...,326,挪威,16,台,260,千克,10362
84502012,干衣量超过10千克的...,350,斯洛文尼亚,35,台,3090,千克,35312
84502012,干衣量超过10千克的...,429,墨西哥,2,台,103,千克,1758
84509010,干衣量≤10kg的洗...,137,土耳其,78013,千克,0,—,373627
84509010,干衣量≤10kg的洗...,305,法国,77,千克,0,—,284
84509010,干衣量≤10kg的洗...,307,意大利,12551,千克,0,—,302084
84509010,干衣量≤10kg的洗...,312,西班牙,116,千克,0,—,544
84509010,干衣量≤10kg的洗...,315,奥地利,15,千克,0,—,94
84509010,干衣量≤10kg的洗...,327,波兰,179,千克,0,—,2327
84509010,干衣量≤10kg的洗...,350,斯洛文尼亚,1935,千克,0,—,38448
84509010,干衣量≤10kg的洗...,429,墨西哥,506,千克,0,—,22697
84509090,干衣量＞10kg的洗...,129,菲律宾,1,千克,0,—,3792
84509090,干衣量＞10kg的洗...,137,土耳其,3334,千克,0,—,23529
84509090,干衣量＞10kg的洗...,305,法国,2,千克,0,—,273
84509090,干衣量＞10kg的洗...,307,意大利,1240,千克,0,—,30615
84509090,干衣量＞10kg的洗...,312,西班牙,4,千克,0,—,233
84509090,干衣量＞10kg的洗...,315,奥地利,1,千克,0,—,2815
84509090,干衣量＞10kg的洗...,429,墨西哥,49,千克,0,—,656
84511000,干洗机,307,意大利,19,台,20262,千克,366217
84512100,干衣量≤10kg的干...,137,土耳其,807,台,39034,千克,239090
84512100,干衣量≤10kg的干...,310,希腊,4,台,200,千克,7424
84512100,干衣量≤10kg的干...,312,西班牙,2,台,186,千克,3368
84512100,干衣量≤10kg的干...,318,芬兰,8,台,462,千克,13960
84512100,干衣量≤10kg的干...,326,挪威,2,台,127,千克,4210
84512100,干衣量≤10kg的干...,327,波兰,21973,台,1220169,千克,14830183
84512100,干衣量≤10kg的干...,350,斯洛文尼亚,511,台,28944,千克,275268
84512900,干衣量＞10kg的干...,137,土耳其,95,台,4944,千克,39423
84512900,干衣量＞10kg的干...,305,法国,1,台,39391,千克,932386
84512900,干衣量＞10kg的干...,307,意大利,2,台,2590,千克,91654
84512900,干衣量＞10kg的干...,310,希腊,3,台,885,千克,28215
84512900,干衣量＞10kg的干...,312,西班牙,1,台,279,千克,3628
84512900,干衣量＞10kg的干...,318,芬兰,1,台,195,千克,3200
84512900,干衣量＞10kg的干...,350,斯洛文尼亚,6,台,368,千克,3888
84513000,熨烫机及挤压机（包括...,301,比利时,1,台,10170,千克,111153
84513000,熨烫机及挤压机（包括...,307,意大利,28,台,8395,千克,184124
84513000,熨烫机及挤压机（包括...,318,芬兰,1,台,257,千克,8050
84514000,洗涤、漂白或染色机器,307,意大利,682,台,51929,千克,2892042
84515000,纺织物卷绕、退绕、折...,137,土耳其,1,台,2106,千克,32517
84515000,纺织物卷绕、退绕、折...,244,南非,12,台,32,千克,3519
84515000,纺织物卷绕、退绕、折...,301,比利时,1,台,2100,千克,52746
84515000,纺织物卷绕、退绕、折...,305,法国,5,台,12889,千克,332161
84515000,纺织物卷绕、退绕、折...,307,意大利,12,台,41407,千克,2056967
84515000,纺织物卷绕、退绕、折...,310,希腊,4,台,1340,千克,85491
84515000,纺织物卷绕、退绕、折...,315,奥地利,122,台,3375,千克,91275
84515000,纺织物卷绕、退绕、折...,321,匈牙利,28,台,2299,千克,200247
84518000,纱、织物等整、涂机器...,137,土耳其,1,台,27581,千克,533837
84518000,纱、织物等整、涂机器...,305,法国,2,台,3000,千克,493196
84518000,纱、织物等整、涂机器...,307,意大利,1538,台,141368,千克,2734332
84518000,纱、织物等整、涂机器...,310,希腊,4,台,520,千克,52923
84518000,纱、织物等整、涂机器...,312,西班牙,1,台,530,千克,63380
84518000,纱、织物等整、涂机器...,315,奥地利,1,台,1662,千克,455186
84518000,纱、织物等整、涂机器...,429,墨西哥,32,台,1817,千克,44388
84519000,品目8451所列机器...,301,比利时,61,千克,0,—,1518
84519000,品目8451所列机器...,305,法国,132,千克,0,—,90823
84519000,品目8451所列机器...,307,意大利,17736,千克,0,—,414654
84519000,品目8451所列机器...,309,荷兰,5375,千克,0,—,57995
84519000,品目8451所列机器...,312,西班牙,1004,千克,0,—,13131
84519000,品目8451所列机器...,315,奥地利,4,千克,0,—,768
84519000,品目8451所列机器...,316,保加利亚,0,千克,0,—,112
84519000,品目8451所列机器...,321,匈牙利,655,千克,0,—,50697
84519000,品目8451所列机器...,327,波兰,2794,千克,0,—,42769
84519000,品目8451所列机器...,350,斯洛文尼亚,49,千克,0,—,1631
84519000,品目8451所列机器...,429,墨西哥,38,千克,0,—,304
84522110,非家用型自动平缝机,309,荷兰,1,台,125,千克,21233
84522190,其他非家用型自动缝纫...,307,意大利,1,台,103,千克,8721
84522900,其他非家用型缝纫机,309,荷兰,2,台,1,千克,25
84523000,缝纫机针,307,意大利,0,千克,0,—,1096
84523000,缝纫机针,321,匈牙利,1,千克,0,—,202
84523000,缝纫机针,410,巴西,366,千克,0,—,34187
84529091,非家用型缝纫机的旋梭,307,意大利,131,千克,0,—,47752
84529099,其他非家用型缝纫机未...,307,意大利,12,千克,0,—,2099
84531000,生皮、皮革的处理、鞣...,305,法国,2,台,76,千克,14658
84531000,生皮、皮革的处理、鞣...,307,意大利,6,台,61764,千克,751045
84532000,鞋靴制作或修理机器,307,意大利,3,台,795,千克,100667
84538000,毛皮及其他皮革制品的...,305,法国,1,台,140,千克,12956
84538000,毛皮及其他皮革制品的...,307,意大利,4,台,11997,千克,572145
84539000,品目8453所列机器...,305,法国,126,千克,0,—,3900
84539000,品目8453所列机器...,307,意大利,13633,千克,0,—,401821
84539000,品目8453所列机器...,312,西班牙,34,千克,0,—,568
84539000,品目8453所列机器...,315,奥地利,18,千克,0,—,14241
84543010,冷室压铸机,350,斯洛文尼亚,1,台,1700,千克,147779
84543090,其他铸造机,307,意大利,1,台,384,千克,50000
84549021,钢坯连铸机用结晶器,307,意大利,7317,千克,0,—,271887
84549022,钢坯连铸机用振动装置,307,意大利,1920,千克,0,—,51114
84549029,其他钢坯连铸机用零件,307,意大利,4078,千克,0,—,194369
84549029,其他钢坯连铸机用零件,315,奥地利,16461,千克,0,—,1549769
84549090,其他转炉、浇包、锭模...,301,比利时,30,千克,0,—,13615
84549090,其他转炉、浇包、锭模...,305,法国,550,千克,0,—,7112
84549090,其他转炉、浇包、锭模...,307,意大利,14952,千克,0,—,174417
84549090,其他转炉、浇包、锭模...,315,奥地利,238,千克,0,—,7649
84549090,其他转炉、浇包、锭模...,316,保加利亚,93,千克,0,—,6158
84549090,其他转炉、浇包、锭模...,326,挪威,161,千克,0,—,37355
84549090,其他转炉、浇包、锭模...,327,波兰,51,千克,0,—,3192
84549090,其他转炉、浇包、锭模...,501,加拿大,3511,千克,0,—,135913
84552290,其他金属冷轧机,307,意大利,1,台,35691,千克,3152441
84553000,金属轧机用轧辊,305,法国,37,个,4896,千克,264302
84553000,金属轧机用轧辊,307,意大利,10,个,40,千克,9032
84553000,金属轧机用轧辊,315,奥地利,4,个,52210,千克,280009
84553000,金属轧机用轧辊,350,斯洛文尼亚,35,个,58590,千克,412467
84559000,其他金属轧机零件,301,比利时,40,千克,0,—,11154
84559000,其他金属轧机零件,305,法国,1904,千克,0,—,223639
84559000,其他金属轧机零件,307,意大利,12596,千克,0,—,229544
84559000,其他金属轧机零件,312,西班牙,108,千克,0,—,8822
84559000,其他金属轧机零件,315,奥地利,75,千克,0,—,106991
84559000,其他金属轧机零件,318,芬兰,26800,千克,0,—,511898
84559000,其他金属轧机零件,327,波兰,80,千克,0,—,2253
84561100,用激光处理各种材料的...,301,比利时,1,台,445,千克,106036
84561100,用激光处理各种材料的...,305,法国,8,台,45060,千克,962764
84561100,用激光处理各种材料的...,307,意大利,18,台,72662,千克,2430001
84561100,用激光处理各种材料的...,309,荷兰,1,台,32040,千克,2600284
84561100,用激光处理各种材料的...,312,西班牙,15,台,3913,千克,591349
84561100,用激光处理各种材料的...,315,奥地利,2,台,180,千克,18459
84561100,用激光处理各种材料的...,501,加拿大,3,台,12515,千克,1380326
84563010,数控的用放电处理各种...,312,西班牙,1,台,5040,千克,295000
84564010,等离子切割机,307,意大利,32,台,2498,千克,83224
84564010,等离子切割机,327,波兰,4,台,76,千克,5094
84564010,等离子切割机,429,墨西哥,1,台,38,千克,2088
84569000,用电化学法、电子束或...,501,加拿大,1,台,3200,千克,585788
84571010,立式加工中心,305,法国,1,台,84520,千克,1736000
84571010,立式加工中心,307,意大利,5,台,39300,千克,2139122
84571010,立式加工中心,327,波兰,1,台,6250,千克,152350
84571020,卧式加工中心,307,意大利,8,台,222812,千克,6595082
84571020,卧式加工中心,312,西班牙,1,台,73510,千克,1663670
84571030,龙门式加工中心,307,意大利,1,台,103513,千克,2457112
84571030,龙门式加工中心,312,西班牙,1,台,58303,千克,932386
84571030,龙门式加工中心,350,斯洛文尼亚,1,台,88,千克,42398
84571091,铣车复合加工中心,307,意大利,1,台,35500,千克,812190
84571091,铣车复合加工中心,312,西班牙,1,台,30250,千克,719095
84571091,铣车复合加工中心,315,奥地利,3,台,148441,千克,6752183
84571099,未列名加工中心,307,意大利,1,台,14060,千克,581370
84581100,数控卧式车床,129,菲律宾,4,台,12400,千克,345991
84581100,数控卧式车床,301,比利时,2,台,36508,千克,2029078
84581100,数控卧式车床,307,意大利,3,台,48390,千克,1457709
84589110,数控立式车床,327,波兰,1,台,33215,千克,938480
84589120,其他数控车床,312,西班牙,1,台,19020,千克,924592
84589900,其他车床,305,法国,1,台,214,千克,24384
84593900,其他镗铣床,307,意大利,1,台,140,千克,11681
84602319,其他数控外圆磨床，在...,307,意大利,1,台,35132,千克,337430
84602319,其他数控外圆磨床，在...,312,西班牙,2,台,63875,千克,4097556
84602919,未列名磨床，在任一坐...,307,意大利,3,台,12996,千克,40421
84604020,金属研磨机床,305,法国,1,台,80,千克,12981
84609090,未列名用磨石、磨料等...,307,意大利,5,台,10539,千克,311753
84609090,未列名用磨石、磨料等...,309,荷兰,1,台,7590,千克,199180
84614090,其他切齿机、齿轮磨床...,307,意大利,2,台,8000,千克,414394
84615000,锯床或切断机,137,土耳其,1,台,1200,千克,11354
84615000,锯床或切断机,305,法国,2,台,66,千克,28879
84615000,锯床或切断机,307,意大利,2,台,2996,千克,48171
84615000,锯床或切断机,315,奥地利,3,台,36920,千克,1191643
84619090,未列名的金属切削机床,307,意大利,1,台,20,千克,5609
84621090,其他锻造或冲压机床及...,305,法国,1,台,12,千克,752
84621090,其他锻造或冲压机床及...,307,意大利,3,台,10500,千克,90542
84621090,其他锻造或冲压机床及...,315,奥地利,1,台,311930,千克,1410904
84622190,数控弯曲、折叠或矫平...,301,比利时,2,台,12393,千克,83086
84622190,数控弯曲、折叠或矫平...,305,法国,5,台,266588,千克,7204713
84622190,数控弯曲、折叠或矫平...,307,意大利,7,台,90814,千克,2730780
84622190,数控弯曲、折叠或矫平...,315,奥地利,8,台,143745,千克,2488366
84622190,数控弯曲、折叠或矫平...,316,保加利亚,1,台,700,千克,99437
84622990,其他弯曲、折叠或矫平...,307,意大利,2,台,41,千克,7408
84623190,其他数控剪切机床,307,意大利,2,台,2286,千克,402205
84623990,未列名剪切机床,305,法国,1,台,32,千克,2141
84623990,未列名剪切机床,315,奥地利,3,台,17295,千克,153468
84624111,自动模式数控步冲压力...,307,意大利,1,台,4781,千克,167855
84624119,其他数控冲床,307,意大利,2,台,72805,千克,1582414
84624190,其他数控冲孔或开槽机...,318,芬兰,3,台,120460,千克,2070090
84624900,其他冲孔或开槽机床,307,意大利,6,台,560,千克,26150
84629190,未列名液压压力机,307,意大利,4,台,5660,千克,195270
84629190,未列名液压压力机,312,西班牙,1,台,166,千克,2131
84629190,未列名液压压力机,429,墨西哥,4,台,1800,千克,17288
84629190,未列名液压压力机,501,加拿大,1,台,7,千克,276
84629910,机械压力机,307,意大利,8,台,1444,千克,65098
84629910,机械压力机,312,西班牙,1,台,3385,千克,67969
84629990,未列名加工金属或硬质...,307,意大利,5,台,402,千克,63192
84631011,拉拔力≤300吨的冷...,316,保加利亚,1,台,5350,千克,716065
84631011,拉拔力≤300吨的冷...,318,芬兰,1,台,380,千克,82005
84632000,金属螺纹滚轧机,307,意大利,1,台,16500,千克,353453
84639000,未列名的金属非切削加...,307,意大利,2,台,14790,千克,1265566
84639000,未列名的金属非切削加...,312,西班牙,2,台,93,千克,13094
84639000,未列名的金属非切削加...,316,保加利亚,2,台,2600,千克,412276
84639000,未列名的金属非切削加...,501,加拿大,3,台,1530,千克,52712
84641090,其他石料等矿物材料及...,315,奥地利,3,台,37,千克,1674
84641090,其他石料等矿物材料及...,318,芬兰,2,台,16000,千克,340385
84642010,玻璃冷加工研磨或抛光...,305,法国,24,台,1701,千克,189577
84642010,玻璃冷加工研磨或抛光...,327,波兰,1,台,180,千克,210920
84642090,石料等矿物材料的研磨...,307,意大利,29,台,35894,千克,2614945
84649011,玻璃切割机,307,意大利,1,台,2626,千克,84162
84649019,其他玻璃冷加工机床,307,意大利,2,台,5529,千克,193789
84649090,石料等矿物材料加工的...,315,奥地利,26,台,370,千克,28008
84649090,石料等矿物材料加工的...,350,斯洛文尼亚,2,台,1220,千克,100000
84651000,不需更换工具即可进行...,307,意大利,5,台,26680,千克,857144
84659100,木材、软木、骨、硬橡...,307,意大利,1,台,260,千克,5367
84659100,木材、软木、骨、硬橡...,315,奥地利,2,台,9049,千克,274345
84659100,木材、软木、骨、硬橡...,429,墨西哥,2,台,8720,千克,47570
84659200,木材、软木等硬质材料...,307,意大利,1,台,7300,千克,98872
84659300,木材、软木等硬质材料...,305,法国,5,台,462,千克,131991
84659300,木材、软木等硬质材料...,307,意大利,9,台,98567,千克,2571924
84659400,木材、软木、骨等硬质...,137,土耳其,7,台,4215,千克,37909
84659400,木材、软木、骨等硬质...,307,意大利,1,台,7200,千克,100267
84659500,木材、软木、骨等硬质...,309,荷兰,20,台,128,千克,10892
84659900,木材、软木、骨等硬质...,307,意大利,2,台,3500,千克,782254
84659900,木材、软木、骨等硬质...,315,奥地利,7,台,12960,千克,461364
84661000,工具夹具及自启板牙切...,129,菲律宾,326,千克,0,—,23253
84661000,工具夹具及自启板牙切...,137,土耳其,1320,千克,0,—,165348
84661000,工具夹具及自启板牙切...,301,比利时,585,千克,0,—,14956
84661000,工具夹具及自启板牙切...,305,法国,5230,千克,0,—,484837
84661000,工具夹具及自启板牙切...,306,爱尔兰,2,千克,0,—,854
84661000,工具夹具及自启板牙切...,307,意大利,6639,千克,0,—,624418
84661000,工具夹具及自启板牙切...,309,荷兰,322,千克,0,—,11044
84661000,工具夹具及自启板牙切...,312,西班牙,490,千克,0,—,80533
84661000,工具夹具及自启板牙切...,315,奥地利,317,千克,0,—,52613
84661000,工具夹具及自启板牙切...,316,保加利亚,1209,千克,0,—,132742
84661000,工具夹具及自启板牙切...,318,芬兰,821,千克,0,—,62879
84661000,工具夹具及自启板牙切...,321,匈牙利,43,千克,0,—,10549
84661000,工具夹具及自启板牙切...,326,挪威,2360,千克,0,—,647654
84661000,工具夹具及自启板牙切...,327,波兰,19,千克,0,—,1294
84661000,工具夹具及自启板牙切...,350,斯洛文尼亚,11133,千克,0,—,531270
84661000,工具夹具及自启板牙切...,410,巴西,487,千克,0,—,135246
84661000,工具夹具及自启板牙切...,501,加拿大,30,千克,0,—,17596
84662000,工件夹具,129,菲律宾,186,千克,0,—,13997
84662000,工件夹具,137,土耳其,934,千克,0,—,25983
84662000,工件夹具,301,比利时,553,千克,0,—,18982
84662000,工件夹具,305,法国,99,千克,0,—,103702
84662000,工件夹具,307,意大利,6752,千克,0,—,469793
84662000,工件夹具,309,荷兰,66,千克,0,—,16283
84662000,工件夹具,312,西班牙,82,千克,0,—,409147
84662000,工件夹具,315,奥地利,1597,千克,0,—,50201
84662000,工件夹具,316,保加利亚,70,千克,0,—,12217
84662000,工件夹具,318,芬兰,123,千克,0,—,20067
84662000,工件夹具,321,匈牙利,54,千克,0,—,94140
84662000,工件夹具,326,挪威,14,千克,0,—,1003
84662000,工件夹具,327,波兰,5,千克,0,—,657
84662000,工件夹具,410,巴西,103,千克,0,—,5526
84662000,工件夹具,429,墨西哥,36,千克,0,—,4306
84662000,工件夹具,501,加拿大,14,千克,0,—,3743
84663000,分度头及其他专用于机...,137,土耳其,5,千克,0,—,216
84663000,分度头及其他专用于机...,305,法国,425,千克,0,—,116463
84663000,分度头及其他专用于机...,307,意大利,2179,千克,0,—,298752
84663000,分度头及其他专用于机...,312,西班牙,1865,千克,0,—,78859
84663000,分度头及其他专用于机...,315,奥地利,2,千克,0,—,194
84663000,分度头及其他专用于机...,318,芬兰,1950,千克,0,—,22297
84663000,分度头及其他专用于机...,327,波兰,16,千克,0,—,783
84663000,分度头及其他专用于机...,429,墨西哥,1,千克,0,—,81
84669100,品目84.64所列机...,129,菲律宾,810,千克,0,—,30780
84669100,品目84.64所列机...,305,法国,404,千克,0,—,30950
84669100,品目84.64所列机...,307,意大利,3583,千克,0,—,199154
84669100,品目84.64所列机...,309,荷兰,3,千克,0,—,5337
84669100,品目84.64所列机...,315,奥地利,59,千克,0,—,5739
84669100,品目84.64所列机...,321,匈牙利,36,千克,0,—,14686
84669100,品目84.64所列机...,327,波兰,1,千克,0,—,32
84669200,品目84.65所列机...,305,法国,21,千克,0,—,21809
84669200,品目84.65所列机...,306,爱尔兰,1,千克,0,—,504
84669200,品目84.65所列机...,307,意大利,19073,千克,0,—,1118391
84669200,品目84.65所列机...,309,荷兰,25,千克,0,—,9477
84669200,品目84.65所列机...,315,奥地利,17,千克,0,—,1402
84669200,品目84.65所列机...,316,保加利亚,20,千克,0,—,377
84669200,品目84.65所列机...,318,芬兰,120,千克,0,—,3100
84669200,品目84.65所列机...,327,波兰,101,千克,0,—,2555
84669200,品目84.65所列机...,350,斯洛文尼亚,56,千克,0,—,68879
84669200,品目84.65所列机...,501,加拿大,88,千克,0,—,6685
84669310,刀库及自动换刀装置,307,意大利,1877,千克,0,—,146330
84669310,刀库及自动换刀装置,312,西班牙,8433,千克,0,—,161940
84669310,刀库及自动换刀装置,327,波兰,3,千克,0,—,460
84669310,刀库及自动换刀装置,350,斯洛文尼亚,67,千克,0,—,6877
84669390,品目84.56至84...,129,菲律宾,21729,千克,0,—,96840
84669390,品目84.56至84...,137,土耳其,0,千克,0,—,47
84669390,品目84.56至84...,301,比利时,417,千克,0,—,175146
84669390,品目84.56至84...,305,法国,265,千克,0,—,141940
84669390,品目84.56至84...,306,爱尔兰,1,千克,0,—,141
84669390,品目84.56至84...,307,意大利,13532,千克,0,—,1637924
84669390,品目84.56至84...,309,荷兰,596,千克,0,—,62174
84669390,品目84.56至84...,310,希腊,4,千克,0,—,300
84669390,品目84.56至84...,312,西班牙,30573,千克,0,—,1131488
84669390,品目84.56至84...,315,奥地利,410,千克,0,—,158071
84669390,品目84.56至84...,316,保加利亚,5,千克,0,—,219
84669390,品目84.56至84...,321,匈牙利,146,千克,0,—,25685
84669390,品目84.56至84...,327,波兰,17,千克,0,—,10600
84669390,品目84.56至84...,350,斯洛文尼亚,13,千克,0,—,8050
84669390,品目84.56至84...,410,巴西,3,千克,0,—,36
84669390,品目84.56至84...,429,墨西哥,270,千克,0,—,26453
84669390,品目84.56至84...,501,加拿大,191,千克,0,—,92000
84669400,品目8462或846...,301,比利时,19743,千克,0,—,452587
84669400,品目8462或846...,305,法国,62,千克,0,—,16797
84669400,品目8462或846...,307,意大利,69730,千克,0,—,1038076
84669400,品目8462或846...,309,荷兰,9243,千克,0,—,287589
84669400,品目8462或846...,312,西班牙,3172,千克,0,—,184779
84669400,品目8462或846...,315,奥地利,2917,千克,0,—,72346
84669400,品目8462或846...,318,芬兰,461,千克,0,—,22502
84669400,品目8462或846...,321,匈牙利,352,千克,0,—,7319
84669400,品目8462或846...,350,斯洛文尼亚,20390,千克,0,—,162847
84669400,品目8462或846...,410,巴西,6,千克,0,—,511
84669400,品目8462或846...,429,墨西哥,6,千克,0,—,1095
84669400,品目8462或846...,501,加拿大,13567,千克,0,—,272284
84671100,旋转式（包括旋转冲击...,301,比利时,43,台,194,千克,50077
84671100,旋转式（包括旋转冲击...,305,法国,14,台,49,千克,115091
84671100,旋转式（包括旋转冲击...,306,爱尔兰,11,台,43,千克,3440
84671100,旋转式（包括旋转冲击...,307,意大利,119,台,186,千克,44945
84671100,旋转式（包括旋转冲击...,309,荷兰,14,台,131,千克,23817
84671100,旋转式（包括旋转冲击...,318,芬兰,1,台,4,千克,1812
84671100,旋转式（包括旋转冲击...,321,匈牙利,827,台,1074,千克,267963
84671100,旋转式（包括旋转冲击...,350,斯洛文尼亚,13,台,49,千克,2589
84671100,旋转式（包括旋转冲击...,501,加拿大,2,台,27,千克,4542
84671900,其他手提式风动工具,244,南非,2,台,7,千克,2589
84671900,其他手提式风动工具,305,法国,10,台,44,千克,11068
84671900,其他手提式风动工具,307,意大利,341,台,825,千克,156048
84671900,其他手提式风动工具,309,荷兰,1,台,3,千克,402
84671900,其他手提式风动工具,312,西班牙,9,台,33,千克,4011
84671900,其他手提式风动工具,321,匈牙利,40,台,44,千克,10358
84671900,其他手提式风动工具,501,加拿大,21,台,126,千克,1755
84672100,手提式各种电钻,315,奥地利,455,台,5328,千克,313911
84672210,电动手提式链锯,315,奥地利,545,台,2360,千克,127310
84672290,其他手提式电锯,321,匈牙利,111,台,498,千克,14016
84672290,其他手提式电锯,429,墨西哥,840,台,2690,千克,53911
84672910,手提电动砂磨工具（包...,307,意大利,834,台,3066,千克,183667
84672910,手提电动砂磨工具（包...,309,荷兰,2,台,4,千克,481
84672910,手提电动砂磨工具（包...,318,芬兰,19,台,76,千克,9411
84672910,手提电动砂磨工具（包...,321,匈牙利,244,台,281,千克,17888
84672910,手提电动砂磨工具（包...,429,墨西哥,6938,台,9396,千克,220266
84672920,手提式电刨,321,匈牙利,3,台,5,千克,535
84672990,其他手提式电动工具,305,法国,386,台,1060,千克,779075
84672990,其他手提式电动工具,307,意大利,73,台,540,千克,88696
84672990,其他手提式电动工具,315,奥地利,807,台,3163,千克,161418
84672990,其他手提式电动工具,318,芬兰,2,台,41,千克,7381
84672990,其他手提式电动工具,321,匈牙利,1195,台,954,千克,33873
84672990,其他手提式电动工具,429,墨西哥,843,台,835,千克,50382
84672990,其他手提式电动工具,501,加拿大,13,台,155,千克,45650
84678100,装有非电力动力装置的...,250,乌干达,2,台,15,千克,2117
84678100,装有非电力动力装置的...,307,意大利,50,台,130,千克,8543
84678100,装有非电力动力装置的...,410,巴西,1524,台,10042,千克,418221
84678900,其他液压及非电力动力...,305,法国,2,台,17,千克,1832
84678900,其他液压及非电力动力...,307,意大利,12,台,619,千克,20798
84678900,其他液压及非电力动力...,309,荷兰,1,台,20,千克,2066
84678900,其他液压及非电力动力...,312,西班牙,6,台,445,千克,6360
84678900,其他液压及非电力动力...,318,芬兰,12,台,82,千克,8048
84678900,其他液压及非电力动力...,321,匈牙利,10,台,87,千克,4748
84678900,其他液压及非电力动力...,327,波兰,50,台,300,千克,70310
84679110,电动手提式链锯用的零...,307,意大利,31,千克,0,—,1484
84679110,电动手提式链锯用的零...,350,斯洛文尼亚,1,千克,0,—,25
84679110,电动手提式链锯用的零...,501,加拿大,48,千克,0,—,91
84679190,其他手提式链锯用的零...,305,法国,75,千克,0,—,11051
84679190,其他手提式链锯用的零...,306,爱尔兰,1,千克,0,—,160
84679190,其他手提式链锯用的零...,307,意大利,1141,千克,0,—,49529
84679190,其他手提式链锯用的零...,312,西班牙,1352,千克,0,—,32031
84679190,其他手提式链锯用的零...,326,挪威,33,千克,0,—,707
84679190,其他手提式链锯用的零...,350,斯洛文尼亚,0,千克,0,—,157
84679190,其他手提式链锯用的零...,410,巴西,3063,千克,0,—,46925
84679190,其他手提式链锯用的零...,429,墨西哥,3,千克,0,—,22
84679190,其他手提式链锯用的零...,501,加拿大,333,千克,0,—,5848
84679200,手提式风动工具用的零...,244,南非,0,千克,0,—,429
84679200,手提式风动工具用的零...,301,比利时,4,千克,0,—,3213
84679200,手提式风动工具用的零...,305,法国,12,千克,0,—,6672
84679200,手提式风动工具用的零...,306,爱尔兰,0,千克,0,—,1
84679200,手提式风动工具用的零...,307,意大利,87,千克,0,—,22659
84679200,手提式风动工具用的零...,309,荷兰,0,千克,0,—,1186
84679200,手提式风动工具用的零...,312,西班牙,0,千克,0,—,106
84679200,手提式风动工具用的零...,316,保加利亚,42,千克,0,—,5084
84679200,手提式风动工具用的零...,321,匈牙利,8,千克,0,—,4869
84679200,手提式风动工具用的零...,327,波兰,13,千克,0,—,6975
84679200,手提式风动工具用的零...,350,斯洛文尼亚,1,千克,0,—,318
84679200,手提式风动工具用的零...,429,墨西哥,99,千克,0,—,14002
84679200,手提式风动工具用的零...,501,加拿大,149,千克,0,—,21322
84679910,品目8467所列其他...,137,土耳其,35,千克,0,—,466
84679910,品目8467所列其他...,301,比利时,1,千克,0,—,71
84679910,品目8467所列其他...,305,法国,79,千克,0,—,58520
84679910,品目8467所列其他...,307,意大利,2153,千克,0,—,101709
84679910,品目8467所列其他...,309,荷兰,63,千克,0,—,3329
84679910,品目8467所列其他...,312,西班牙,2,千克,0,—,292
84679910,品目8467所列其他...,315,奥地利,759,千克,0,—,41218
84679910,品目8467所列其他...,316,保加利亚,687,千克,0,—,7500
84679910,品目8467所列其他...,318,芬兰,47,千克,0,—,86539
84679910,品目8467所列其他...,321,匈牙利,346,千克,0,—,8817
84679910,品目8467所列其他...,327,波兰,3314,千克,0,—,54682
84679910,品目8467所列其他...,350,斯洛文尼亚,300,千克,0,—,11842
84679910,品目8467所列其他...,410,巴西,72,千克,0,—,1260
84679910,品目8467所列其他...,429,墨西哥,4160,千克,0,—,39416
84679910,品目8467所列其他...,501,加拿大,31,千克,0,—,12655
84679990,品目8467所列其他...,305,法国,34,千克,0,—,4134
84679990,品目8467所列其他...,307,意大利,3970,千克,0,—,41303
84679990,品目8467所列其他...,309,荷兰,0,千克,0,—,6
84679990,品目8467所列其他...,312,西班牙,9123,千克,0,—,82152
84679990,品目8467所列其他...,336,立陶宛,3,千克,0,—,133
84679990,品目8467所列其他...,410,巴西,16,千克,0,—,544
84681000,手提喷焊器,327,波兰,1,台,5,千克,1052
84682000,其他气体焊接或表面回...,312,西班牙,40,台,220,千克,6008
84682000,其他气体焊接或表面回...,315,奥地利,1,台,8,千克,723
84682000,其他气体焊接或表面回...,327,波兰,4,台,387,千克,8015
84688000,未列名焊接机器及装置,307,意大利,17,台,2398,千克,120252
84688000,未列名焊接机器及装置,315,奥地利,85,台,2364,千克,188366
84688000,未列名焊接机器及装置,429,墨西哥,1,台,252,千克,32588
84688000,未列名焊接机器及装置,501,加拿大,26500,台,608,千克,14954
84689000,品目8468所列机器...,127,巴基斯坦,12,千克,0,—,197
84689000,品目8468所列机器...,137,土耳其,1,千克,0,—,50
84689000,品目8468所列机器...,301,比利时,0,千克,0,—,61
84689000,品目8468所列机器...,305,法国,6,千克,0,—,495
84689000,品目8468所列机器...,307,意大利,52,千克,0,—,14174
84689000,品目8468所列机器...,309,荷兰,813,千克,0,—,33795
84689000,品目8468所列机器...,315,奥地利,1266,千克,0,—,373623
84689000,品目8468所列机器...,318,芬兰,23,千克,0,—,3521
84689000,品目8468所列机器...,326,挪威,407,千克,0,—,18334
84689000,品目8468所列机器...,327,波兰,1,千克,0,—,1102
84689000,品目8468所列机器...,350,斯洛文尼亚,22,千克,0,—,2662
84689000,品目8468所列机器...,415,哥斯达黎加,2,千克,0,—,3171
84689000,品目8468所列机器...,429,墨西哥,89,千克,0,—,9576
84689000,品目8468所列机器...,501,加拿大,11,千克,0,—,21590
84701000,不需外接电源的电子计...,129,菲律宾,526168,台,77659,千克,1908803
84701000,不需外接电源的电子计...,305,法国,7,台,10,千克,598
84703000,其他计算机器,501,加拿大,3,台,90,千克,300
84705010,销售点终端出纳机,305,法国,1,台,1,千克,141
84705010,销售点终端出纳机,321,匈牙利,32,台,476,千克,31043
84705090,其他现金出纳机,321,匈牙利,57,台,509,千克,127286
84713010,平板电脑,305,法国,2,台,1,千克,527
84713010,平板电脑,307,意大利,10,台,39,千克,16234
84713010,平板电脑,318,芬兰,2,台,2,千克,800
84713010,平板电脑,326,挪威,2,台,4,千克,12463
84713090,其他重量不超过10千...,305,法国,3,台,7,千克,4687
84713090,其他重量不超过10千...,306,爱尔兰,1,台,6,千克,3241
84713090,其他重量不超过10千...,307,意大利,2,台,4,千克,2437
84713090,其他重量不超过10千...,429,墨西哥,100,台,79,千克,26013
84714110,巨型、大型及中型自动...,309,荷兰,1,台,2,千克,1123
84714110,巨型、大型及中型自动...,501,加拿大,3,台,760,千克,719250
84714120,小型自动数据处理机,305,法国,2,台,19,千克,228778
84714120,小型自动数据处理机,326,挪威,1,台,6,千克,1000
84714120,小型自动数据处理机,429,墨西哥,29,台,526,千克,427511
84714140,微型自动数据处理机,129,菲律宾,5,台,5,千克,8048
84714140,微型自动数据处理机,306,爱尔兰,6,台,110,千克,186120
84714140,微型自动数据处理机,307,意大利,29,台,364,千克,85226
84714140,微型自动数据处理机,309,荷兰,5,台,103,千克,28920
84714140,微型自动数据处理机,312,西班牙,7,台,91,千克,15111
84714140,微型自动数据处理机,315,奥地利,1,台,85,千克,15625
84714140,微型自动数据处理机,318,芬兰,4,台,30,千克,5733
84714140,微型自动数据处理机,321,匈牙利,1,台,3,千克,574
84714140,微型自动数据处理机,326,挪威,1,台,38,千克,6000
84714140,微型自动数据处理机,327,波兰,37,台,168,千克,59152
84714140,微型自动数据处理机,429,墨西哥,31,台,340,千克,455789
84714190,未列名自动数据处理设...,305,法国,31,台,340,千克,102234
84714190,未列名自动数据处理设...,307,意大利,3,台,26,千克,11784
84714190,未列名自动数据处理设...,309,荷兰,2,台,4,千克,2153
84714190,未列名自动数据处理设...,327,波兰,2,台,66,千克,14115
84714190,未列名自动数据处理设...,429,墨西哥,116,台,712,千克,492541
84714190,未列名自动数据处理设...,501,加拿大,23,台,13,千克,10215
84714940,系统形式的微型机,309,荷兰,9,台,936,千克,739875
84714940,系统形式的微型机,315,奥地利,9,台,39,千克,30135
84714940,系统形式的微型机,326,挪威,2,台,160,千克,70051
84714940,系统形式的微型机,327,波兰,45,台,785,千克,169306
84714940,系统形式的微型机,429,墨西哥,12,台,214,千克,260537
84714991,系统形式的分散型工业...,305,法国,26,台,63,千克,55554
84714991,系统形式的分散型工业...,307,意大利,89,台,362,千克,73916
84714991,系统形式的分散型工业...,315,奥地利,1,台,58,千克,16247
84714991,系统形式的分散型工业...,318,芬兰,1,台,110,千克,171052
84714999,其他系统形式的自动数...,312,西班牙,3,台,1718,千克,173348
84715010,巨型机、大型机及中型...,327,波兰,1,台,14,千克,3516
84715020,小型机的处理部件,305,法国,1,台,0,千克,609
84715020,小型机的处理部件,309,荷兰,2,台,21,千克,98661
84715020,小型机的处理部件,315,奥地利,88,台,10,千克,32223
84715020,小型机的处理部件,321,匈牙利,2,台,500,千克,81774
84715020,小型机的处理部件,429,墨西哥,19,台,738,千克,386487
84715020,小型机的处理部件,501,加拿大,1,台,16,千克,25000
84715040,微型机的处理部件,301,比利时,18,台,180,千克,177144
84715040,微型机的处理部件,305,法国,46,台,671,千克,746552
84715040,微型机的处理部件,306,爱尔兰,88,台,1956,千克,687859
84715040,微型机的处理部件,307,意大利,36,台,180,千克,168635
84715040,微型机的处理部件,309,荷兰,88,台,1264,千克,535533
84715040,微型机的处理部件,310,希腊,30,台,210,千克,10277
84715040,微型机的处理部件,312,西班牙,5,台,49,千克,12676
84715040,微型机的处理部件,315,奥地利,339,台,1928,千克,953040
84715040,微型机的处理部件,316,保加利亚,1,台,0,千克,27
84715040,微型机的处理部件,318,芬兰,24,台,134,千克,64231
84715040,微型机的处理部件,321,匈牙利,1915,台,8061,千克,4242138
84715040,微型机的处理部件,326,挪威,3,台,30,千克,30204
84715040,微型机的处理部件,327,波兰,106,台,2926,千克,705414
84715040,微型机的处理部件,429,墨西哥,742,台,6591,千克,2157894
84715040,微型机的处理部件,501,加拿大,17,台,293,千克,125643
84715090,其他处理部件,305,法国,6,台,1,千克,1216
84715090,其他处理部件,306,爱尔兰,3,台,21,千克,53339
84715090,其他处理部件,307,意大利,383,台,31,千克,25783
84715090,其他处理部件,310,希腊,3,台,75,千克,4840
84715090,其他处理部件,315,奥地利,43,台,54,千克,87915
84715090,其他处理部件,318,芬兰,4,台,1,千克,44064
84715090,其他处理部件,321,匈牙利,2,台,37,千克,8852
84715090,其他处理部件,326,挪威,120,台,11,千克,5830
84715090,其他处理部件,327,波兰,28,台,130,千克,36830
84715090,其他处理部件,350,斯洛文尼亚,7,台,1,千克,583
84715090,其他处理部件,429,墨西哥,8,台,195,千克,80843
84716040,巨型机、大型机、中型...,301,比利时,7,台,10,千克,1884
84716040,巨型机、大型机、中型...,305,法国,5,台,10,千克,5599
84716050,扫描仪,129,菲律宾,12,台,1,千克,1800
84716050,扫描仪,137,土耳其,1,台,0,千克,1037
84716050,扫描仪,305,法国,4,台,5,千克,10426
84716050,扫描仪,306,爱尔兰,1,台,1,千克,925
84716050,扫描仪,307,意大利,8,台,641,千克,110329
84716050,扫描仪,309,荷兰,1,台,4,千克,904
84716050,扫描仪,429,墨西哥,123,台,64,千克,17238
84716060,数字化仪,129,菲律宾,10,台,11,千克,5943
84716060,数字化仪,307,意大利,5,台,7,千克,3096
84716060,数字化仪,309,荷兰,8,台,3,千克,4839
84716060,数字化仪,321,匈牙利,72,台,73,千克,29108
84716060,数字化仪,501,加拿大,8,台,40,千克,29045
84716071,键盘,305,法国,258,个,15,千克,9503
84716071,键盘,307,意大利,28,个,23,千克,7937
84716071,键盘,309,荷兰,25,个,70,千克,5753
84716071,键盘,315,奥地利,1,个,3,千克,563
84716071,键盘,321,匈牙利,16,个,1,千克,567
84716071,键盘,326,挪威,13,个,6,千克,8031
84716071,键盘,350,斯洛文尼亚,62,个,54,千克,12580
84716071,键盘,429,墨西哥,145,个,157,千克,22388
84716071,键盘,501,加拿大,325,个,147,千克,29428
84716072,鼠标器,301,比利时,3,个,0,千克,70
84716072,鼠标器,305,法国,1,个,1,千克,532
84716072,鼠标器,307,意大利,29,个,1,千克,7213
84716072,鼠标器,309,荷兰,13,个,60,千克,845
84716072,鼠标器,312,西班牙,8,个,1,千克,511
84716072,鼠标器,315,奥地利,1,个,1,千克,1687
84716072,鼠标器,429,墨西哥,14,个,6,千克,3039
84716090,其他输入或输出部件,129,菲律宾,50978,台,555,千克,1149851
84716090,其他输入或输出部件,301,比利时,1,台,2,千克,527
84716090,其他输入或输出部件,305,法国,11,台,8,千克,2119
84716090,其他输入或输出部件,306,爱尔兰,3,台,3,千克,1872
84716090,其他输入或输出部件,307,意大利,45,台,38,千克,11906
84716090,其他输入或输出部件,309,荷兰,19,台,52,千克,36957
84716090,其他输入或输出部件,310,希腊,1,台,22,千克,5374
84716090,其他输入或输出部件,312,西班牙,2,台,1,千克,414
84716090,其他输入或输出部件,315,奥地利,1034,台,113,千克,31705
84716090,其他输入或输出部件,318,芬兰,21,台,5,千克,16665
84716090,其他输入或输出部件,321,匈牙利,12,台,3,千克,4812
84716090,其他输入或输出部件,326,挪威,6,台,415,千克,19204
84716090,其他输入或输出部件,429,墨西哥,274,台,212,千克,81489
84716090,其他输入或输出部件,501,加拿大,5,台,5,千克,8743
84717011,固态硬盘(SSD),129,菲律宾,32275,台,3755,千克,18219043
84717011,固态硬盘(SSD),305,法国,31,台,6,千克,6117
84717011,固态硬盘(SSD),306,爱尔兰,2484,台,424,千克,2210338
84717011,固态硬盘(SSD),307,意大利,1,台,2,千克,513
84717011,固态硬盘(SSD),309,荷兰,64,台,26,千克,69419
84717011,固态硬盘(SSD),315,奥地利,17,台,0,千克,729
84717011,固态硬盘(SSD),321,匈牙利,37,台,70,千克,140950
84717011,固态硬盘(SSD),327,波兰,1440,台,13,千克,172800
84717011,固态硬盘(SSD),410,巴西,5,台,0,千克,172
84717011,固态硬盘(SSD),429,墨西哥,72745,台,1347,千克,7991079
84717011,固态硬盘(SSD),501,加拿大,10,台,1,千克,1655
84717019,硬盘驱动器（固态硬盘...,129,菲律宾,1784216,台,389312,千克,128057480
84717019,硬盘驱动器（固态硬盘...,305,法国,14,台,9,千克,2560
84717019,硬盘驱动器（固态硬盘...,306,爱尔兰,2920,台,1762,千克,529744
84717019,硬盘驱动器（固态硬盘...,309,荷兰,18,台,13,千克,15811
84717019,硬盘驱动器（固态硬盘...,315,奥地利,6,台,2,千克,1992
84717019,硬盘驱动器（固态硬盘...,318,芬兰,1,台,0,千克,60
84717019,硬盘驱动器（固态硬盘...,429,墨西哥,17,台,13,千克,3919
84717019,硬盘驱动器（固态硬盘...,501,加拿大,22,台,12,千克,4313
84717020,软盘驱动器,307,意大利,10,台,10,千克,3079
84717030,光盘驱动器,129,菲律宾,20,台,10,千克,4286
84717030,光盘驱动器,306,爱尔兰,2,台,1,千克,89
84717030,光盘驱动器,326,挪威,1,台,1,千克,122
84717090,其他存储部件,129,菲律宾,38,台,15,千克,10574
84717090,其他存储部件,305,法国,5,台,7,千克,10598
84717090,其他存储部件,306,爱尔兰,67,台,8297,千克,2635036
84717090,其他存储部件,307,意大利,1173,台,54,千克,256467
84717090,其他存储部件,309,荷兰,10,台,18,千克,1621
84717090,其他存储部件,310,希腊,3,台,18,千克,6089
84717090,其他存储部件,312,西班牙,1,台,1,千克,1154
84717090,其他存储部件,315,奥地利,5,台,1,千克,4302
84717090,其他存储部件,321,匈牙利,26,台,1254,千克,54676
84717090,其他存储部件,326,挪威,3,台,0,千克,55
84717090,其他存储部件,327,波兰,1,台,18,千克,14983
84717090,其他存储部件,336,立陶宛,7,台,17,千克,15936
84717090,其他存储部件,429,墨西哥,25158,台,13080,千克,3531777
84717090,其他存储部件,501,加拿大,58,台,254,千克,78974
84718000,自动数据处理设备的其...,129,菲律宾,124,台,19,千克,7592
84718000,自动数据处理设备的其...,137,土耳其,210,台,42,千克,15340
84718000,自动数据处理设备的其...,138,阿联酋,6,台,8,千克,7351
84718000,自动数据处理设备的其...,301,比利时,364,台,102,千克,265948
84718000,自动数据处理设备的其...,305,法国,343,台,375,千克,161493
84718000,自动数据处理设备的其...,306,爱尔兰,3430,台,328,千克,3770630
84718000,自动数据处理设备的其...,307,意大利,822,台,161,千克,155034
84718000,自动数据处理设备的其...,309,荷兰,1047,台,299,千克,288713
84718000,自动数据处理设备的其...,310,希腊,62,台,174,千克,11864
